GICDeviceID,SampleDateTime,GICMeasured
10103,4/9/2022 12:00:00 AM,-1.31
10103,4/9/2022 12:00:04 AM,-1.31
10103,4/9/2022 12:00:08 AM,-1.76
10103,4/9/2022 12:00:12 AM,-1.32
10103,4/9/2022 12:00:16 AM,-1.31
10103,4/9/2022 12:00:20 AM,-2.20
10103,4/9/2022 12:00:24 AM,-2.00
10103,4/9/2022 12:00:28 AM,-1.55
10103,4/9/2022 12:00:32 AM,-1.53
10103,4/9/2022 12:00:36 AM,-1.99
10103,4/9/2022 12:00:40 AM,-2.21
10103,4/9/2022 12:00:44 AM,-2.23
10103,4/9/2022 12:00:48 AM,-1.99
10103,4/9/2022 12:00:52 AM,-1.99
10103,4/9/2022 12:00:56 AM,-1.55
10103,4/9/2022 12:01:00 AM,-1.99
10103,4/9/2022 12:01:04 AM,-2.46
10103,4/9/2022 12:01:08 AM,-2.44
10103,4/9/2022 12:01:12 AM,-1.33
10103,4/9/2022 12:01:16 AM,-1.53
10103,4/9/2022 12:01:20 AM,-1.54
10103,4/9/2022 12:01:24 AM,-1.99
10103,4/9/2022 12:01:28 AM,-1.78
10103,4/9/2022 12:01:32 AM,-1.76
10103,4/9/2022 12:01:36 AM,-2.67
10103,4/9/2022 12:01:40 AM,-2.18
10103,4/9/2022 12:01:44 AM,-2.29
10103,4/9/2022 12:01:48 AM,-2.67
10103,4/9/2022 12:01:52 AM,-1.53
10103,4/9/2022 12:01:56 AM,-1.99
10103,4/9/2022 12:02:00 AM,-1.99
10103,4/9/2022 12:02:04 AM,-2.22
10103,4/9/2022 12:02:08 AM,-2.68
10103,4/9/2022 12:02:12 AM,-1.33
10103,4/9/2022 12:02:16 AM,-2.46
10103,4/9/2022 12:02:20 AM,-1.55
10103,4/9/2022 12:02:24 AM,-1.31
10103,4/9/2022 12:02:28 AM,-2.46
10103,4/9/2022 12:02:32 AM,-1.99
10103,4/9/2022 12:02:36 AM,-1.99
10103,4/9/2022 12:02:40 AM,-2.46
10103,4/9/2022 12:02:44 AM,-1.99
10103,4/9/2022 12:02:48 AM,-1.99
10103,4/9/2022 12:02:52 AM,-1.99
10103,4/9/2022 12:02:56 AM,-1.99
10103,4/9/2022 12:03:00 AM,-1.31
10103,4/9/2022 12:03:04 AM,-1.53
10103,4/9/2022 12:03:08 AM,-1.55
10103,4/9/2022 12:03:12 AM,-1.31
10103,4/9/2022 12:03:16 AM,-1.77
10103,4/9/2022 12:03:20 AM,-1.31
10103,4/9/2022 12:03:24 AM,-1.31
10103,4/9/2022 12:03:28 AM,-2.21
10103,4/9/2022 12:03:32 AM,-1.78
10103,4/9/2022 12:03:36 AM,-1.31
10103,4/9/2022 12:03:40 AM,-1.99
10103,4/9/2022 12:03:44 AM,-1.55
10103,4/9/2022 12:03:48 AM,-3.35
10103,4/9/2022 12:03:52 AM,-1.99
10103,4/9/2022 12:03:56 AM,-1.99
10103,4/9/2022 12:04:00 AM,-1.99
10103,4/9/2022 12:04:04 AM,-1.31
10103,4/9/2022 12:04:08 AM,-2.21
10103,4/9/2022 12:04:12 AM,-2.00
10103,4/9/2022 12:04:16 AM,-1.74
10103,4/9/2022 12:04:20 AM,-1.79
10103,4/9/2022 12:04:24 AM,-1.99
10103,4/9/2022 12:04:28 AM,-1.53
10103,4/9/2022 12:04:32 AM,-1.99
10103,4/9/2022 12:04:36 AM,-2.67
10103,4/9/2022 12:04:40 AM,-1.77
10103,4/9/2022 12:04:44 AM,-2.20
10103,4/9/2022 12:04:48 AM,-2.00
10103,4/9/2022 12:04:52 AM,-2.21
10103,4/9/2022 12:04:56 AM,-2.68
10103,4/9/2022 12:05:00 AM,-2.00
10103,4/9/2022 12:05:04 AM,-1.53
10103,4/9/2022 12:05:08 AM,-2.44
10103,4/9/2022 12:05:12 AM,-2.68
10103,4/9/2022 12:05:16 AM,-1.99
10103,4/9/2022 12:05:20 AM,-1.54
10103,4/9/2022 12:05:24 AM,-1.99
10103,4/9/2022 12:05:28 AM,-1.99
10103,4/9/2022 12:05:32 AM,-1.55
10103,4/9/2022 12:05:36 AM,-1.31
10103,4/9/2022 12:05:40 AM,-2.46
10103,4/9/2022 12:05:44 AM,-1.99
10103,4/9/2022 12:05:48 AM,-2.67
10103,4/9/2022 12:05:52 AM,-1.99
10103,4/9/2022 12:05:56 AM,-1.55
10103,4/9/2022 12:06:00 AM,-1.31
10103,4/9/2022 12:06:04 AM,-1.53
10103,4/9/2022 12:06:08 AM,-1.55
10103,4/9/2022 12:06:12 AM,-1.98
10103,4/9/2022 12:06:16 AM,-1.31
10103,4/9/2022 12:06:20 AM,-1.70
10103,4/9/2022 12:06:24 AM,-2.67
10103,4/9/2022 12:06:28 AM,-1.99
10103,4/9/2022 12:06:32 AM,-1.55
10103,4/9/2022 12:06:36 AM,-1.99
10103,4/9/2022 12:06:40 AM,-1.99
10103,4/9/2022 12:06:44 AM,-1.99
10103,4/9/2022 12:06:48 AM,-2.67
10103,4/9/2022 12:06:52 AM,-1.31
10103,4/9/2022 12:06:56 AM,-0.86
10103,4/9/2022 12:07:00 AM,-1.30
10103,4/9/2022 12:07:04 AM,-1.53
10103,4/9/2022 12:07:08 AM,-2.44
10103,4/9/2022 12:07:12 AM,-2.00
10103,4/9/2022 12:07:16 AM,-1.31
10103,4/9/2022 12:07:20 AM,-2.21
10103,4/9/2022 12:07:24 AM,-2.00
10103,4/9/2022 12:07:28 AM,-2.93
10103,4/9/2022 12:07:32 AM,-1.55
10103,4/9/2022 12:07:36 AM,-1.99
10103,4/9/2022 12:07:40 AM,-1.99
10103,4/9/2022 12:07:44 AM,-1.99
10103,4/9/2022 12:07:48 AM,-2.67
10103,4/9/2022 12:07:52 AM,-1.99
10103,4/9/2022 12:07:56 AM,-1.99
10103,4/9/2022 12:08:00 AM,-1.99
10103,4/9/2022 12:08:04 AM,-1.53
10103,4/9/2022 12:08:08 AM,-1.55
10103,4/9/2022 12:08:12 AM,-1.98
10103,4/9/2022 12:08:16 AM,-2.36
10103,4/9/2022 12:08:20 AM,-2.58
10103,4/9/2022 12:08:24 AM,-2.67
10103,4/9/2022 12:08:28 AM,-1.99
10103,4/9/2022 12:08:32 AM,-1.99
10103,4/9/2022 12:08:36 AM,-1.99
10103,4/9/2022 12:08:40 AM,-1.99
10103,4/9/2022 12:08:44 AM,-1.55
10103,4/9/2022 12:08:48 AM,-1.99
10103,4/9/2022 12:08:52 AM,-1.75
10103,4/9/2022 12:08:56 AM,-2.23
10103,4/9/2022 12:09:00 AM,-1.99
10103,4/9/2022 12:09:04 AM,-2.24
10103,4/9/2022 12:09:08 AM,-2.20
10103,4/9/2022 12:09:12 AM,-1.33
10103,4/9/2022 12:09:16 AM,-1.99
10103,4/9/2022 12:09:20 AM,-1.99
10103,4/9/2022 12:09:24 AM,-1.99
10103,4/9/2022 12:09:28 AM,-1.53
10103,4/9/2022 12:09:32 AM,-1.99
10103,4/9/2022 12:09:36 AM,-1.99
10103,4/9/2022 12:09:40 AM,-2.24
10103,4/9/2022 12:09:44 AM,-1.76
10103,4/9/2022 12:09:48 AM,-1.99
10103,4/9/2022 12:09:52 AM,-1.77
10103,4/9/2022 12:09:56 AM,-2.21
10103,4/9/2022 12:10:00 AM,-2.68
10103,4/9/2022 12:10:04 AM,-2.46
10103,4/9/2022 12:10:08 AM,-1.99
10103,4/9/2022 12:10:12 AM,-1.32
10103,4/9/2022 12:10:16 AM,-1.53
10103,4/9/2022 12:10:20 AM,-1.60
10103,4/9/2022 12:10:24 AM,-1.31
10103,4/9/2022 12:10:28 AM,-1.77
10103,4/9/2022 12:10:32 AM,-2.21
10103,4/9/2022 12:10:36 AM,-1.32
10103,4/9/2022 12:10:40 AM,-1.77
10103,4/9/2022 12:10:44 AM,-1.76
10103,4/9/2022 12:10:48 AM,-1.99
10103,4/9/2022 12:10:52 AM,-1.99
10103,4/9/2022 12:10:56 AM,-1.99
10103,4/9/2022 12:11:00 AM,-1.99
10103,4/9/2022 12:11:04 AM,-1.99
10103,4/9/2022 12:11:08 AM,-2.44
10103,4/9/2022 12:11:12 AM,-1.32
10103,4/9/2022 12:11:16 AM,-2.68
10103,4/9/2022 12:11:20 AM,-2.68
10103,4/9/2022 12:11:24 AM,-2.00
10103,4/9/2022 12:11:28 AM,-2.21
10103,4/9/2022 12:11:32 AM,-1.78
10103,4/9/2022 12:11:36 AM,-1.99
10103,4/9/2022 12:11:40 AM,-1.31
10103,4/9/2022 12:11:44 AM,-2.21
10103,4/9/2022 12:11:48 AM,-2.68
10103,4/9/2022 12:11:52 AM,-2.46
10103,4/9/2022 12:11:56 AM,-1.55
10103,4/9/2022 12:12:00 AM,-2.67
10103,4/9/2022 12:12:04 AM,-2.46
10103,4/9/2022 12:12:08 AM,-1.55
10103,4/9/2022 12:12:12 AM,-1.31
10103,4/9/2022 12:12:16 AM,-1.99
10103,4/9/2022 12:12:20 AM,-2.40
10103,4/9/2022 12:12:24 AM,-1.32
10103,4/9/2022 12:12:28 AM,-1.99
10103,4/9/2022 12:12:32 AM,-1.99
10103,4/9/2022 12:12:36 AM,-1.31
10103,4/9/2022 12:12:40 AM,-1.99
10103,4/9/2022 12:12:44 AM,-1.99
10103,4/9/2022 12:12:48 AM,-1.99
10103,4/9/2022 12:12:52 AM,-1.99
10103,4/9/2022 12:12:56 AM,-1.99
10103,4/9/2022 12:13:00 AM,-1.31
10103,4/9/2022 12:13:04 AM,-1.77
10103,4/9/2022 12:13:08 AM,-1.31
10103,4/9/2022 12:13:12 AM,-1.99
10103,4/9/2022 12:13:16 AM,-1.77
10103,4/9/2022 12:13:20 AM,-1.76
10103,4/9/2022 12:13:24 AM,-1.99
10103,4/9/2022 12:13:28 AM,-1.99
10103,4/9/2022 12:13:32 AM,-1.99
10103,4/9/2022 12:13:36 AM,-1.99
10103,4/9/2022 12:13:40 AM,-1.77
10103,4/9/2022 12:13:44 AM,-1.76
10103,4/9/2022 12:13:48 AM,-1.31
10103,4/9/2022 12:13:52 AM,-1.77
10103,4/9/2022 12:13:56 AM,-1.31
10103,4/9/2022 12:14:00 AM,-2.66
10103,4/9/2022 12:14:04 AM,-1.53
10103,4/9/2022 12:14:08 AM,-1.54
10103,4/9/2022 12:14:12 AM,-1.31
10103,4/9/2022 12:14:16 AM,-1.99
10103,4/9/2022 12:14:20 AM,-1.99
10103,4/9/2022 12:14:24 AM,-2.67
10103,4/9/2022 12:14:28 AM,-1.77
10103,4/9/2022 12:14:32 AM,-1.76
10103,4/9/2022 12:14:36 AM,-1.99
10103,4/9/2022 12:14:40 AM,-1.77
10103,4/9/2022 12:14:44 AM,-1.76
10103,4/9/2022 12:14:48 AM,-1.99
10103,4/9/2022 12:14:52 AM,-1.77
10103,4/9/2022 12:14:56 AM,-2.20
10103,4/9/2022 12:15:00 AM,-1.32
10103,4/9/2022 12:15:04 AM,-2.21
10103,4/9/2022 12:15:08 AM,-1.78
10103,4/9/2022 12:15:12 AM,-1.99
10103,4/9/2022 12:15:16 AM,-1.31
10103,4/9/2022 12:15:20 AM,-1.76
10103,4/9/2022 12:15:24 AM,-1.99
10103,4/9/2022 12:15:28 AM,-1.75
10103,4/9/2022 12:15:32 AM,-2.23
10103,4/9/2022 12:15:36 AM,-1.99
10103,4/9/2022 12:15:40 AM,-2.44
10103,4/9/2022 12:15:44 AM,-2.47
10103,4/9/2022 12:15:48 AM,-1.99
10103,4/9/2022 12:15:52 AM,-1.31
10103,4/9/2022 12:15:56 AM,-1.31
10103,4/9/2022 12:16:00 AM,-1.31
10103,4/9/2022 12:16:04 AM,-2.46
10103,4/9/2022 12:16:08 AM,-1.99
10103,4/9/2022 12:16:12 AM,-1.99
10103,4/9/2022 12:16:16 AM,-2.70
10103,4/9/2022 12:16:20 AM,-1.31
10103,4/9/2022 12:16:24 AM,-1.31
10103,4/9/2022 12:16:28 AM,-1.75
10103,4/9/2022 12:16:32 AM,-1.78
10103,4/9/2022 12:16:36 AM,-1.99
10103,4/9/2022 12:16:40 AM,-1.53
10103,4/9/2022 12:16:44 AM,-1.99
10103,4/9/2022 12:16:48 AM,-1.99
10103,4/9/2022 12:16:52 AM,-1.31
10103,4/9/2022 12:16:56 AM,-1.76
10103,4/9/2022 12:17:00 AM,-2.67
10103,4/9/2022 12:17:04 AM,-1.77
10103,4/9/2022 12:17:08 AM,-1.76
10103,4/9/2022 12:17:12 AM,-1.99
10103,4/9/2022 12:17:16 AM,-1.09
10103,4/9/2022 12:17:20 AM,-1.52
10103,4/9/2022 12:17:24 AM,-1.32
10103,4/9/2022 12:17:28 AM,-1.99
10103,4/9/2022 12:17:32 AM,-1.55
10103,4/9/2022 12:17:36 AM,-1.31
10103,4/9/2022 12:17:40 AM,-1.31
10103,4/9/2022 12:17:44 AM,-1.31
10103,4/9/2022 12:17:48 AM,-1.31
10103,4/9/2022 12:17:52 AM,-1.77
10103,4/9/2022 12:17:56 AM,-1.76
10103,4/9/2022 12:18:00 AM,-1.99
10103,4/9/2022 12:18:04 AM,-1.99
10103,4/9/2022 12:18:08 AM,-1.99
10103,4/9/2022 12:18:12 AM,-1.99
10103,4/9/2022 12:18:16 AM,-1.99
10103,4/9/2022 12:18:20 AM,-2.44
10103,4/9/2022 12:18:24 AM,-2.68
10103,4/9/2022 12:18:28 AM,-1.99
10103,4/9/2022 12:18:32 AM,-1.99
10103,4/9/2022 12:18:36 AM,-1.99
10103,4/9/2022 12:18:40 AM,-2.21
10103,4/9/2022 12:18:44 AM,-1.79
10103,4/9/2022 12:18:48 AM,-1.99
10103,4/9/2022 12:18:52 AM,-1.99
10103,4/9/2022 12:18:56 AM,-1.99
10103,4/9/2022 12:19:00 AM,-1.99
10103,4/9/2022 12:19:04 AM,-1.55
10103,4/9/2022 12:19:08 AM,-1.52
10103,4/9/2022 12:19:12 AM,-2.67
10103,4/9/2022 12:19:16 AM,-1.75
10103,4/9/2022 12:19:20 AM,-2.68
10103,4/9/2022 12:19:24 AM,-2.00
10103,4/9/2022 12:19:28 AM,-1.99
10103,4/9/2022 12:19:32 AM,-1.55
10103,4/9/2022 12:19:36 AM,-1.31
10103,4/9/2022 12:19:40 AM,-1.53
10103,4/9/2022 12:19:44 AM,-1.99
10103,4/9/2022 12:19:48 AM,-2.67
10103,4/9/2022 12:19:52 AM,-1.99
10103,4/9/2022 12:19:56 AM,-1.10
10103,4/9/2022 12:20:00 AM,-2.66
10103,4/9/2022 12:20:04 AM,-1.99
10103,4/9/2022 12:20:08 AM,-1.99
10103,4/9/2022 12:20:12 AM,-1.32
10103,4/9/2022 12:20:16 AM,-1.77
10103,4/9/2022 12:20:20 AM,-1.31
10103,4/9/2022 12:20:24 AM,-1.31
10103,4/9/2022 12:20:28 AM,-1.99
10103,4/9/2022 12:20:32 AM,-1.57
10103,4/9/2022 12:20:36 AM,-2.66
10103,4/9/2022 12:20:40 AM,-2.21
10103,4/9/2022 12:20:44 AM,-2.24
10103,4/9/2022 12:20:48 AM,-1.99
10103,4/9/2022 12:20:52 AM,-2.68
10103,4/9/2022 12:20:56 AM,-1.79
10103,4/9/2022 12:21:00 AM,-1.99
10103,4/9/2022 12:21:04 AM,-2.21
10103,4/9/2022 12:21:08 AM,-2.23
10103,4/9/2022 12:21:12 AM,-1.99
10103,4/9/2022 12:21:16 AM,-2.24
10103,4/9/2022 12:21:20 AM,-1.76
10103,4/9/2022 12:21:24 AM,-1.31
10103,4/9/2022 12:21:28 AM,-1.52
10103,4/9/2022 12:21:32 AM,-1.99
10103,4/9/2022 12:21:36 AM,-1.99
10103,4/9/2022 12:21:40 AM,-1.99
10103,4/9/2022 12:21:44 AM,-2.44
10103,4/9/2022 12:21:48 AM,-1.32
10103,4/9/2022 12:21:52 AM,-1.53
10103,4/9/2022 12:21:56 AM,-1.99
10103,4/9/2022 12:22:00 AM,-1.32
10103,4/9/2022 12:22:04 AM,-2.92
10103,4/9/2022 12:22:08 AM,-1.99
10103,4/9/2022 12:22:12 AM,-1.32
10103,4/9/2022 12:22:16 AM,-2.46
10103,4/9/2022 12:22:20 AM,-1.99
10103,4/9/2022 12:22:24 AM,-1.99
10103,4/9/2022 12:22:28 AM,-1.99
10103,4/9/2022 12:22:32 AM,-1.99
10103,4/9/2022 12:22:36 AM,-1.31
10103,4/9/2022 12:22:40 AM,-1.99
10103,4/9/2022 12:22:44 AM,-1.99
10103,4/9/2022 12:22:48 AM,-1.99
10103,4/9/2022 12:22:52 AM,-1.99
10103,4/9/2022 12:22:56 AM,-1.99
10103,4/9/2022 12:23:00 AM,-0.63
10103,4/9/2022 12:23:04 AM,-2.68
10103,4/9/2022 12:23:08 AM,-2.68
10103,4/9/2022 12:23:12 AM,-1.32
10103,4/9/2022 12:23:16 AM,-1.99
10103,4/9/2022 12:23:20 AM,-2.45
10103,4/9/2022 12:23:24 AM,-1.32
10103,4/9/2022 12:23:28 AM,-1.31
10103,4/9/2022 12:23:32 AM,-1.76
10103,4/9/2022 12:23:36 AM,-1.31
10103,4/9/2022 12:23:40 AM,-2.46
10103,4/9/2022 12:23:44 AM,-1.99
10103,4/9/2022 12:23:48 AM,-1.99
10103,4/9/2022 12:23:52 AM,-1.31
10103,4/9/2022 12:23:56 AM,-1.31
10103,4/9/2022 12:24:00 AM,-1.31
10103,4/9/2022 12:24:04 AM,-2.46
10103,4/9/2022 12:24:08 AM,-1.54
10103,4/9/2022 12:24:12 AM,-1.31
10103,4/9/2022 12:24:16 AM,-2.24
10103,4/9/2022 12:24:20 AM,-1.76
10103,4/9/2022 12:24:24 AM,-1.99
10103,4/9/2022 12:24:28 AM,-1.99
10103,4/9/2022 12:24:32 AM,-1.99
10103,4/9/2022 12:24:36 AM,-1.99
10103,4/9/2022 12:24:40 AM,-2.17
10103,4/9/2022 12:24:44 AM,-2.23
10103,4/9/2022 12:24:48 AM,-1.99
10103,4/9/2022 12:24:52 AM,-1.53
10103,4/9/2022 12:24:56 AM,-1.10
10103,4/9/2022 12:25:00 AM,-3.35
10103,4/9/2022 12:25:04 AM,-1.53
10103,4/9/2022 12:25:08 AM,-1.99
10103,4/9/2022 12:25:12 AM,-1.32
10103,4/9/2022 12:25:16 AM,-1.53
10103,4/9/2022 12:25:20 AM,-1.99
10103,4/9/2022 12:25:24 AM,-1.31
10103,4/9/2022 12:25:28 AM,-1.53
10103,4/9/2022 12:25:32 AM,-1.54
10103,4/9/2022 12:25:36 AM,-1.99
10103,4/9/2022 12:25:40 AM,-1.99
10103,4/9/2022 12:25:44 AM,-1.54
10103,4/9/2022 12:25:48 AM,-2.67
10103,4/9/2022 12:25:52 AM,-1.53
10103,4/9/2022 12:25:56 AM,-2.89
10103,4/9/2022 12:26:00 AM,-2.01
10103,4/9/2022 12:26:04 AM,-1.99
10103,4/9/2022 12:26:08 AM,-2.79
10103,4/9/2022 12:26:12 AM,-2.69
10103,4/9/2022 12:26:16 AM,-1.31
10103,4/9/2022 12:26:20 AM,-1.74
10103,4/9/2022 12:26:24 AM,-1.31
10103,4/9/2022 12:26:28 AM,-1.99
10103,4/9/2022 12:26:32 AM,-1.99
10103,4/9/2022 12:26:36 AM,-1.31
10103,4/9/2022 12:26:40 AM,-1.99
10103,4/9/2022 12:26:44 AM,-1.55
10103,4/9/2022 12:26:48 AM,-1.99
10103,4/9/2022 12:26:52 AM,-2.22
10103,4/9/2022 12:26:56 AM,-2.23
10103,4/9/2022 12:27:00 AM,-1.99
10103,4/9/2022 12:27:04 AM,-1.99
10103,4/9/2022 12:27:08 AM,-1.99
10103,4/9/2022 12:27:12 AM,-2.67
10103,4/9/2022 12:27:16 AM,-1.53
10103,4/9/2022 12:27:20 AM,-2.44
10103,4/9/2022 12:27:24 AM,-1.32
10103,4/9/2022 12:27:28 AM,-2.93
10103,4/9/2022 12:27:32 AM,-1.99
10103,4/9/2022 12:27:36 AM,-1.99
10103,4/9/2022 12:27:40 AM,-1.75
10103,4/9/2022 12:27:44 AM,-2.23
10103,4/9/2022 12:27:48 AM,-2.67
10103,4/9/2022 12:27:52 AM,-1.77
10103,4/9/2022 12:27:56 AM,-2.20
10103,4/9/2022 12:28:00 AM,-2.00
10103,4/9/2022 12:28:04 AM,-1.31
10103,4/9/2022 12:28:08 AM,-1.31
10103,4/9/2022 12:28:12 AM,-1.99
10103,4/9/2022 12:28:16 AM,-2.46
10103,4/9/2022 12:28:20 AM,-1.55
10103,4/9/2022 12:28:24 AM,-1.99
10103,4/9/2022 12:28:28 AM,-1.99
10103,4/9/2022 12:28:32 AM,-1.99
10103,4/9/2022 12:28:36 AM,-1.99
10103,4/9/2022 12:28:40 AM,-2.47
10103,4/9/2022 12:28:44 AM,-2.86
10103,4/9/2022 12:28:48 AM,-2.68
10103,4/9/2022 12:28:52 AM,-2.44
10103,4/9/2022 12:28:56 AM,-2.92
10103,4/9/2022 12:29:00 AM,-2.00
10103,4/9/2022 12:29:04 AM,-1.99
10103,4/9/2022 12:29:08 AM,-1.99
10103,4/9/2022 12:29:12 AM,-1.32
10103,4/9/2022 12:29:16 AM,-2.22
10103,4/9/2022 12:29:20 AM,-1.78
10103,4/9/2022 12:29:24 AM,-1.31
10103,4/9/2022 12:29:28 AM,-2.02
10103,4/9/2022 12:29:32 AM,-1.52
10103,4/9/2022 12:29:36 AM,-1.99
10103,4/9/2022 12:29:40 AM,-1.99
10103,4/9/2022 12:29:44 AM,-1.99
10103,4/9/2022 12:29:48 AM,-1.99
10103,4/9/2022 12:29:52 AM,-1.53
10103,4/9/2022 12:29:56 AM,-1.99
10103,4/9/2022 12:30:00 AM,-1.99
10103,4/9/2022 12:30:04 AM,-1.31
10103,4/9/2022 12:30:08 AM,-2.66
10103,4/9/2022 12:30:12 AM,-1.34
10103,4/9/2022 12:30:16 AM,-3.14
10103,4/9/2022 12:30:20 AM,-2.23
10103,4/9/2022 12:30:24 AM,-1.99
10103,4/9/2022 12:30:28 AM,-1.53
10103,4/9/2022 12:30:32 AM,-1.99
10103,4/9/2022 12:30:36 AM,-1.99
10103,4/9/2022 12:30:40 AM,-2.68
10103,4/9/2022 12:30:44 AM,-1.89
10103,4/9/2022 12:30:48 AM,-1.99
10103,4/9/2022 12:30:52 AM,-1.99
10103,4/9/2022 12:30:56 AM,-1.55
10103,4/9/2022 12:31:00 AM,-2.66
10103,4/9/2022 12:31:04 AM,-1.53
10103,4/9/2022 12:31:08 AM,-1.99
10103,4/9/2022 12:31:12 AM,-1.32
10103,4/9/2022 12:31:16 AM,-1.99
10103,4/9/2022 12:31:20 AM,-2.89
10103,4/9/2022 12:31:24 AM,-2.01
10103,4/9/2022 12:31:28 AM,-1.99
10103,4/9/2022 12:31:32 AM,-1.99
10103,4/9/2022 12:31:36 AM,-1.99
10103,4/9/2022 12:31:40 AM,-2.46
10103,4/9/2022 12:31:44 AM,-2.44
10103,4/9/2022 12:31:48 AM,-2.00
10103,4/9/2022 12:31:52 AM,-2.93
10103,4/9/2022 12:31:56 AM,-2.44
10103,4/9/2022 12:32:00 AM,-1.32
10103,4/9/2022 12:32:04 AM,-2.68
10103,4/9/2022 12:32:08 AM,-2.23
10103,4/9/2022 12:32:12 AM,-1.32
10103,4/9/2022 12:32:16 AM,-1.99
10103,4/9/2022 12:32:20 AM,-1.99
10103,4/9/2022 12:32:24 AM,-2.67
10103,4/9/2022 12:32:28 AM,-1.53
10103,4/9/2022 12:32:32 AM,-1.99
10103,4/9/2022 12:32:36 AM,-1.99
10103,4/9/2022 12:32:40 AM,-2.46
10103,4/9/2022 12:32:44 AM,-1.99
10103,4/9/2022 12:32:48 AM,-1.99
10103,4/9/2022 12:32:52 AM,-1.77
10103,4/9/2022 12:32:56 AM,-1.76
10103,4/9/2022 12:33:00 AM,-1.32
10103,4/9/2022 12:33:04 AM,-2.46
10103,4/9/2022 12:33:08 AM,-1.99
10103,4/9/2022 12:33:12 AM,-1.99
10103,4/9/2022 12:33:16 AM,-1.53
10103,4/9/2022 12:33:20 AM,-1.55
10103,4/9/2022 12:33:24 AM,-1.98
10103,4/9/2022 12:33:28 AM,-1.78
10103,4/9/2022 12:33:32 AM,-1.76
10103,4/9/2022 12:33:36 AM,-2.67
10103,4/9/2022 12:33:40 AM,-1.53
10103,4/9/2022 12:33:44 AM,-1.55
10103,4/9/2022 12:33:48 AM,-1.99
10103,4/9/2022 12:33:52 AM,-1.53
10103,4/9/2022 12:33:56 AM,-1.55
10103,4/9/2022 12:34:00 AM,-0.63
10103,4/9/2022 12:34:04 AM,-1.31
10103,4/9/2022 12:34:08 AM,-1.31
10103,4/9/2022 12:34:12 AM,-2.66
10103,4/9/2022 12:34:16 AM,-1.77
10103,4/9/2022 12:34:20 AM,-2.20
10103,4/9/2022 12:34:24 AM,-2.00
10103,4/9/2022 12:34:28 AM,-1.78
10103,4/9/2022 12:34:32 AM,-1.31
10103,4/9/2022 12:34:36 AM,-2.66
10103,4/9/2022 12:34:40 AM,-2.21
10103,4/9/2022 12:34:44 AM,-2.28
10103,4/9/2022 12:34:48 AM,-3.36
10103,4/9/2022 12:34:52 AM,-1.53
10103,4/9/2022 12:34:56 AM,-1.55
10103,4/9/2022 12:35:00 AM,-1.99
10103,4/9/2022 12:35:04 AM,-1.99
10103,4/9/2022 12:35:08 AM,-1.99
10103,4/9/2022 12:35:12 AM,-1.99
10103,4/9/2022 12:35:16 AM,-1.77
10103,4/9/2022 12:35:20 AM,-1.31
10103,4/9/2022 12:35:24 AM,-1.99
10103,4/9/2022 12:35:28 AM,-2.46
10103,4/9/2022 12:35:32 AM,-1.99
10103,4/9/2022 12:35:36 AM,-1.99
10103,4/9/2022 12:35:40 AM,-1.99
10103,4/9/2022 12:35:44 AM,-2.89
10103,4/9/2022 12:35:48 AM,-2.00
10103,4/9/2022 12:35:52 AM,-1.53
10103,4/9/2022 12:35:56 AM,-1.99
10103,4/9/2022 12:36:00 AM,-1.31
10103,4/9/2022 12:36:04 AM,-1.53
10103,4/9/2022 12:36:08 AM,-1.99
10103,4/9/2022 12:36:12 AM,-1.99
10103,4/9/2022 12:36:16 AM,-1.99
10103,4/9/2022 12:36:20 AM,-1.54
10103,4/9/2022 12:36:24 AM,-1.31
10103,4/9/2022 12:36:28 AM,-2.24
10103,4/9/2022 12:36:32 AM,-1.76
10103,4/9/2022 12:36:36 AM,-1.99
10103,4/9/2022 12:36:40 AM,-1.53
10103,4/9/2022 12:36:44 AM,-2.44
10103,4/9/2022 12:36:48 AM,-2.05
10103,4/9/2022 12:36:52 AM,-1.31
10103,4/9/2022 12:36:56 AM,-1.76
10103,4/9/2022 12:37:00 AM,-1.31
10103,4/9/2022 12:37:04 AM,-1.99
10103,4/9/2022 12:37:08 AM,-1.54
10103,4/9/2022 12:37:12 AM,-1.31
10103,4/9/2022 12:37:16 AM,-1.99
10103,4/9/2022 12:37:20 AM,-1.54
10103,4/9/2022 12:37:24 AM,-0.63
10103,4/9/2022 12:37:28 AM,-1.31
10103,4/9/2022 12:37:32 AM,-2.66
10103,4/9/2022 12:37:36 AM,-1.32
10103,4/9/2022 12:37:40 AM,-2.46
10103,4/9/2022 12:37:44 AM,-1.99
10103,4/9/2022 12:37:48 AM,-1.99
10103,4/9/2022 12:37:52 AM,-1.99
10103,4/9/2022 12:37:56 AM,-1.99
10103,4/9/2022 12:38:00 AM,-1.99
10103,4/9/2022 12:38:04 AM,-1.99
10103,4/9/2022 12:38:08 AM,-2.44
10103,4/9/2022 12:38:12 AM,-2.68
10103,4/9/2022 12:38:16 AM,-1.97
10103,4/9/2022 12:38:20 AM,-2.47
10103,4/9/2022 12:38:24 AM,-1.31
10103,4/9/2022 12:38:28 AM,-1.53
10103,4/9/2022 12:38:32 AM,-1.54
10103,4/9/2022 12:38:36 AM,-1.99
10103,4/9/2022 12:38:40 AM,-2.46
10103,4/9/2022 12:38:44 AM,-1.99
10103,4/9/2022 12:38:48 AM,-2.67
10103,4/9/2022 12:38:52 AM,-1.83
10103,4/9/2022 12:38:56 AM,-2.21
10103,4/9/2022 12:39:00 AM,-2.00
10103,4/9/2022 12:39:04 AM,-1.53
10103,4/9/2022 12:39:08 AM,-1.99
10103,4/9/2022 12:39:12 AM,-1.32
10103,4/9/2022 12:39:16 AM,-2.46
10103,4/9/2022 12:39:20 AM,-2.89
10103,4/9/2022 12:39:24 AM,-2.00
10103,4/9/2022 12:39:28 AM,-2.46
10103,4/9/2022 12:39:32 AM,-2.44
10103,4/9/2022 12:39:36 AM,-2.68
10103,4/9/2022 12:39:40 AM,-1.99
10103,4/9/2022 12:39:44 AM,-1.99
10103,4/9/2022 12:39:48 AM,-1.32
10103,4/9/2022 12:39:52 AM,-1.77
10103,4/9/2022 12:39:56 AM,-1.31
10103,4/9/2022 12:40:00 AM,-1.31
10103,4/9/2022 12:40:04 AM,-2.23
10103,4/9/2022 12:40:08 AM,-2.21
10103,4/9/2022 12:40:12 AM,-2.00
10103,4/9/2022 12:40:16 AM,-1.53
10103,4/9/2022 12:40:20 AM,-1.55
10103,4/9/2022 12:40:24 AM,-1.99
10103,4/9/2022 12:40:28 AM,-1.77
10103,4/9/2022 12:40:32 AM,-1.76
10103,4/9/2022 12:40:36 AM,-1.99
10103,4/9/2022 12:40:40 AM,-1.99
10103,4/9/2022 12:40:44 AM,-1.99
10103,4/9/2022 12:40:48 AM,-1.31
10103,4/9/2022 12:40:52 AM,-1.84
10103,4/9/2022 12:40:56 AM,-1.31
10103,4/9/2022 12:41:00 AM,-1.99
10103,4/9/2022 12:41:04 AM,-1.77
10103,4/9/2022 12:41:08 AM,-2.21
10103,4/9/2022 12:41:12 AM,-2.00
10103,4/9/2022 12:41:16 AM,-1.99
10103,4/9/2022 12:41:20 AM,-1.54
10103,4/9/2022 12:41:24 AM,-1.99
10103,4/9/2022 12:41:28 AM,-1.78
10103,4/9/2022 12:41:32 AM,-1.76
10103,4/9/2022 12:41:36 AM,-1.99
10103,4/9/2022 12:41:40 AM,-1.99
10103,4/9/2022 12:41:44 AM,-1.99
10103,4/9/2022 12:41:48 AM,-1.99
10103,4/9/2022 12:41:52 AM,-2.21
10103,4/9/2022 12:41:56 AM,-2.68
10103,4/9/2022 12:42:00 AM,-2.00
10103,4/9/2022 12:42:04 AM,-1.31
10103,4/9/2022 12:42:08 AM,-1.76
10103,4/9/2022 12:42:12 AM,-1.32
10103,4/9/2022 12:42:16 AM,-2.21
10103,4/9/2022 12:42:20 AM,-1.78
10103,4/9/2022 12:42:24 AM,-1.99
10103,4/9/2022 12:42:28 AM,-1.53
10103,4/9/2022 12:42:32 AM,-1.99
10103,4/9/2022 12:42:36 AM,-1.99
10103,4/9/2022 12:42:40 AM,-1.99
10103,4/9/2022 12:42:44 AM,-1.99
10103,4/9/2022 12:42:48 AM,-1.32
10103,4/9/2022 12:42:52 AM,-1.99
10103,4/9/2022 12:42:56 AM,-1.99
10103,4/9/2022 12:43:00 AM,-1.99
10103,4/9/2022 12:43:04 AM,-1.99
10103,4/9/2022 12:43:08 AM,-1.55
10103,4/9/2022 12:43:12 AM,-1.98
10103,4/9/2022 12:43:16 AM,-1.99
10103,4/9/2022 12:43:20 AM,-1.99
10103,4/9/2022 12:43:24 AM,-0.64
10103,4/9/2022 12:43:28 AM,-1.78
10103,4/9/2022 12:43:32 AM,-2.21
10103,4/9/2022 12:43:36 AM,-2.00
10103,4/9/2022 12:43:40 AM,-1.77
10103,4/9/2022 12:43:44 AM,-1.31
10103,4/9/2022 12:43:48 AM,-1.99
10103,4/9/2022 12:43:52 AM,-1.99
10103,4/9/2022 12:43:56 AM,-2.44
10103,4/9/2022 12:44:00 AM,-2.00
10103,4/9/2022 12:44:04 AM,-1.99
10103,4/9/2022 12:44:08 AM,-1.99
10103,4/9/2022 12:44:12 AM,-1.99
10103,4/9/2022 12:44:16 AM,-2.93
10103,4/9/2022 12:44:20 AM,-1.55
10103,4/9/2022 12:44:24 AM,-1.98
10103,4/9/2022 12:44:28 AM,-1.53
10103,4/9/2022 12:44:32 AM,-1.54
10103,4/9/2022 12:44:36 AM,-1.31
10103,4/9/2022 12:44:40 AM,-1.31
10103,4/9/2022 12:44:44 AM,-1.76
10103,4/9/2022 12:44:48 AM,-1.32
10103,4/9/2022 12:44:52 AM,-1.31
10103,4/9/2022 12:44:56 AM,-1.72
10103,4/9/2022 12:45:00 AM,-1.99
10103,4/9/2022 12:45:04 AM,-1.99
10103,4/9/2022 12:45:08 AM,-2.44
10103,4/9/2022 12:45:12 AM,-2.00
10103,4/9/2022 12:45:16 AM,-0.85
10103,4/9/2022 12:45:20 AM,-2.21
10103,4/9/2022 12:45:24 AM,-2.00
10103,4/9/2022 12:45:28 AM,-2.46
10103,4/9/2022 12:45:32 AM,-1.99
10103,4/9/2022 12:45:36 AM,-1.99
10103,4/9/2022 12:45:40 AM,-1.99
10103,4/9/2022 12:45:44 AM,-1.99
10103,4/9/2022 12:45:48 AM,-1.32
10103,4/9/2022 12:45:52 AM,-1.77
10103,4/9/2022 12:45:56 AM,-1.75
10103,4/9/2022 12:46:00 AM,-1.99
10103,4/9/2022 12:46:04 AM,-2.21
10103,4/9/2022 12:46:08 AM,-2.23
10103,4/9/2022 12:46:12 AM,-1.99
10103,4/9/2022 12:46:16 AM,-1.99
10103,4/9/2022 12:46:20 AM,-1.99
10103,4/9/2022 12:46:24 AM,-1.32
10103,4/9/2022 12:46:28 AM,-1.78
10103,4/9/2022 12:46:32 AM,-1.76
10103,4/9/2022 12:46:36 AM,-2.67
10103,4/9/2022 12:46:40 AM,-1.99
10103,4/9/2022 12:46:44 AM,-1.55
10103,4/9/2022 12:46:48 AM,-2.66
10103,4/9/2022 12:46:52 AM,-1.31
10103,4/9/2022 12:46:56 AM,-1.75
10103,4/9/2022 12:47:00 AM,-1.99
10103,4/9/2022 12:47:04 AM,-1.99
10103,4/9/2022 12:47:08 AM,-1.99
10103,4/9/2022 12:47:12 AM,-1.32
10103,4/9/2022 12:47:16 AM,-1.31
10103,4/9/2022 12:47:20 AM,-2.21
10103,4/9/2022 12:47:24 AM,-1.32
10103,4/9/2022 12:47:28 AM,-1.78
10103,4/9/2022 12:47:32 AM,-1.76
10103,4/9/2022 12:47:36 AM,-3.35
10103,4/9/2022 12:47:40 AM,-1.99
10103,4/9/2022 12:47:44 AM,-1.55
10103,4/9/2022 12:47:48 AM,-1.99
10103,4/9/2022 12:47:52 AM,-1.77
10103,4/9/2022 12:47:56 AM,-1.76
10103,4/9/2022 12:48:00 AM,-1.99
10103,4/9/2022 12:48:04 AM,-2.46
10103,4/9/2022 12:48:08 AM,-1.54
10103,4/9/2022 12:48:12 AM,-1.99
10103,4/9/2022 12:48:16 AM,-2.68
10103,4/9/2022 12:48:20 AM,-2.23
10103,4/9/2022 12:48:24 AM,-1.31
10103,4/9/2022 12:48:28 AM,-1.53
10103,4/9/2022 12:48:32 AM,-1.99
10103,4/9/2022 12:48:36 AM,-1.99
10103,4/9/2022 12:48:40 AM,-1.99
10103,4/9/2022 12:48:44 AM,-1.99
10103,4/9/2022 12:48:48 AM,-1.99
10103,4/9/2022 12:48:52 AM,-1.76
10103,4/9/2022 12:48:56 AM,-2.29
10103,4/9/2022 12:49:00 AM,-1.99
10103,4/9/2022 12:49:04 AM,-2.46
10103,4/9/2022 12:49:08 AM,-1.99
10103,4/9/2022 12:49:12 AM,-1.99
10103,4/9/2022 12:49:16 AM,-1.77
10103,4/9/2022 12:49:20 AM,-1.76
10103,4/9/2022 12:49:24 AM,-1.99
10103,4/9/2022 12:49:28 AM,-1.99
10103,4/9/2022 12:49:32 AM,-1.99
10103,4/9/2022 12:49:36 AM,-1.31
10103,4/9/2022 12:49:40 AM,-1.77
10103,4/9/2022 12:49:44 AM,-1.76
10103,4/9/2022 12:49:48 AM,-1.99
10103,4/9/2022 12:49:52 AM,-2.22
10103,4/9/2022 12:49:56 AM,-1.78
10103,4/9/2022 12:50:00 AM,-1.99
10103,4/9/2022 12:50:04 AM,-2.22
10103,4/9/2022 12:50:08 AM,-2.23
10103,4/9/2022 12:50:12 AM,-1.99
10103,4/9/2022 12:50:16 AM,-2.22
10103,4/9/2022 12:50:20 AM,-1.78
10103,4/9/2022 12:50:24 AM,-1.99
10103,4/9/2022 12:50:28 AM,-2.68
10103,4/9/2022 12:50:32 AM,-2.68
10103,4/9/2022 12:50:36 AM,-1.32
10103,4/9/2022 12:50:40 AM,-1.77
10103,4/9/2022 12:50:44 AM,-2.21
10103,4/9/2022 12:50:48 AM,-2.00
10103,4/9/2022 12:50:52 AM,-1.77
10103,4/9/2022 12:50:56 AM,-1.71
10103,4/9/2022 12:51:00 AM,-1.99
10103,4/9/2022 12:51:04 AM,-1.99
10103,4/9/2022 12:51:08 AM,-1.99
10103,4/9/2022 12:51:12 AM,-1.32
10103,4/9/2022 12:51:16 AM,-1.99
10103,4/9/2022 12:51:20 AM,-1.99
10103,4/9/2022 12:51:24 AM,-1.99
10103,4/9/2022 12:51:28 AM,-1.53
10103,4/9/2022 12:51:32 AM,-1.54
10103,4/9/2022 12:51:36 AM,-1.99
10103,4/9/2022 12:51:40 AM,-1.99
10103,4/9/2022 12:51:44 AM,-1.99
10103,4/9/2022 12:51:48 AM,-2.67
10103,4/9/2022 12:51:52 AM,-1.77
10103,4/9/2022 12:51:56 AM,-1.31
10103,4/9/2022 12:52:00 AM,-2.67
10103,4/9/2022 12:52:04 AM,-1.31
10103,4/9/2022 12:52:08 AM,-1.76
10103,4/9/2022 12:52:12 AM,-1.99
10103,4/9/2022 12:52:16 AM,-0.85
10103,4/9/2022 12:52:20 AM,-1.76
10103,4/9/2022 12:52:24 AM,-2.67
10103,4/9/2022 12:52:28 AM,-2.46
10103,4/9/2022 12:52:32 AM,-1.99
10103,4/9/2022 12:52:36 AM,-1.31
10103,4/9/2022 12:52:40 AM,-1.78
10103,4/9/2022 12:52:44 AM,-1.76
10103,4/9/2022 12:52:48 AM,-1.99
10103,4/9/2022 12:52:52 AM,-1.99
10103,4/9/2022 12:52:56 AM,-1.99
10103,4/9/2022 12:53:00 AM,-2.67
10103,4/9/2022 12:53:04 AM,-2.24
10103,4/9/2022 12:53:08 AM,-2.21
10103,4/9/2022 12:53:12 AM,-2.68
10103,4/9/2022 12:53:16 AM,-1.99
10103,4/9/2022 12:53:20 AM,-1.99
10103,4/9/2022 12:53:24 AM,-1.31
10103,4/9/2022 12:53:28 AM,-2.21
10103,4/9/2022 12:53:32 AM,-1.78
10103,4/9/2022 12:53:36 AM,-2.67
10103,4/9/2022 12:53:40 AM,-1.53
10103,4/9/2022 12:53:44 AM,-2.44
10103,4/9/2022 12:53:48 AM,-1.32
10103,4/9/2022 12:53:52 AM,-2.24
10103,4/9/2022 12:53:56 AM,-2.20
10103,4/9/2022 12:54:00 AM,-2.00
10103,4/9/2022 12:54:04 AM,-2.22
10103,4/9/2022 12:54:08 AM,-2.68
10103,4/9/2022 12:54:12 AM,-1.33
10103,4/9/2022 12:54:16 AM,-1.77
10103,4/9/2022 12:54:20 AM,-1.76
10103,4/9/2022 12:54:24 AM,-1.99
10103,4/9/2022 12:54:28 AM,-1.77
10103,4/9/2022 12:54:32 AM,-2.21
10103,4/9/2022 12:54:36 AM,-2.68
10103,4/9/2022 12:54:40 AM,-1.99
10103,4/9/2022 12:54:44 AM,-1.55
10103,4/9/2022 12:54:48 AM,-1.99
10103,4/9/2022 12:54:52 AM,-1.77
10103,4/9/2022 12:54:56 AM,-1.76
10103,4/9/2022 12:55:00 AM,-2.63
10103,4/9/2022 12:55:04 AM,-2.46
10103,4/9/2022 12:55:08 AM,-2.44
10103,4/9/2022 12:55:12 AM,-2.00
10103,4/9/2022 12:55:16 AM,-1.53
10103,4/9/2022 12:55:20 AM,-2.44
10103,4/9/2022 12:55:24 AM,-2.00
10103,4/9/2022 12:55:28 AM,-1.31
10103,4/9/2022 12:55:32 AM,-1.31
10103,4/9/2022 12:55:36 AM,-1.99
10103,4/9/2022 12:55:40 AM,-2.46
10103,4/9/2022 12:55:44 AM,-1.99
10103,4/9/2022 12:55:48 AM,-1.99
10103,4/9/2022 12:55:52 AM,-1.31
10103,4/9/2022 12:55:56 AM,-2.20
10103,4/9/2022 12:56:00 AM,-2.00
10103,4/9/2022 12:56:04 AM,-1.77
10103,4/9/2022 12:56:08 AM,-1.76
10103,4/9/2022 12:56:12 AM,-2.58
10103,4/9/2022 12:56:16 AM,-1.99
10103,4/9/2022 12:56:20 AM,-1.99
10103,4/9/2022 12:56:24 AM,-1.99
10103,4/9/2022 12:56:28 AM,-1.78
10103,4/9/2022 12:56:32 AM,-1.76
10103,4/9/2022 12:56:36 AM,-1.32
10103,4/9/2022 12:56:40 AM,-1.53
10103,4/9/2022 12:56:44 AM,-1.99
10103,4/9/2022 12:56:48 AM,-1.99
10103,4/9/2022 12:56:52 AM,-2.21
10103,4/9/2022 12:56:56 AM,-1.79
10103,4/9/2022 12:57:00 AM,-1.99
10103,4/9/2022 12:57:04 AM,-2.46
10103,4/9/2022 12:57:08 AM,-1.99
10103,4/9/2022 12:57:12 AM,-1.32
10103,4/9/2022 12:57:16 AM,-2.21
10103,4/9/2022 12:57:20 AM,-2.23
10103,4/9/2022 12:57:24 AM,-2.67
10103,4/9/2022 12:57:28 AM,-2.21
10103,4/9/2022 12:57:32 AM,-1.78
10103,4/9/2022 12:57:36 AM,-1.31
10103,4/9/2022 12:57:40 AM,-1.99
10103,4/9/2022 12:57:44 AM,-1.99
10103,4/9/2022 12:57:48 AM,-1.99
10103,4/9/2022 12:57:52 AM,-1.53
10103,4/9/2022 12:57:56 AM,-1.99
10103,4/9/2022 12:58:00 AM,-1.99
10103,4/9/2022 12:58:04 AM,-2.24
10103,4/9/2022 12:58:08 AM,-1.76
10103,4/9/2022 12:58:12 AM,-1.32
10103,4/9/2022 12:58:16 AM,-1.99
10103,4/9/2022 12:58:20 AM,-1.99
10103,4/9/2022 12:58:24 AM,-2.67
10103,4/9/2022 12:58:28 AM,-1.78
10103,4/9/2022 12:58:32 AM,-1.76
10103,4/9/2022 12:58:36 AM,-2.67
10103,4/9/2022 12:58:40 AM,-1.31
10103,4/9/2022 12:58:44 AM,-1.76
10103,4/9/2022 12:58:48 AM,-1.99
10103,4/9/2022 12:58:52 AM,-2.90
10103,4/9/2022 12:58:56 AM,-3.36
10103,4/9/2022 12:59:00 AM,-2.12
10103,4/9/2022 12:59:04 AM,-2.71
10103,4/9/2022 12:59:08 AM,-1.76
10103,4/9/2022 12:59:12 AM,-1.99
10103,4/9/2022 12:59:16 AM,-2.21
10103,4/9/2022 12:59:20 AM,-2.23
10103,4/9/2022 12:59:24 AM,-1.99
10103,4/9/2022 12:59:28 AM,-2.21
10103,4/9/2022 12:59:32 AM,-1.79
10103,4/9/2022 12:59:36 AM,-2.66
10103,4/9/2022 12:59:40 AM,-2.46
10103,4/9/2022 12:59:44 AM,-1.99
10103,4/9/2022 12:59:48 AM,-1.99
10103,4/9/2022 12:59:52 AM,-2.22
10103,4/9/2022 12:59:56 AM,-1.79
10103,4/9/2022 1:00:00 AM,-1.99
10103,4/9/2022 1:00:04 AM,-1.99
10103,4/9/2022 1:00:08 AM,-1.99
10103,4/9/2022 1:00:12 AM,-1.99
10103,4/9/2022 1:00:16 AM,-1.77
10103,4/9/2022 1:00:20 AM,-1.31
10103,4/9/2022 1:00:24 AM,-1.99
10103,4/9/2022 1:00:28 AM,-2.98
10103,4/9/2022 1:00:32 AM,-2.90
10103,4/9/2022 1:00:36 AM,-2.00
10103,4/9/2022 1:00:40 AM,-2.44
10103,4/9/2022 1:00:44 AM,-2.47
10103,4/9/2022 1:00:48 AM,-2.65
10103,4/9/2022 1:00:52 AM,-2.46
10103,4/9/2022 1:00:56 AM,-1.99
10103,4/9/2022 1:01:00 AM,-1.99
10103,4/9/2022 1:01:04 AM,-1.75
10103,4/9/2022 1:01:08 AM,-2.68
10103,4/9/2022 1:01:12 AM,-2.00
10103,4/9/2022 1:01:16 AM,-3.14
10103,4/9/2022 1:01:20 AM,-2.23
10103,4/9/2022 1:01:24 AM,-1.31
10103,4/9/2022 1:01:28 AM,-2.43
10103,4/9/2022 1:01:32 AM,-2.91
10103,4/9/2022 1:01:36 AM,-2.00
10103,4/9/2022 1:01:40 AM,-2.22
10103,4/9/2022 1:01:44 AM,-2.68
10103,4/9/2022 1:01:48 AM,-2.00
10103,4/9/2022 1:01:52 AM,-1.53
10103,4/9/2022 1:01:56 AM,-2.44
10103,4/9/2022 1:02:00 AM,-3.36
10103,4/9/2022 1:02:04 AM,-1.99
10103,4/9/2022 1:02:08 AM,-1.99
10103,4/9/2022 1:02:12 AM,-1.99
10103,4/9/2022 1:02:16 AM,-1.99
10103,4/9/2022 1:02:20 AM,-1.99
10103,4/9/2022 1:02:24 AM,-1.99
10103,4/9/2022 1:02:28 AM,-1.53
10103,4/9/2022 1:02:32 AM,-2.44
10103,4/9/2022 1:02:36 AM,-2.00
10103,4/9/2022 1:02:40 AM,-2.68
10103,4/9/2022 1:02:44 AM,-3.13
10103,4/9/2022 1:02:48 AM,-2.00
10103,4/9/2022 1:02:52 AM,-1.53
10103,4/9/2022 1:02:56 AM,-1.99
10103,4/9/2022 1:03:00 AM,-2.67
10103,4/9/2022 1:03:04 AM,-1.53
10103,4/9/2022 1:03:08 AM,-1.99
10103,4/9/2022 1:03:12 AM,-2.67
10103,4/9/2022 1:03:16 AM,-2.90
10103,4/9/2022 1:03:20 AM,-2.91
10103,4/9/2022 1:03:24 AM,-2.00
10103,4/9/2022 1:03:28 AM,-2.21
10103,4/9/2022 1:03:32 AM,-2.23
10103,4/9/2022 1:03:36 AM,-1.99
10103,4/9/2022 1:03:40 AM,-1.99
10103,4/9/2022 1:03:44 AM,-2.89
10103,4/9/2022 1:03:48 AM,-2.00
10103,4/9/2022 1:03:52 AM,-2.46
10103,4/9/2022 1:03:56 AM,-1.99
10103,4/9/2022 1:04:00 AM,-1.99
10103,4/9/2022 1:04:04 AM,-1.53
10103,4/9/2022 1:04:08 AM,-1.99
10103,4/9/2022 1:04:12 AM,-1.99
10103,4/9/2022 1:04:16 AM,-1.99
10103,4/9/2022 1:04:20 AM,-1.54
10103,4/9/2022 1:04:24 AM,-1.99
10103,4/9/2022 1:04:28 AM,-1.77
10103,4/9/2022 1:04:32 AM,-1.31
10103,4/9/2022 1:04:36 AM,-2.67
10103,4/9/2022 1:04:40 AM,-2.24
10103,4/9/2022 1:04:44 AM,-1.76
10103,4/9/2022 1:04:48 AM,-1.99
10103,4/9/2022 1:04:52 AM,-1.99
10103,4/9/2022 1:04:56 AM,-2.44
10103,4/9/2022 1:05:00 AM,-2.00
10103,4/9/2022 1:05:04 AM,-1.99
10103,4/9/2022 1:05:08 AM,-2.77
10103,4/9/2022 1:05:12 AM,-2.01
10103,4/9/2022 1:05:16 AM,-2.23
10103,4/9/2022 1:05:20 AM,-2.66
10103,4/9/2022 1:05:24 AM,-2.00
10103,4/9/2022 1:05:28 AM,-1.99
10103,4/9/2022 1:05:32 AM,-1.99
10103,4/9/2022 1:05:36 AM,-2.67
10103,4/9/2022 1:05:40 AM,-1.77
10103,4/9/2022 1:05:44 AM,-1.76
10103,4/9/2022 1:05:48 AM,-2.67
10103,4/9/2022 1:05:52 AM,-1.99
10103,4/9/2022 1:05:56 AM,-2.44
10103,4/9/2022 1:06:00 AM,-2.68
10103,4/9/2022 1:06:04 AM,-3.14
10103,4/9/2022 1:06:08 AM,-1.78
10103,4/9/2022 1:06:12 AM,-1.99
10103,4/9/2022 1:06:16 AM,-2.21
10103,4/9/2022 1:06:20 AM,-2.23
10103,4/9/2022 1:06:24 AM,-1.99
10103,4/9/2022 1:06:28 AM,-2.48
10103,4/9/2022 1:06:32 AM,-2.44
10103,4/9/2022 1:06:36 AM,-2.00
10103,4/9/2022 1:06:40 AM,-1.53
10103,4/9/2022 1:06:44 AM,-2.44
10103,4/9/2022 1:06:48 AM,-2.00
10103,4/9/2022 1:06:52 AM,-1.77
10103,4/9/2022 1:06:56 AM,-1.31
10103,4/9/2022 1:07:00 AM,-1.31
10103,4/9/2022 1:07:04 AM,-1.77
10103,4/9/2022 1:07:08 AM,-1.76
10103,4/9/2022 1:07:12 AM,-2.67
10103,4/9/2022 1:07:16 AM,-2.22
10103,4/9/2022 1:07:20 AM,-2.23
10103,4/9/2022 1:07:24 AM,-1.99
10103,4/9/2022 1:07:28 AM,-1.75
10103,4/9/2022 1:07:32 AM,-2.23
10103,4/9/2022 1:07:36 AM,-1.32
10103,4/9/2022 1:07:40 AM,-1.77
10103,4/9/2022 1:07:44 AM,-1.76
10103,4/9/2022 1:07:48 AM,-1.99
10103,4/9/2022 1:07:52 AM,-1.99
10103,4/9/2022 1:07:56 AM,-1.99
10103,4/9/2022 1:08:00 AM,-1.31
10103,4/9/2022 1:08:04 AM,-1.31
10103,4/9/2022 1:08:08 AM,-2.21
10103,4/9/2022 1:08:12 AM,-3.35
10103,4/9/2022 1:08:16 AM,-2.46
10103,4/9/2022 1:08:20 AM,-1.99
10103,4/9/2022 1:08:24 AM,-2.67
10103,4/9/2022 1:08:28 AM,-1.99
10103,4/9/2022 1:08:32 AM,-2.89
10103,4/9/2022 1:08:36 AM,-1.33
10103,4/9/2022 1:08:40 AM,-1.77
10103,4/9/2022 1:08:44 AM,-1.31
10103,4/9/2022 1:08:48 AM,-1.99
10103,4/9/2022 1:08:52 AM,-1.75
10103,4/9/2022 1:08:56 AM,-2.68
10103,4/9/2022 1:09:00 AM,-2.00
10103,4/9/2022 1:09:04 AM,-1.99
10103,4/9/2022 1:09:08 AM,-1.99
10103,4/9/2022 1:09:12 AM,-1.32
10103,4/9/2022 1:09:16 AM,-1.31
10103,4/9/2022 1:09:20 AM,-1.76
10103,4/9/2022 1:09:24 AM,-2.67
10103,4/9/2022 1:09:28 AM,-2.46
10103,4/9/2022 1:09:32 AM,-2.44
10103,4/9/2022 1:09:36 AM,-2.68
10103,4/9/2022 1:09:40 AM,-2.68
10103,4/9/2022 1:09:44 AM,-2.23
10103,4/9/2022 1:09:48 AM,-2.67
10103,4/9/2022 1:09:52 AM,-1.99
10103,4/9/2022 1:09:56 AM,-2.44
10103,4/9/2022 1:10:00 AM,-2.68
10103,4/9/2022 1:10:04 AM,-1.99
10103,4/9/2022 1:10:08 AM,-2.44
10103,4/9/2022 1:10:12 AM,-2.68
10103,4/9/2022 1:10:16 AM,-1.75
10103,4/9/2022 1:10:20 AM,-2.23
10103,4/9/2022 1:10:24 AM,-1.31
10103,4/9/2022 1:10:28 AM,-2.68
10103,4/9/2022 1:10:32 AM,-2.23
10103,4/9/2022 1:10:36 AM,-1.99
10103,4/9/2022 1:10:40 AM,-1.31
10103,4/9/2022 1:10:44 AM,-1.76
10103,4/9/2022 1:10:48 AM,-1.32
10103,4/9/2022 1:10:52 AM,-1.99
10103,4/9/2022 1:10:56 AM,-1.55
10103,4/9/2022 1:11:00 AM,-1.31
10103,4/9/2022 1:11:04 AM,-1.99
10103,4/9/2022 1:11:08 AM,-2.40
10103,4/9/2022 1:11:12 AM,-2.00
10103,4/9/2022 1:11:16 AM,-1.99
10103,4/9/2022 1:11:20 AM,-1.99
10103,4/9/2022 1:11:24 AM,-2.67
10103,4/9/2022 1:11:28 AM,-1.78
10103,4/9/2022 1:11:32 AM,-1.76
10103,4/9/2022 1:11:36 AM,-1.99
10103,4/9/2022 1:11:40 AM,-1.99
10103,4/9/2022 1:11:44 AM,-1.99
10103,4/9/2022 1:11:48 AM,-1.32
10103,4/9/2022 1:11:52 AM,-2.21
10103,4/9/2022 1:11:56 AM,-3.12
10103,4/9/2022 1:12:00 AM,-2.69
10103,4/9/2022 1:12:04 AM,-1.99
10103,4/9/2022 1:12:08 AM,-1.99
10103,4/9/2022 1:12:12 AM,-1.99
10103,4/9/2022 1:12:16 AM,-1.99
10103,4/9/2022 1:12:20 AM,-1.99
10103,4/9/2022 1:12:24 AM,-1.99
10103,4/9/2022 1:12:28 AM,-1.78
10103,4/9/2022 1:12:32 AM,-1.76
10103,4/9/2022 1:12:36 AM,-2.67
10103,4/9/2022 1:12:40 AM,-2.46
10103,4/9/2022 1:12:44 AM,-2.44
10103,4/9/2022 1:12:48 AM,-2.00
10103,4/9/2022 1:12:52 AM,-2.24
10103,4/9/2022 1:12:56 AM,-1.76
10103,4/9/2022 1:13:00 AM,-1.32
10103,4/9/2022 1:13:04 AM,-1.53
10103,4/9/2022 1:13:08 AM,-1.99
10103,4/9/2022 1:13:12 AM,-1.99
10103,4/9/2022 1:13:16 AM,-1.77
10103,4/9/2022 1:13:20 AM,-1.76
10103,4/9/2022 1:13:24 AM,-1.32
10103,4/9/2022 1:13:28 AM,-1.74
10103,4/9/2022 1:13:32 AM,-2.68
10103,4/9/2022 1:13:36 AM,-2.00
10103,4/9/2022 1:13:40 AM,-2.68
10103,4/9/2022 1:13:44 AM,-2.23
10103,4/9/2022 1:13:48 AM,-1.99
10103,4/9/2022 1:13:52 AM,-1.77
10103,4/9/2022 1:13:56 AM,-1.75
10103,4/9/2022 1:14:00 AM,-1.99
10103,4/9/2022 1:14:04 AM,-1.99
10103,4/9/2022 1:14:08 AM,-1.55
10103,4/9/2022 1:14:12 AM,-1.31
10103,4/9/2022 1:14:16 AM,-1.53
10103,4/9/2022 1:14:20 AM,-2.89
10103,4/9/2022 1:14:24 AM,-2.69
10103,4/9/2022 1:14:28 AM,-2.21
10103,4/9/2022 1:14:32 AM,-1.78
10103,4/9/2022 1:14:36 AM,-1.99
10103,4/9/2022 1:14:40 AM,-1.31
10103,4/9/2022 1:14:44 AM,-1.76
10103,4/9/2022 1:14:48 AM,-1.99
10103,4/9/2022 1:14:52 AM,-1.99
10103,4/9/2022 1:14:56 AM,-1.99
10103,4/9/2022 1:15:00 AM,-1.31
10103,4/9/2022 1:15:04 AM,-1.99
10103,4/9/2022 1:15:08 AM,-2.44
10103,4/9/2022 1:15:12 AM,-2.10
10103,4/9/2022 1:15:16 AM,-1.31
10103,4/9/2022 1:15:20 AM,-1.31
10103,4/9/2022 1:15:24 AM,-1.31
10103,4/9/2022 1:15:28 AM,-1.99
10103,4/9/2022 1:15:32 AM,-1.55
10103,4/9/2022 1:15:36 AM,-1.99
10103,4/9/2022 1:15:40 AM,-2.46
10103,4/9/2022 1:15:44 AM,-2.44
10103,4/9/2022 1:15:48 AM,-2.00
10103,4/9/2022 1:15:52 AM,-1.77
10103,4/9/2022 1:15:56 AM,-1.31
10103,4/9/2022 1:16:00 AM,-1.31
10103,4/9/2022 1:16:04 AM,-1.77
10103,4/9/2022 1:16:08 AM,-1.31
10103,4/9/2022 1:16:12 AM,-1.99
10103,4/9/2022 1:16:16 AM,-1.99
10103,4/9/2022 1:16:20 AM,-1.54
10103,4/9/2022 1:16:24 AM,-1.31
10103,4/9/2022 1:16:28 AM,-1.53
10103,4/9/2022 1:16:32 AM,-2.45
10103,4/9/2022 1:16:36 AM,-2.68
10103,4/9/2022 1:16:40 AM,-1.99
10103,4/9/2022 1:16:44 AM,-2.44
10103,4/9/2022 1:16:48 AM,-2.00
10103,4/9/2022 1:16:52 AM,-1.53
10103,4/9/2022 1:16:56 AM,-1.54
10103,4/9/2022 1:17:00 AM,-1.99
10103,4/9/2022 1:17:04 AM,-1.99
10103,4/9/2022 1:17:08 AM,-2.44
10103,4/9/2022 1:17:12 AM,-1.32
10103,4/9/2022 1:17:16 AM,-1.99
10103,4/9/2022 1:17:20 AM,-2.45
10103,4/9/2022 1:17:24 AM,-1.32
10103,4/9/2022 1:17:28 AM,-2.24
10103,4/9/2022 1:17:32 AM,-1.31
10103,4/9/2022 1:17:36 AM,-1.99
10103,4/9/2022 1:17:40 AM,-1.53
10103,4/9/2022 1:17:44 AM,-1.99
10103,4/9/2022 1:17:48 AM,-1.99
10103,4/9/2022 1:17:52 AM,-1.77
10103,4/9/2022 1:17:56 AM,-1.76
10103,4/9/2022 1:18:00 AM,-1.99
10103,4/9/2022 1:18:04 AM,-1.99
10103,4/9/2022 1:18:08 AM,-1.54
10103,4/9/2022 1:18:12 AM,-2.66
10103,4/9/2022 1:18:16 AM,-1.77
10103,4/9/2022 1:18:20 AM,-1.76
10103,4/9/2022 1:18:24 AM,-1.99
10103,4/9/2022 1:18:28 AM,-1.99
10103,4/9/2022 1:18:32 AM,-1.54
10103,4/9/2022 1:18:36 AM,-1.99
10103,4/9/2022 1:18:40 AM,-1.53
10103,4/9/2022 1:18:44 AM,-1.99
10103,4/9/2022 1:18:48 AM,-1.31
10103,4/9/2022 1:18:52 AM,-1.99
10103,4/9/2022 1:18:56 AM,-1.99
10103,4/9/2022 1:19:00 AM,-1.31
10103,4/9/2022 1:19:04 AM,-1.99
10103,4/9/2022 1:19:08 AM,-1.54
10103,4/9/2022 1:19:12 AM,-1.99
10103,4/9/2022 1:19:16 AM,-1.99
10103,4/9/2022 1:19:20 AM,-2.44
10103,4/9/2022 1:19:24 AM,-2.00
10103,4/9/2022 1:19:28 AM,-1.99
10103,4/9/2022 1:19:32 AM,-1.99
10103,4/9/2022 1:19:36 AM,-2.67
10103,4/9/2022 1:19:40 AM,-1.99
10103,4/9/2022 1:19:44 AM,-1.99
10103,4/9/2022 1:19:48 AM,-1.31
10103,4/9/2022 1:19:52 AM,-1.99
10103,4/9/2022 1:19:56 AM,-1.99
10103,4/9/2022 1:20:00 AM,-2.67
10103,4/9/2022 1:20:04 AM,-1.99
10103,4/9/2022 1:20:08 AM,-2.44
10103,4/9/2022 1:20:12 AM,-2.00
10103,4/9/2022 1:20:16 AM,-2.02
10103,4/9/2022 1:20:20 AM,-0.62
10103,4/9/2022 1:20:24 AM,-1.98
10103,4/9/2022 1:20:28 AM,-1.99
10103,4/9/2022 1:20:32 AM,-1.99
10103,4/9/2022 1:20:36 AM,-1.99
10103,4/9/2022 1:20:40 AM,-1.99
10103,4/9/2022 1:20:44 AM,-1.99
10103,4/9/2022 1:20:48 AM,-1.99
10103,4/9/2022 1:20:52 AM,-1.31
10103,4/9/2022 1:20:56 AM,-1.76
10103,4/9/2022 1:21:00 AM,-1.99
10103,4/9/2022 1:21:04 AM,-1.75
10103,4/9/2022 1:21:08 AM,-2.23
10103,4/9/2022 1:21:12 AM,-1.32
10103,4/9/2022 1:21:16 AM,-1.47
10103,4/9/2022 1:21:20 AM,-1.99
10103,4/9/2022 1:21:24 AM,-1.99
10103,4/9/2022 1:21:28 AM,-2.21
10103,4/9/2022 1:21:32 AM,-1.78
10103,4/9/2022 1:21:36 AM,-1.99
10103,4/9/2022 1:21:40 AM,-1.99
10103,4/9/2022 1:21:44 AM,-2.44
10103,4/9/2022 1:21:48 AM,-2.00
10103,4/9/2022 1:21:52 AM,-1.75
10103,4/9/2022 1:21:56 AM,-1.79
10103,4/9/2022 1:22:00 AM,-1.31
10103,4/9/2022 1:22:04 AM,-1.53
10103,4/9/2022 1:22:08 AM,-2.44
10103,4/9/2022 1:22:12 AM,-2.00
10103,4/9/2022 1:22:16 AM,-1.99
10103,4/9/2022 1:22:20 AM,-2.44
10103,4/9/2022 1:22:24 AM,-1.33
10103,4/9/2022 1:22:28 AM,-1.96
10103,4/9/2022 1:22:32 AM,-2.47
10103,4/9/2022 1:22:36 AM,-1.99
10103,4/9/2022 1:22:40 AM,-1.31
10103,4/9/2022 1:22:44 AM,-1.76
10103,4/9/2022 1:22:48 AM,-1.99
10103,4/9/2022 1:22:52 AM,-1.31
10103,4/9/2022 1:22:56 AM,-1.76
10103,4/9/2022 1:23:00 AM,-1.99
10103,4/9/2022 1:23:04 AM,-1.99
10103,4/9/2022 1:23:08 AM,-2.44
10103,4/9/2022 1:23:12 AM,-2.01
10103,4/9/2022 1:23:16 AM,-1.53
10103,4/9/2022 1:23:20 AM,-2.44
10103,4/9/2022 1:23:24 AM,-1.32
10103,4/9/2022 1:23:28 AM,-1.99
10103,4/9/2022 1:23:32 AM,-1.55
10103,4/9/2022 1:23:36 AM,-1.31
10103,4/9/2022 1:23:40 AM,-0.84
10103,4/9/2022 1:23:44 AM,-1.31
10103,4/9/2022 1:23:48 AM,-1.99
10103,4/9/2022 1:23:52 AM,-2.46
10103,4/9/2022 1:23:56 AM,-1.55
10103,4/9/2022 1:24:00 AM,-1.31
10103,4/9/2022 1:24:04 AM,-2.46
10103,4/9/2022 1:24:08 AM,-1.99
10103,4/9/2022 1:24:12 AM,-1.99
10103,4/9/2022 1:24:16 AM,-1.53
10103,4/9/2022 1:24:20 AM,-1.99
10103,4/9/2022 1:24:24 AM,-2.67
10103,4/9/2022 1:24:28 AM,-2.24
10103,4/9/2022 1:24:32 AM,-1.76
10103,4/9/2022 1:24:36 AM,-1.32
10103,4/9/2022 1:24:40 AM,-1.78
10103,4/9/2022 1:24:44 AM,-1.76
10103,4/9/2022 1:24:48 AM,-1.99
10103,4/9/2022 1:24:52 AM,-1.99
10103,4/9/2022 1:24:56 AM,-1.99
10103,4/9/2022 1:25:00 AM,-2.67
10103,4/9/2022 1:25:04 AM,-1.77
10103,4/9/2022 1:25:08 AM,-1.76
10103,4/9/2022 1:25:12 AM,-1.99
10103,4/9/2022 1:25:16 AM,-1.50
10103,4/9/2022 1:25:20 AM,-1.59
10103,4/9/2022 1:25:24 AM,-0.63
10103,4/9/2022 1:25:28 AM,-1.53
10103,4/9/2022 1:25:32 AM,-1.99
10103,4/9/2022 1:25:36 AM,-1.99
10103,4/9/2022 1:25:40 AM,-1.77
10103,4/9/2022 1:25:44 AM,-1.76
10103,4/9/2022 1:25:48 AM,-1.32
10103,4/9/2022 1:25:52 AM,-2.24
10103,4/9/2022 1:25:56 AM,-1.75
10103,4/9/2022 1:26:00 AM,-1.99
10103,4/9/2022 1:26:04 AM,-1.53
10103,4/9/2022 1:26:08 AM,-1.99
10103,4/9/2022 1:26:12 AM,-1.99
10103,4/9/2022 1:26:16 AM,-1.99
10103,4/9/2022 1:26:20 AM,-1.99
10103,4/9/2022 1:26:24 AM,-1.99
10103,4/9/2022 1:26:28 AM,-1.99
10103,4/9/2022 1:26:32 AM,-1.99
10103,4/9/2022 1:26:36 AM,-1.32
10103,4/9/2022 1:26:40 AM,-1.99
10103,4/9/2022 1:26:44 AM,-1.55
10103,4/9/2022 1:26:48 AM,-1.99
10103,4/9/2022 1:26:52 AM,-1.09
10103,4/9/2022 1:26:56 AM,-1.52
10103,4/9/2022 1:27:00 AM,-1.99
10103,4/9/2022 1:27:04 AM,-1.99
10103,4/9/2022 1:27:08 AM,-1.99
10103,4/9/2022 1:27:12 AM,-1.99
10103,4/9/2022 1:27:16 AM,-1.53
10103,4/9/2022 1:27:20 AM,-1.54
10103,4/9/2022 1:27:24 AM,-1.31
10103,4/9/2022 1:27:28 AM,-1.77
10103,4/9/2022 1:27:32 AM,-1.76
10103,4/9/2022 1:27:36 AM,-1.99
10103,4/9/2022 1:27:40 AM,-1.77
10103,4/9/2022 1:27:44 AM,-1.76
10103,4/9/2022 1:27:48 AM,-1.99
10103,4/9/2022 1:27:52 AM,-1.77
10103,4/9/2022 1:27:56 AM,-1.75
10103,4/9/2022 1:28:00 AM,-1.31
10103,4/9/2022 1:28:04 AM,-1.99
10103,4/9/2022 1:28:08 AM,-1.99
10103,4/9/2022 1:28:12 AM,-2.67
10103,4/9/2022 1:28:16 AM,-1.77
10103,4/9/2022 1:28:20 AM,-1.76
10103,4/9/2022 1:28:24 AM,-1.99
10103,4/9/2022 1:28:28 AM,-2.92
10103,4/9/2022 1:28:32 AM,-1.99
10103,4/9/2022 1:28:36 AM,-1.99
10103,4/9/2022 1:28:40 AM,-1.77
10103,4/9/2022 1:28:44 AM,-1.76
10103,4/9/2022 1:28:48 AM,-1.99
10103,4/9/2022 1:28:52 AM,-1.31
10103,4/9/2022 1:28:56 AM,-1.31
10103,4/9/2022 1:29:00 AM,-1.31
10103,4/9/2022 1:29:04 AM,-1.77
10103,4/9/2022 1:29:08 AM,-1.31
10103,4/9/2022 1:29:12 AM,-1.31
10103,4/9/2022 1:29:16 AM,-1.99
10103,4/9/2022 1:29:20 AM,-1.99
10103,4/9/2022 1:29:24 AM,-1.31
10103,4/9/2022 1:29:28 AM,-1.99
10103,4/9/2022 1:29:32 AM,-1.54
10103,4/9/2022 1:29:36 AM,-1.31
10103,4/9/2022 1:29:40 AM,-1.53
10103,4/9/2022 1:29:44 AM,-1.54
10103,4/9/2022 1:29:48 AM,-2.67
10103,4/9/2022 1:29:52 AM,-1.77
10103,4/9/2022 1:29:56 AM,-2.20
10103,4/9/2022 1:30:00 AM,-2.00
10103,4/9/2022 1:30:04 AM,-1.99
10103,4/9/2022 1:30:08 AM,-1.99
10103,4/9/2022 1:30:12 AM,-2.67
10103,4/9/2022 1:30:16 AM,-1.53
10103,4/9/2022 1:30:20 AM,-1.99
10103,4/9/2022 1:30:24 AM,-1.99
10103,4/9/2022 1:30:28 AM,-2.46
10103,4/9/2022 1:30:32 AM,-1.54
10103,4/9/2022 1:30:36 AM,-1.99
10103,4/9/2022 1:30:40 AM,-1.53
10103,4/9/2022 1:30:44 AM,-1.55
10103,4/9/2022 1:30:48 AM,-2.67
10103,4/9/2022 1:30:52 AM,-1.99
10103,4/9/2022 1:30:56 AM,-1.55
10103,4/9/2022 1:31:00 AM,-1.31
10103,4/9/2022 1:31:04 AM,-1.53
10103,4/9/2022 1:31:08 AM,-1.99
10103,4/9/2022 1:31:12 AM,-1.99
10103,4/9/2022 1:31:16 AM,-1.77
10103,4/9/2022 1:31:20 AM,-1.71
10103,4/9/2022 1:31:24 AM,-1.99
10103,4/9/2022 1:31:28 AM,-1.99
10103,4/9/2022 1:31:32 AM,-1.99
10103,4/9/2022 1:31:36 AM,-1.99
10103,4/9/2022 1:31:40 AM,-2.24
10103,4/9/2022 1:31:44 AM,-1.76
10103,4/9/2022 1:31:48 AM,-1.31
10103,4/9/2022 1:31:52 AM,-1.31
10103,4/9/2022 1:31:56 AM,-1.31
10103,4/9/2022 1:32:00 AM,-1.99
10103,4/9/2022 1:32:04 AM,-1.31
10103,4/9/2022 1:32:08 AM,-1.76
10103,4/9/2022 1:32:12 AM,-1.32
10103,4/9/2022 1:32:16 AM,-1.77
10103,4/9/2022 1:32:20 AM,-1.76
10103,4/9/2022 1:32:24 AM,-1.31
10103,4/9/2022 1:32:28 AM,-1.53
10103,4/9/2022 1:32:32 AM,-1.99
10103,4/9/2022 1:32:36 AM,-1.99
10103,4/9/2022 1:32:40 AM,-1.31
10103,4/9/2022 1:32:44 AM,-1.31
10103,4/9/2022 1:32:48 AM,-1.31
10103,4/9/2022 1:32:52 AM,-1.07
10103,4/9/2022 1:32:56 AM,-1.99
10103,4/9/2022 1:33:00 AM,-1.99
10103,4/9/2022 1:33:04 AM,-1.99
10103,4/9/2022 1:33:08 AM,-1.99
10103,4/9/2022 1:33:12 AM,-1.99
10103,4/9/2022 1:33:16 AM,-1.99
10103,4/9/2022 1:33:20 AM,-1.54
10103,4/9/2022 1:33:24 AM,-1.99
10103,4/9/2022 1:33:28 AM,-1.53
10103,4/9/2022 1:33:32 AM,-1.99
10103,4/9/2022 1:33:36 AM,-0.63
10103,4/9/2022 1:33:40 AM,-1.99
10103,4/9/2022 1:33:44 AM,-1.99
10103,4/9/2022 1:33:48 AM,-1.31
10103,4/9/2022 1:33:52 AM,-1.53
10103,4/9/2022 1:33:56 AM,-1.99
10103,4/9/2022 1:34:00 AM,-2.67
10103,4/9/2022 1:34:04 AM,-1.09
10103,4/9/2022 1:34:08 AM,-1.52
10103,4/9/2022 1:34:12 AM,-1.32
10103,4/9/2022 1:34:16 AM,-1.53
10103,4/9/2022 1:34:20 AM,-1.55
10103,4/9/2022 1:34:24 AM,-1.31
10103,4/9/2022 1:34:28 AM,-1.53
10103,4/9/2022 1:34:32 AM,-1.99
10103,4/9/2022 1:34:36 AM,-1.99
10103,4/9/2022 1:34:40 AM,-1.75
10103,4/9/2022 1:34:44 AM,-2.23
10103,4/9/2022 1:34:48 AM,-1.99
10103,4/9/2022 1:34:52 AM,-2.22
10103,4/9/2022 1:34:56 AM,-2.23
10103,4/9/2022 1:35:00 AM,-1.99
10103,4/9/2022 1:35:04 AM,-1.77
10103,4/9/2022 1:35:08 AM,-1.76
10103,4/9/2022 1:35:12 AM,-1.32
10103,4/9/2022 1:35:16 AM,-1.31
10103,4/9/2022 1:35:20 AM,-1.31
10103,4/9/2022 1:35:24 AM,-1.98
10103,4/9/2022 1:35:28 AM,-1.31
10103,4/9/2022 1:35:32 AM,-1.76
10103,4/9/2022 1:35:36 AM,-1.99
10103,4/9/2022 1:35:40 AM,-1.31
10103,4/9/2022 1:35:44 AM,-2.65
10103,4/9/2022 1:35:48 AM,-2.01
10103,4/9/2022 1:35:52 AM,-1.77
10103,4/9/2022 1:35:56 AM,-1.76
10103,4/9/2022 1:36:00 AM,-2.67
10103,4/9/2022 1:36:04 AM,-1.07
10103,4/9/2022 1:36:08 AM,-2.44
10103,4/9/2022 1:36:12 AM,-2.00
10103,4/9/2022 1:36:16 AM,-1.99
10103,4/9/2022 1:36:20 AM,-1.55
10103,4/9/2022 1:36:24 AM,-1.31
10103,4/9/2022 1:36:28 AM,-1.80
10103,4/9/2022 1:36:32 AM,-1.31
10103,4/9/2022 1:36:36 AM,-2.67
10103,4/9/2022 1:36:40 AM,-1.75
10103,4/9/2022 1:36:44 AM,-1.78
10103,4/9/2022 1:36:48 AM,-1.92
10103,4/9/2022 1:36:52 AM,-1.31
10103,4/9/2022 1:36:56 AM,-1.76
10103,4/9/2022 1:37:00 AM,-1.99
10103,4/9/2022 1:37:04 AM,-1.77
10103,4/9/2022 1:37:08 AM,-1.75
10103,4/9/2022 1:37:12 AM,-1.99
10103,4/9/2022 1:37:16 AM,-1.53
10103,4/9/2022 1:37:20 AM,-2.44
10103,4/9/2022 1:37:24 AM,-2.00
10103,4/9/2022 1:37:28 AM,-1.99
10103,4/9/2022 1:37:32 AM,-2.44
10103,4/9/2022 1:37:36 AM,-2.00
10103,4/9/2022 1:37:40 AM,-1.53
10103,4/9/2022 1:37:44 AM,-1.55
10103,4/9/2022 1:37:48 AM,-1.98
10103,4/9/2022 1:37:52 AM,-1.78
10103,4/9/2022 1:37:56 AM,-2.19
10103,4/9/2022 1:38:00 AM,-2.68
10103,4/9/2022 1:38:04 AM,-1.77
10103,4/9/2022 1:38:08 AM,-1.76
10103,4/9/2022 1:38:12 AM,-1.99
10103,4/9/2022 1:38:16 AM,-1.53
10103,4/9/2022 1:38:20 AM,-1.99
10103,4/9/2022 1:38:24 AM,-1.99
10103,4/9/2022 1:38:28 AM,-1.99
10103,4/9/2022 1:38:32 AM,-2.44
10103,4/9/2022 1:38:36 AM,-1.32
10103,4/9/2022 1:38:40 AM,-1.99
10103,4/9/2022 1:38:44 AM,-1.99
10103,4/9/2022 1:38:48 AM,-1.99
10103,4/9/2022 1:38:52 AM,-1.99
10103,4/9/2022 1:38:56 AM,-1.99
10103,4/9/2022 1:39:00 AM,-1.99
10103,4/9/2022 1:39:04 AM,-1.75
10103,4/9/2022 1:39:08 AM,-2.23
10103,4/9/2022 1:39:12 AM,-1.99
10103,4/9/2022 1:39:16 AM,-2.22
10103,4/9/2022 1:39:20 AM,-1.78
10103,4/9/2022 1:39:24 AM,-1.99
10103,4/9/2022 1:39:28 AM,-1.99
10103,4/9/2022 1:39:32 AM,-1.54
10103,4/9/2022 1:39:36 AM,-2.67
10103,4/9/2022 1:39:40 AM,-1.99
10103,4/9/2022 1:39:44 AM,-1.99
10103,4/9/2022 1:39:48 AM,-1.99
10103,4/9/2022 1:39:52 AM,-2.46
10103,4/9/2022 1:39:56 AM,-1.99
10103,4/9/2022 1:40:00 AM,-1.99
10103,4/9/2022 1:40:04 AM,-1.53
10103,4/9/2022 1:40:08 AM,-1.99
10103,4/9/2022 1:40:12 AM,-1.32
10103,4/9/2022 1:40:16 AM,-1.53
10103,4/9/2022 1:40:20 AM,-1.99
10103,4/9/2022 1:40:24 AM,-1.31
10103,4/9/2022 1:40:28 AM,-1.99
10103,4/9/2022 1:40:32 AM,-2.45
10103,4/9/2022 1:40:36 AM,-1.32
10103,4/9/2022 1:40:40 AM,-2.68
10103,4/9/2022 1:40:44 AM,-2.23
10103,4/9/2022 1:40:48 AM,-1.99
10103,4/9/2022 1:40:52 AM,-1.99
10103,4/9/2022 1:40:56 AM,-2.44
10103,4/9/2022 1:41:00 AM,-2.68
10103,4/9/2022 1:41:04 AM,-1.77
10103,4/9/2022 1:41:08 AM,-1.31
10103,4/9/2022 1:41:12 AM,-1.99
10103,4/9/2022 1:41:16 AM,-2.46
10103,4/9/2022 1:41:20 AM,-1.54
10103,4/9/2022 1:41:24 AM,-1.99
10103,4/9/2022 1:41:28 AM,-1.99
10103,4/9/2022 1:41:32 AM,-1.99
10103,4/9/2022 1:41:36 AM,-1.99
10103,4/9/2022 1:41:40 AM,-2.22
10103,4/9/2022 1:41:44 AM,-2.23
10103,4/9/2022 1:41:48 AM,-1.99
10103,4/9/2022 1:41:52 AM,-2.24
10103,4/9/2022 1:41:56 AM,-1.75
10103,4/9/2022 1:42:00 AM,-1.99
10103,4/9/2022 1:42:04 AM,-1.99
10103,4/9/2022 1:42:08 AM,-2.89
10103,4/9/2022 1:42:12 AM,-1.33
10103,4/9/2022 1:42:16 AM,-2.22
10103,4/9/2022 1:42:20 AM,-1.78
10103,4/9/2022 1:42:24 AM,-1.99
10103,4/9/2022 1:42:28 AM,-1.53
10103,4/9/2022 1:42:32 AM,-1.99
10103,4/9/2022 1:42:36 AM,-1.99
10103,4/9/2022 1:42:40 AM,-1.99
10103,4/9/2022 1:42:44 AM,-1.99
10103,4/9/2022 1:42:48 AM,-1.31
10103,4/9/2022 1:42:52 AM,-1.99
10103,4/9/2022 1:42:56 AM,-1.99
10103,4/9/2022 1:43:00 AM,-1.99
10103,4/9/2022 1:43:04 AM,-2.22
10103,4/9/2022 1:43:08 AM,-1.78
10103,4/9/2022 1:43:12 AM,-1.99
10103,4/9/2022 1:43:16 AM,-2.68
10103,4/9/2022 1:43:20 AM,-2.23
10103,4/9/2022 1:43:24 AM,-2.67
10103,4/9/2022 1:43:28 AM,-2.24
10103,4/9/2022 1:43:32 AM,-2.21
10103,4/9/2022 1:43:36 AM,-2.68
10103,4/9/2022 1:43:40 AM,-2.92
10103,4/9/2022 1:43:44 AM,-1.99
10103,4/9/2022 1:43:48 AM,-1.31
10103,4/9/2022 1:43:52 AM,-1.99
10103,4/9/2022 1:43:56 AM,-1.99
10103,4/9/2022 1:44:00 AM,-2.67
10103,4/9/2022 1:44:04 AM,-1.47
10103,4/9/2022 1:44:08 AM,-1.99
10103,4/9/2022 1:44:12 AM,-1.99
10103,4/9/2022 1:44:16 AM,-1.53
10103,4/9/2022 1:44:20 AM,-1.99
10103,4/9/2022 1:44:24 AM,-2.67
10103,4/9/2022 1:44:28 AM,-1.99
10103,4/9/2022 1:44:32 AM,-2.44
10103,4/9/2022 1:44:36 AM,-1.32
10103,4/9/2022 1:44:40 AM,-2.43
10103,4/9/2022 1:44:44 AM,-2.47
10103,4/9/2022 1:44:48 AM,-1.99
10103,4/9/2022 1:44:52 AM,-2.70
10103,4/9/2022 1:44:56 AM,-2.65
10103,4/9/2022 1:45:00 AM,-2.68
10103,4/9/2022 1:45:04 AM,-2.46
10103,4/9/2022 1:45:08 AM,-1.99
10103,4/9/2022 1:45:12 AM,-2.67
10103,4/9/2022 1:45:16 AM,-1.99
10103,4/9/2022 1:45:20 AM,-1.99
10103,4/9/2022 1:45:24 AM,-2.67
10103,4/9/2022 1:45:28 AM,-2.36
10103,4/9/2022 1:45:32 AM,-2.58
10103,4/9/2022 1:45:36 AM,-2.67
10103,4/9/2022 1:45:40 AM,-2.68
10103,4/9/2022 1:45:44 AM,-2.23
10103,4/9/2022 1:45:48 AM,-1.99
10103,4/9/2022 1:45:52 AM,-2.43
10103,4/9/2022 1:45:56 AM,-2.47
10103,4/9/2022 1:46:00 AM,-1.99
10103,4/9/2022 1:46:04 AM,-1.75
10103,4/9/2022 1:46:08 AM,-1.78
10103,4/9/2022 1:46:12 AM,-1.31
10103,4/9/2022 1:46:16 AM,-1.99
10103,4/9/2022 1:46:20 AM,-1.99
10103,4/9/2022 1:46:24 AM,-1.99
10103,4/9/2022 1:46:28 AM,-1.99
10103,4/9/2022 1:46:32 AM,-1.99
10103,4/9/2022 1:46:36 AM,-1.32
10103,4/9/2022 1:46:40 AM,-2.24
10103,4/9/2022 1:46:44 AM,-1.76
10103,4/9/2022 1:46:48 AM,-1.99
10103,4/9/2022 1:46:52 AM,-2.44
10103,4/9/2022 1:46:56 AM,-2.02
10103,4/9/2022 1:47:00 AM,-3.35
10103,4/9/2022 1:47:04 AM,-1.97
10103,4/9/2022 1:47:08 AM,-2.92
10103,4/9/2022 1:47:12 AM,-3.35
10103,4/9/2022 1:47:16 AM,-1.53
10103,4/9/2022 1:47:20 AM,-2.44
10103,4/9/2022 1:47:24 AM,-2.68
10103,4/9/2022 1:47:28 AM,-2.21
10103,4/9/2022 1:47:32 AM,-2.23
10103,4/9/2022 1:47:36 AM,-1.32
10103,4/9/2022 1:47:40 AM,-2.46
10103,4/9/2022 1:47:44 AM,-1.99
10103,4/9/2022 1:47:48 AM,-1.99
10103,4/9/2022 1:47:52 AM,-1.53
10103,4/9/2022 1:47:56 AM,-2.44
10103,4/9/2022 1:48:00 AM,-3.36
10103,4/9/2022 1:48:04 AM,-2.68
10103,4/9/2022 1:48:08 AM,-2.23
10103,4/9/2022 1:48:12 AM,-1.32
10103,4/9/2022 1:48:16 AM,-2.21
10103,4/9/2022 1:48:20 AM,-2.23
10103,4/9/2022 1:48:24 AM,-2.67
10103,4/9/2022 1:48:28 AM,-1.53
10103,4/9/2022 1:48:32 AM,-2.89
10103,4/9/2022 1:48:36 AM,-3.36
10103,4/9/2022 1:48:40 AM,-1.53
10103,4/9/2022 1:48:44 AM,-2.44
10103,4/9/2022 1:48:48 AM,-2.00
10103,4/9/2022 1:48:52 AM,-1.99
10103,4/9/2022 1:48:56 AM,-2.44
10103,4/9/2022 1:49:00 AM,-2.00
10103,4/9/2022 1:49:04 AM,-1.99
10103,4/9/2022 1:49:08 AM,-2.44
10103,4/9/2022 1:49:12 AM,-2.00
10103,4/9/2022 1:49:16 AM,-2.46
10103,4/9/2022 1:49:20 AM,-1.99
10103,4/9/2022 1:49:24 AM,-1.99
10103,4/9/2022 1:49:28 AM,-2.21
10103,4/9/2022 1:49:32 AM,-2.68
10103,4/9/2022 1:49:36 AM,-2.00
10103,4/9/2022 1:49:40 AM,-1.78
10103,4/9/2022 1:49:44 AM,-1.76
10103,4/9/2022 1:49:48 AM,-1.32
10103,4/9/2022 1:49:52 AM,-1.31
10103,4/9/2022 1:49:56 AM,-1.75
10103,4/9/2022 1:50:00 AM,-3.35
10103,4/9/2022 1:50:04 AM,-1.99
10103,4/9/2022 1:50:08 AM,-1.99
10103,4/9/2022 1:50:12 AM,-2.67
10103,4/9/2022 1:50:16 AM,-2.21
10103,4/9/2022 1:50:20 AM,-2.23
10103,4/9/2022 1:50:24 AM,-1.99
10103,4/9/2022 1:50:28 AM,-1.53
10103,4/9/2022 1:50:32 AM,-1.99
10103,4/9/2022 1:50:36 AM,-1.99
10103,4/9/2022 1:50:40 AM,-1.53
10103,4/9/2022 1:50:44 AM,-1.99
10103,4/9/2022 1:50:48 AM,-1.99
10103,4/9/2022 1:50:52 AM,-1.99
10103,4/9/2022 1:50:56 AM,-2.44
10103,4/9/2022 1:51:00 AM,-2.00
10103,4/9/2022 1:51:04 AM,-1.53
10103,4/9/2022 1:51:08 AM,-1.55
10103,4/9/2022 1:51:12 AM,-1.98
10103,4/9/2022 1:51:16 AM,-1.75
10103,4/9/2022 1:51:20 AM,-3.13
10103,4/9/2022 1:51:24 AM,-2.00
10103,4/9/2022 1:51:28 AM,-1.99
10103,4/9/2022 1:51:32 AM,-1.99
10103,4/9/2022 1:51:36 AM,-1.39
10103,4/9/2022 1:51:40 AM,-2.46
10103,4/9/2022 1:51:44 AM,-1.99
10103,4/9/2022 1:51:48 AM,-1.99
10103,4/9/2022 1:51:52 AM,-1.53
10103,4/9/2022 1:51:56 AM,-1.55
10103,4/9/2022 1:52:00 AM,-1.99
10103,4/9/2022 1:52:04 AM,-1.99
10103,4/9/2022 1:52:08 AM,-1.54
10103,4/9/2022 1:52:12 AM,-2.66
10103,4/9/2022 1:52:16 AM,-2.68
10103,4/9/2022 1:52:20 AM,-2.68
10103,4/9/2022 1:52:24 AM,-2.00
10103,4/9/2022 1:52:28 AM,-2.22
10103,4/9/2022 1:52:32 AM,-3.13
10103,4/9/2022 1:52:36 AM,-1.32
10103,4/9/2022 1:52:40 AM,-2.46
10103,4/9/2022 1:52:44 AM,-1.99
10103,4/9/2022 1:52:48 AM,-1.31
10103,4/9/2022 1:52:52 AM,-1.99
10103,4/9/2022 1:52:56 AM,-2.44
10103,4/9/2022 1:53:00 AM,-1.32
10103,4/9/2022 1:53:04 AM,-1.99
10103,4/9/2022 1:53:08 AM,-1.99
10103,4/9/2022 1:53:12 AM,-1.99
10103,4/9/2022 1:53:16 AM,-1.99
10103,4/9/2022 1:53:20 AM,-1.99
10103,4/9/2022 1:53:24 AM,-1.99
10103,4/9/2022 1:53:28 AM,-2.43
10103,4/9/2022 1:53:32 AM,-2.46
10103,4/9/2022 1:53:36 AM,-1.99
10103,4/9/2022 1:53:40 AM,-1.99
10103,4/9/2022 1:53:44 AM,-1.99
10103,4/9/2022 1:53:48 AM,-1.31
10103,4/9/2022 1:53:52 AM,-1.99
10103,4/9/2022 1:53:56 AM,-1.99
10103,4/9/2022 1:54:00 AM,-2.67
10103,4/9/2022 1:54:04 AM,-1.47
10103,4/9/2022 1:54:08 AM,-2.45
10103,4/9/2022 1:54:12 AM,-1.32
10103,4/9/2022 1:54:16 AM,-1.99
10103,4/9/2022 1:54:20 AM,-2.44
10103,4/9/2022 1:54:24 AM,-2.00
10103,4/9/2022 1:54:28 AM,-1.99
10103,4/9/2022 1:54:32 AM,-1.99
10103,4/9/2022 1:54:36 AM,-2.67
10103,4/9/2022 1:54:40 AM,-1.99
10103,4/9/2022 1:54:44 AM,-2.44
10103,4/9/2022 1:54:48 AM,-1.32
10103,4/9/2022 1:54:52 AM,-2.68
10103,4/9/2022 1:54:56 AM,-2.68
10103,4/9/2022 1:55:00 AM,-2.00
10103,4/9/2022 1:55:04 AM,-1.53
10103,4/9/2022 1:55:08 AM,-2.44
10103,4/9/2022 1:55:12 AM,-2.68
10103,4/9/2022 1:55:16 AM,-2.68
10103,4/9/2022 1:55:20 AM,-2.68
10103,4/9/2022 1:55:24 AM,-2.00
10103,4/9/2022 1:55:28 AM,-1.99
10103,4/9/2022 1:55:32 AM,-2.44
10103,4/9/2022 1:55:36 AM,-2.00
10103,4/9/2022 1:55:40 AM,-2.68
10103,4/9/2022 1:55:44 AM,-2.68
10103,4/9/2022 1:55:48 AM,-2.68
10103,4/9/2022 1:55:52 AM,-1.99
10103,4/9/2022 1:55:56 AM,-1.99
10103,4/9/2022 1:56:00 AM,-2.67
10103,4/9/2022 1:56:04 AM,-2.44
10103,4/9/2022 1:56:08 AM,-2.91
10103,4/9/2022 1:56:12 AM,-2.68
10103,4/9/2022 1:56:16 AM,-2.68
10103,4/9/2022 1:56:20 AM,-2.24
10103,4/9/2022 1:56:24 AM,-2.67
10103,4/9/2022 1:56:28 AM,-2.46
10103,4/9/2022 1:56:32 AM,-2.44
10103,4/9/2022 1:56:36 AM,-2.68
10103,4/9/2022 1:56:40 AM,-2.46
10103,4/9/2022 1:56:44 AM,-1.99
10103,4/9/2022 1:56:48 AM,-1.99
10103,4/9/2022 1:56:52 AM,-2.46
10103,4/9/2022 1:56:56 AM,-2.44
10103,4/9/2022 1:57:00 AM,-3.35
10103,4/9/2022 1:57:04 AM,-2.68
10103,4/9/2022 1:57:08 AM,-2.23
10103,4/9/2022 1:57:12 AM,-1.99
10103,4/9/2022 1:57:16 AM,-1.99
10103,4/9/2022 1:57:20 AM,-2.89
10103,4/9/2022 1:57:24 AM,-2.00
10103,4/9/2022 1:57:28 AM,-2.43
10103,4/9/2022 1:57:32 AM,-2.47
10103,4/9/2022 1:57:36 AM,-1.99
10103,4/9/2022 1:57:40 AM,-2.68
10103,4/9/2022 1:57:44 AM,-2.23
10103,4/9/2022 1:57:48 AM,-1.99
10103,4/9/2022 1:57:52 AM,-1.99
10103,4/9/2022 1:57:56 AM,-1.99
10103,4/9/2022 1:58:00 AM,-2.67
10103,4/9/2022 1:58:04 AM,-2.22
10103,4/9/2022 1:58:08 AM,-2.68
10103,4/9/2022 1:58:12 AM,-2.68
10103,4/9/2022 1:58:16 AM,-2.46
10103,4/9/2022 1:58:20 AM,-1.99
10103,4/9/2022 1:58:24 AM,-2.67
10103,4/9/2022 1:58:28 AM,-2.90
10103,4/9/2022 1:58:32 AM,-2.91
10103,4/9/2022 1:58:36 AM,-2.68
10103,4/9/2022 1:58:40 AM,-2.43
10103,4/9/2022 1:58:44 AM,-3.36
10103,4/9/2022 1:58:48 AM,-2.01
10103,4/9/2022 1:58:52 AM,-2.46
10103,4/9/2022 1:58:56 AM,-1.99
10103,4/9/2022 1:59:00 AM,-2.67
10103,4/9/2022 1:59:04 AM,-2.46
10103,4/9/2022 1:59:08 AM,-1.99
10103,4/9/2022 1:59:12 AM,-2.67
10103,4/9/2022 1:59:16 AM,-2.68
10103,4/9/2022 1:59:20 AM,-2.23
10103,4/9/2022 1:59:24 AM,-3.35
10103,4/9/2022 1:59:28 AM,-2.21
10103,4/9/2022 1:59:32 AM,-2.23
10103,4/9/2022 1:59:36 AM,-1.32
10103,4/9/2022 1:59:40 AM,-1.99
10103,4/9/2022 1:59:44 AM,-1.99
10103,4/9/2022 1:59:48 AM,-1.99
10103,4/9/2022 1:59:52 AM,-1.99
10103,4/9/2022 1:59:56 AM,-2.38
10103,4/9/2022 2:00:00 AM,-2.00
10103,4/9/2022 2:00:04 AM,-1.99
10103,4/9/2022 2:00:08 AM,-1.54
10103,4/9/2022 2:00:12 AM,-1.31
10103,4/9/2022 2:00:16 AM,-1.77
10103,4/9/2022 2:00:20 AM,-1.76
10103,4/9/2022 2:00:24 AM,-2.67
10103,4/9/2022 2:00:28 AM,-2.90
10103,4/9/2022 2:00:32 AM,-2.46
10103,4/9/2022 2:00:36 AM,-1.99
10103,4/9/2022 2:00:40 AM,-1.99
10103,4/9/2022 2:00:44 AM,-2.44
10103,4/9/2022 2:00:48 AM,-2.68
10103,4/9/2022 2:00:52 AM,-2.68
10103,4/9/2022 2:00:56 AM,-2.68
10103,4/9/2022 2:01:00 AM,-3.36
10103,4/9/2022 2:01:04 AM,-2.21
10103,4/9/2022 2:01:08 AM,-2.23
10103,4/9/2022 2:01:12 AM,-1.99
10103,4/9/2022 2:01:16 AM,-2.44
10103,4/9/2022 2:01:20 AM,-2.91
10103,4/9/2022 2:01:24 AM,-2.00
10103,4/9/2022 2:01:28 AM,-2.21
10103,4/9/2022 2:01:32 AM,-2.68
10103,4/9/2022 2:01:36 AM,-2.00
10103,4/9/2022 2:01:40 AM,-2.68
10103,4/9/2022 2:01:44 AM,-2.23
10103,4/9/2022 2:01:48 AM,-1.99
10103,4/9/2022 2:01:52 AM,-3.18
10103,4/9/2022 2:01:56 AM,-2.29
10103,4/9/2022 2:02:00 AM,-2.67
10103,4/9/2022 2:02:04 AM,-1.31
10103,4/9/2022 2:02:08 AM,-1.76
10103,4/9/2022 2:02:12 AM,-1.99
10103,4/9/2022 2:02:16 AM,-1.99
10103,4/9/2022 2:02:20 AM,-1.99
10103,4/9/2022 2:02:24 AM,-2.67
10103,4/9/2022 2:02:28 AM,-2.46
10103,4/9/2022 2:02:32 AM,-2.44
10103,4/9/2022 2:02:36 AM,-3.36
10103,4/9/2022 2:02:40 AM,-2.93
10103,4/9/2022 2:02:44 AM,-2.44
10103,4/9/2022 2:02:48 AM,-2.68
10103,4/9/2022 2:02:52 AM,-2.21
10103,4/9/2022 2:02:56 AM,-2.68
10103,4/9/2022 2:03:00 AM,-2.00
10103,4/9/2022 2:03:04 AM,-1.99
10103,4/9/2022 2:03:08 AM,-1.99
10103,4/9/2022 2:03:12 AM,-3.34
10103,4/9/2022 2:03:16 AM,-2.46
10103,4/9/2022 2:03:20 AM,-1.99
10103,4/9/2022 2:03:24 AM,-2.67
10103,4/9/2022 2:03:28 AM,-2.93
10103,4/9/2022 2:03:32 AM,-1.99
10103,4/9/2022 2:03:36 AM,-2.67
10103,4/9/2022 2:03:40 AM,-1.99
10103,4/9/2022 2:03:44 AM,-1.99
10103,4/9/2022 2:03:48 AM,-1.32
10103,4/9/2022 2:03:52 AM,-1.99
10103,4/9/2022 2:03:56 AM,-2.44
10103,4/9/2022 2:04:00 AM,-3.36
10103,4/9/2022 2:04:04 AM,-1.99
10103,4/9/2022 2:04:08 AM,-1.59
10103,4/9/2022 2:04:12 AM,-2.66
10103,4/9/2022 2:04:16 AM,-2.68
10103,4/9/2022 2:04:20 AM,-3.13
10103,4/9/2022 2:04:24 AM,-2.00
10103,4/9/2022 2:04:28 AM,-2.46
10103,4/9/2022 2:04:32 AM,-1.99
10103,4/9/2022 2:04:36 AM,-1.99
10103,4/9/2022 2:04:40 AM,-2.46
10103,4/9/2022 2:04:44 AM,-2.89
10103,4/9/2022 2:04:48 AM,-2.00
10103,4/9/2022 2:04:52 AM,-2.46
10103,4/9/2022 2:04:56 AM,-2.44
10103,4/9/2022 2:05:00 AM,-2.00
10103,4/9/2022 2:05:04 AM,-3.14
10103,4/9/2022 2:05:08 AM,-1.78
10103,4/9/2022 2:05:12 AM,-2.66
10103,4/9/2022 2:05:16 AM,-2.22
10103,4/9/2022 2:05:20 AM,-2.23
10103,4/9/2022 2:05:24 AM,-1.99
10103,4/9/2022 2:05:28 AM,-1.53
10103,4/9/2022 2:05:32 AM,-2.89
10103,4/9/2022 2:05:36 AM,-2.00
10103,4/9/2022 2:05:40 AM,-2.23
10103,4/9/2022 2:05:44 AM,-1.76
10103,4/9/2022 2:05:48 AM,-1.99
10103,4/9/2022 2:05:52 AM,-2.99
10103,4/9/2022 2:05:56 AM,-2.78
10103,4/9/2022 2:06:00 AM,-1.32
10103,4/9/2022 2:06:04 AM,-2.46
10103,4/9/2022 2:06:08 AM,-2.45
10103,4/9/2022 2:06:12 AM,-2.00
10103,4/9/2022 2:06:16 AM,-2.46
10103,4/9/2022 2:06:20 AM,-1.99
10103,4/9/2022 2:06:24 AM,-2.67
10103,4/9/2022 2:06:28 AM,-3.14
10103,4/9/2022 2:06:32 AM,-2.23
10103,4/9/2022 2:06:36 AM,-2.67
10103,4/9/2022 2:06:40 AM,-2.21
10103,4/9/2022 2:06:44 AM,-2.23
10103,4/9/2022 2:06:48 AM,-3.36
10103,4/9/2022 2:06:52 AM,-1.99
10103,4/9/2022 2:06:56 AM,-1.99
10103,4/9/2022 2:07:00 AM,-1.99
10103,4/9/2022 2:07:04 AM,-3.14
10103,4/9/2022 2:07:08 AM,-2.23
10103,4/9/2022 2:07:12 AM,-1.99
10103,4/9/2022 2:07:16 AM,-2.44
10103,4/9/2022 2:07:20 AM,-2.91
10103,4/9/2022 2:07:24 AM,-2.00
10103,4/9/2022 2:07:28 AM,-2.21
10103,4/9/2022 2:07:32 AM,-2.23
10103,4/9/2022 2:07:36 AM,-2.67
10103,4/9/2022 2:07:40 AM,-1.77
10103,4/9/2022 2:07:44 AM,-2.21
10103,4/9/2022 2:07:48 AM,-2.00
10103,4/9/2022 2:07:52 AM,-2.92
10103,4/9/2022 2:07:56 AM,-2.89
10103,4/9/2022 2:08:00 AM,-1.32
10103,4/9/2022 2:08:04 AM,-2.98
10103,4/9/2022 2:08:08 AM,-1.99
10103,4/9/2022 2:08:12 AM,-1.99
10103,4/9/2022 2:08:16 AM,-2.46
10103,4/9/2022 2:08:20 AM,-1.99
10103,4/9/2022 2:08:24 AM,-1.99
10103,4/9/2022 2:08:28 AM,-2.43
10103,4/9/2022 2:08:32 AM,-3.36
10103,4/9/2022 2:08:36 AM,-2.68
10103,4/9/2022 2:08:40 AM,-2.92
10103,4/9/2022 2:08:44 AM,-2.44
10103,4/9/2022 2:08:48 AM,-2.00
10103,4/9/2022 2:08:52 AM,-1.99
10103,4/9/2022 2:08:56 AM,-2.89
10103,4/9/2022 2:09:00 AM,-2.00
10103,4/9/2022 2:09:04 AM,-1.75
10103,4/9/2022 2:09:08 AM,-2.68
10103,4/9/2022 2:09:12 AM,-2.00
10103,4/9/2022 2:09:16 AM,-2.44
10103,4/9/2022 2:09:20 AM,-2.46
10103,4/9/2022 2:09:24 AM,-1.31
10103,4/9/2022 2:09:28 AM,-1.53
10103,4/9/2022 2:09:32 AM,-2.89
10103,4/9/2022 2:09:36 AM,-2.00
10103,4/9/2022 2:09:40 AM,-2.46
10103,4/9/2022 2:09:44 AM,-1.99
10103,4/9/2022 2:09:48 AM,-2.67
10103,4/9/2022 2:09:52 AM,-1.99
10103,4/9/2022 2:09:56 AM,-1.99
10103,4/9/2022 2:10:00 AM,-1.32
10103,4/9/2022 2:10:04 AM,-1.99
10103,4/9/2022 2:10:08 AM,-1.99
10103,4/9/2022 2:10:12 AM,-1.32
10103,4/9/2022 2:10:16 AM,-2.44
10103,4/9/2022 2:10:20 AM,-2.47
10103,4/9/2022 2:10:24 AM,-3.35
10103,4/9/2022 2:10:28 AM,-3.14
10103,4/9/2022 2:10:32 AM,-2.68
10103,4/9/2022 2:10:36 AM,-1.32
10103,4/9/2022 2:10:40 AM,-2.21
10103,4/9/2022 2:10:44 AM,-3.13
10103,4/9/2022 2:10:48 AM,-2.68
10103,4/9/2022 2:10:52 AM,-2.22
10103,4/9/2022 2:10:56 AM,-2.23
10103,4/9/2022 2:11:00 AM,-2.67
10103,4/9/2022 2:11:04 AM,-2.46
10103,4/9/2022 2:11:08 AM,-2.45
10103,4/9/2022 2:11:12 AM,-2.00
10103,4/9/2022 2:11:16 AM,-3.59
10103,4/9/2022 2:11:20 AM,-3.15
10103,4/9/2022 2:11:24 AM,-2.68
10103,4/9/2022 2:11:28 AM,-1.99
10103,4/9/2022 2:11:32 AM,-1.99
10103,4/9/2022 2:11:36 AM,-2.67
10103,4/9/2022 2:11:40 AM,-3.14
10103,4/9/2022 2:11:44 AM,-2.68
10103,4/9/2022 2:11:48 AM,-2.00
10103,4/9/2022 2:11:52 AM,-1.99
10103,4/9/2022 2:11:56 AM,-2.44
10103,4/9/2022 2:12:00 AM,-2.04
10103,4/9/2022 2:12:04 AM,-2.46
10103,4/9/2022 2:12:08 AM,-1.99
10103,4/9/2022 2:12:12 AM,-1.99
10103,4/9/2022 2:12:16 AM,-2.21
10103,4/9/2022 2:12:20 AM,-2.68
10103,4/9/2022 2:12:24 AM,-3.36
10103,4/9/2022 2:12:28 AM,-2.90
10103,4/9/2022 2:12:32 AM,-2.46
10103,4/9/2022 2:12:36 AM,-1.99
10103,4/9/2022 2:12:40 AM,-2.24
10103,4/9/2022 2:12:44 AM,-2.65
10103,4/9/2022 2:12:48 AM,-2.01
10103,4/9/2022 2:12:52 AM,-2.22
10103,4/9/2022 2:12:56 AM,-2.23
10103,4/9/2022 2:13:00 AM,-1.99
10103,4/9/2022 2:13:04 AM,-2.46
10103,4/9/2022 2:13:08 AM,-2.89
10103,4/9/2022 2:13:12 AM,-2.01
10103,4/9/2022 2:13:16 AM,-2.92
10103,4/9/2022 2:13:20 AM,-2.89
10103,4/9/2022 2:13:24 AM,-2.68
10103,4/9/2022 2:13:28 AM,-2.21
10103,4/9/2022 2:13:32 AM,-2.68
10103,4/9/2022 2:13:36 AM,-2.00
10103,4/9/2022 2:13:40 AM,-3.14
10103,4/9/2022 2:13:44 AM,-2.68
10103,4/9/2022 2:13:48 AM,-2.00
10103,4/9/2022 2:13:52 AM,-3.15
10103,4/9/2022 2:13:56 AM,-2.24
10103,4/9/2022 2:14:00 AM,-1.99
10103,4/9/2022 2:14:04 AM,-3.00
10103,4/9/2022 2:14:08 AM,-2.38
10103,4/9/2022 2:14:12 AM,-2.68
10103,4/9/2022 2:14:16 AM,-2.68
10103,4/9/2022 2:14:20 AM,-2.68
10103,4/9/2022 2:14:24 AM,-2.00
10103,4/9/2022 2:14:28 AM,-2.43
10103,4/9/2022 2:14:32 AM,-2.47
10103,4/9/2022 2:14:36 AM,-1.99
10103,4/9/2022 2:14:40 AM,-2.43
10103,4/9/2022 2:14:44 AM,-2.47
10103,4/9/2022 2:14:48 AM,-1.99
10103,4/9/2022 2:14:52 AM,-3.14
10103,4/9/2022 2:14:56 AM,-2.23
10103,4/9/2022 2:15:00 AM,-3.35
10103,4/9/2022 2:15:04 AM,-2.43
10103,4/9/2022 2:15:08 AM,-2.92
10103,4/9/2022 2:15:12 AM,-2.68
10103,4/9/2022 2:15:16 AM,-2.68
10103,4/9/2022 2:15:20 AM,-2.68
10103,4/9/2022 2:15:24 AM,-1.32
10103,4/9/2022 2:15:28 AM,-2.68
10103,4/9/2022 2:15:32 AM,-3.13
10103,4/9/2022 2:15:36 AM,-2.01
10103,4/9/2022 2:15:40 AM,-2.68
10103,4/9/2022 2:15:44 AM,-2.23
10103,4/9/2022 2:15:48 AM,-1.99
10103,4/9/2022 2:15:52 AM,-3.36
10103,4/9/2022 2:15:56 AM,-2.92
10103,4/9/2022 2:16:00 AM,-2.68
10103,4/9/2022 2:16:04 AM,-2.46
10103,4/9/2022 2:16:08 AM,-1.55
10103,4/9/2022 2:16:12 AM,-1.98
10103,4/9/2022 2:16:16 AM,-1.99
10103,4/9/2022 2:16:20 AM,-2.88
10103,4/9/2022 2:16:24 AM,-2.69
10103,4/9/2022 2:16:28 AM,-2.68
10103,4/9/2022 2:16:32 AM,-3.12
10103,4/9/2022 2:16:36 AM,-2.00
10103,4/9/2022 2:16:40 AM,-3.36
10103,4/9/2022 2:16:44 AM,-2.92
10103,4/9/2022 2:16:48 AM,-3.36
10103,4/9/2022 2:16:52 AM,-2.46
10103,4/9/2022 2:16:56 AM,-2.89
10103,4/9/2022 2:17:00 AM,-2.01
10103,4/9/2022 2:17:04 AM,-1.99
10103,4/9/2022 2:17:08 AM,-2.44
10103,4/9/2022 2:17:12 AM,-2.00
10103,4/9/2022 2:17:16 AM,-2.22
10103,4/9/2022 2:17:20 AM,-2.68
10103,4/9/2022 2:17:24 AM,-2.68
10103,4/9/2022 2:17:28 AM,-1.99
10103,4/9/2022 2:17:32 AM,-1.54
10103,4/9/2022 2:17:36 AM,-1.99
10103,4/9/2022 2:17:40 AM,-3.36
10103,4/9/2022 2:17:44 AM,-2.46
10103,4/9/2022 2:17:48 AM,-1.99
10103,4/9/2022 2:17:52 AM,-2.46
10103,4/9/2022 2:17:56 AM,-2.44
10103,4/9/2022 2:18:00 AM,-2.68
10103,4/9/2022 2:18:04 AM,-1.99
10103,4/9/2022 2:18:08 AM,-1.99
10103,4/9/2022 2:18:12 AM,-1.99
10103,4/9/2022 2:18:16 AM,-2.46
10103,4/9/2022 2:18:20 AM,-1.99
10103,4/9/2022 2:18:24 AM,-1.99
10103,4/9/2022 2:18:28 AM,-2.43
10103,4/9/2022 2:18:32 AM,-3.36
10103,4/9/2022 2:18:36 AM,-2.01
10103,4/9/2022 2:18:40 AM,-2.21
10103,4/9/2022 2:18:44 AM,-2.68
10103,4/9/2022 2:18:48 AM,-2.68
10103,4/9/2022 2:18:52 AM,-2.68
10103,4/9/2022 2:18:56 AM,-2.23
10103,4/9/2022 2:19:00 AM,-1.99
10103,4/9/2022 2:19:04 AM,-1.53
10103,4/9/2022 2:19:08 AM,-2.44
10103,4/9/2022 2:19:12 AM,-2.68
10103,4/9/2022 2:19:16 AM,-1.99
10103,4/9/2022 2:19:20 AM,-1.99
10103,4/9/2022 2:19:24 AM,-1.99
10103,4/9/2022 2:19:28 AM,-2.68
10103,4/9/2022 2:19:32 AM,-2.68
10103,4/9/2022 2:19:36 AM,-2.00
10103,4/9/2022 2:19:40 AM,-1.99
10103,4/9/2022 2:19:44 AM,-2.44
10103,4/9/2022 2:19:48 AM,-2.00
10103,4/9/2022 2:19:52 AM,-2.92
10103,4/9/2022 2:19:56 AM,-2.44
10103,4/9/2022 2:20:00 AM,-2.68
10103,4/9/2022 2:20:04 AM,-3.05
10103,4/9/2022 2:20:08 AM,-1.99
10103,4/9/2022 2:20:12 AM,-2.67
10103,4/9/2022 2:20:16 AM,-2.46
10103,4/9/2022 2:20:20 AM,-2.44
10103,4/9/2022 2:20:24 AM,-2.00
10103,4/9/2022 2:20:28 AM,-1.99
10103,4/9/2022 2:20:32 AM,-1.99
10103,4/9/2022 2:20:36 AM,-3.35
10103,4/9/2022 2:20:40 AM,-2.21
10103,4/9/2022 2:20:44 AM,-2.68
10103,4/9/2022 2:20:48 AM,-2.68
10103,4/9/2022 2:20:52 AM,-2.92
10103,4/9/2022 2:20:56 AM,-2.44
10103,4/9/2022 2:21:00 AM,-3.36
10103,4/9/2022 2:21:04 AM,-2.21
10103,4/9/2022 2:21:08 AM,-3.12
10103,4/9/2022 2:21:12 AM,-2.01
10103,4/9/2022 2:21:16 AM,-2.90
10103,4/9/2022 2:21:20 AM,-2.47
10103,4/9/2022 2:21:24 AM,-1.99
10103,4/9/2022 2:21:28 AM,-1.99
10103,4/9/2022 2:21:32 AM,-2.43
10103,4/9/2022 2:21:36 AM,-2.00
10103,4/9/2022 2:21:40 AM,-1.99
10103,4/9/2022 2:21:44 AM,-2.44
10103,4/9/2022 2:21:48 AM,-2.00
10103,4/9/2022 2:21:52 AM,-2.68
10103,4/9/2022 2:21:56 AM,-2.23
10103,4/9/2022 2:22:00 AM,-2.67
10103,4/9/2022 2:22:04 AM,-1.99
10103,4/9/2022 2:22:08 AM,-1.99
10103,4/9/2022 2:22:12 AM,-2.67
10103,4/9/2022 2:22:16 AM,-2.90
10103,4/9/2022 2:22:20 AM,-2.47
10103,4/9/2022 2:22:24 AM,-3.35
10103,4/9/2022 2:22:28 AM,-2.46
10103,4/9/2022 2:22:32 AM,-1.99
10103,4/9/2022 2:22:36 AM,-1.99
10103,4/9/2022 2:22:40 AM,-1.97
10103,4/9/2022 2:22:44 AM,-2.92
10103,4/9/2022 2:22:48 AM,-2.00
10103,4/9/2022 2:22:52 AM,-2.68
10103,4/9/2022 2:22:56 AM,-2.23
10103,4/9/2022 2:23:00 AM,-1.99
10103,4/9/2022 2:23:04 AM,-2.46
10103,4/9/2022 2:23:08 AM,-2.89
10103,4/9/2022 2:23:12 AM,-1.34
10103,4/9/2022 2:23:16 AM,-2.68
10103,4/9/2022 2:23:20 AM,-2.23
10103,4/9/2022 2:23:24 AM,-1.99
10103,4/9/2022 2:23:28 AM,-2.68
10103,4/9/2022 2:23:32 AM,-2.68
10103,4/9/2022 2:23:36 AM,-2.00
10103,4/9/2022 2:23:40 AM,-2.22
10103,4/9/2022 2:23:44 AM,-2.23
10103,4/9/2022 2:23:48 AM,-1.99
10103,4/9/2022 2:23:52 AM,-2.92
10103,4/9/2022 2:23:56 AM,-1.99
10103,4/9/2022 2:24:00 AM,-2.67
10103,4/9/2022 2:24:04 AM,-2.18
10103,4/9/2022 2:24:08 AM,-2.28
10103,4/9/2022 2:24:12 AM,-2.67
10103,4/9/2022 2:24:16 AM,-1.75
10103,4/9/2022 2:24:20 AM,-3.13
10103,4/9/2022 2:24:24 AM,-2.00
10103,4/9/2022 2:24:28 AM,-1.99
10103,4/9/2022 2:24:32 AM,-2.45
10103,4/9/2022 2:24:36 AM,-2.68
10103,4/9/2022 2:24:40 AM,-2.68
10103,4/9/2022 2:24:44 AM,-2.68
10103,4/9/2022 2:24:48 AM,-2.00
10103,4/9/2022 2:24:52 AM,-1.99
10103,4/9/2022 2:24:56 AM,-2.44
10103,4/9/2022 2:25:00 AM,-3.36
10103,4/9/2022 2:25:04 AM,-2.46
10103,4/9/2022 2:25:08 AM,-2.44
10103,4/9/2022 2:25:12 AM,-2.68
10103,4/9/2022 2:25:16 AM,-2.46
10103,4/9/2022 2:25:20 AM,-1.99
10103,4/9/2022 2:25:24 AM,-2.67
10103,4/9/2022 2:25:28 AM,-2.68
10103,4/9/2022 2:25:32 AM,-2.23
10103,4/9/2022 2:25:36 AM,-2.67
10103,4/9/2022 2:25:40 AM,-1.77
10103,4/9/2022 2:25:44 AM,-2.21
10103,4/9/2022 2:25:48 AM,-2.68
10103,4/9/2022 2:25:52 AM,-2.46
10103,4/9/2022 2:25:56 AM,-1.99
10103,4/9/2022 2:26:00 AM,-1.99
10103,4/9/2022 2:26:04 AM,-2.37
10103,4/9/2022 2:26:08 AM,-2.97
10103,4/9/2022 2:26:12 AM,-2.68
10103,4/9/2022 2:26:16 AM,-2.46
10103,4/9/2022 2:26:20 AM,-2.44
10103,4/9/2022 2:26:24 AM,-1.42
10103,4/9/2022 2:26:28 AM,-2.90
10103,4/9/2022 2:26:32 AM,-2.92
10103,4/9/2022 2:26:36 AM,-2.68
10103,4/9/2022 2:26:40 AM,-2.21
10103,4/9/2022 2:26:44 AM,-2.68
10103,4/9/2022 2:26:48 AM,-2.00
10103,4/9/2022 2:26:52 AM,-2.90
10103,4/9/2022 2:26:56 AM,-2.02
10103,4/9/2022 2:27:00 AM,-2.67
10103,4/9/2022 2:27:04 AM,-2.44
10103,4/9/2022 2:27:08 AM,-3.81
10103,4/9/2022 2:27:12 AM,-3.37
10103,4/9/2022 2:27:16 AM,-2.22
10103,4/9/2022 2:27:20 AM,-1.78
10103,4/9/2022 2:27:24 AM,-2.67
10103,4/9/2022 2:27:28 AM,-2.43
10103,4/9/2022 2:27:32 AM,-3.36
10103,4/9/2022 2:27:36 AM,-2.68
10103,4/9/2022 2:27:40 AM,-2.22
10103,4/9/2022 2:27:44 AM,-2.68
10103,4/9/2022 2:27:48 AM,-2.00
10103,4/9/2022 2:27:52 AM,-2.68
10103,4/9/2022 2:27:56 AM,-2.68
10103,4/9/2022 2:28:00 AM,-2.68
10103,4/9/2022 2:28:04 AM,-2.18
10103,4/9/2022 2:28:08 AM,-2.28
10103,4/9/2022 2:28:12 AM,-2.67
10103,4/9/2022 2:28:16 AM,-2.22
10103,4/9/2022 2:28:20 AM,-2.68
10103,4/9/2022 2:28:24 AM,-2.68
10103,4/9/2022 2:28:28 AM,-2.21
10103,4/9/2022 2:28:32 AM,-2.68
10103,4/9/2022 2:28:36 AM,-2.00
10103,4/9/2022 2:28:40 AM,-2.24
10103,4/9/2022 2:28:44 AM,-1.76
10103,4/9/2022 2:28:48 AM,-1.99
10103,4/9/2022 2:28:52 AM,-2.68
10103,4/9/2022 2:28:56 AM,-2.23
10103,4/9/2022 2:29:00 AM,-2.67
10103,4/9/2022 2:29:04 AM,-2.22
10103,4/9/2022 2:29:08 AM,-2.23
10103,4/9/2022 2:29:12 AM,-1.99
10103,4/9/2022 2:29:16 AM,-2.46
10103,4/9/2022 2:29:20 AM,-2.89
10103,4/9/2022 2:29:24 AM,-2.00
10103,4/9/2022 2:29:28 AM,-2.68
10103,4/9/2022 2:29:32 AM,-2.68
10103,4/9/2022 2:29:36 AM,-3.36
10103,4/9/2022 2:29:40 AM,-1.53
10103,4/9/2022 2:29:44 AM,-1.99
10103,4/9/2022 2:29:48 AM,-1.99
10103,4/9/2022 2:29:52 AM,-2.68
10103,4/9/2022 2:29:56 AM,-2.68
10103,4/9/2022 2:30:00 AM,-2.00
10103,4/9/2022 2:30:04 AM,-3.36
10103,4/9/2022 2:30:08 AM,-2.56
10103,4/9/2022 2:30:12 AM,-2.67
10103,4/9/2022 2:30:16 AM,-2.92
10103,4/9/2022 2:30:20 AM,-1.99
10103,4/9/2022 2:30:24 AM,-2.67
10103,4/9/2022 2:30:28 AM,-2.46
10103,4/9/2022 2:30:32 AM,-1.99
10103,4/9/2022 2:30:36 AM,-2.67
10103,4/9/2022 2:30:40 AM,-2.21
10103,4/9/2022 2:30:44 AM,-2.23
10103,4/9/2022 2:30:48 AM,-2.67
10103,4/9/2022 2:30:52 AM,-2.22
10103,4/9/2022 2:30:56 AM,-2.68
10103,4/9/2022 2:31:00 AM,-2.68
10103,4/9/2022 2:31:04 AM,-2.92
10103,4/9/2022 2:31:08 AM,-2.43
10103,4/9/2022 2:31:12 AM,-2.00
10103,4/9/2022 2:31:16 AM,-1.31
10103,4/9/2022 2:31:20 AM,-1.76
10103,4/9/2022 2:31:24 AM,-2.67
10103,4/9/2022 2:31:28 AM,-2.68
10103,4/9/2022 2:31:32 AM,-2.68
10103,4/9/2022 2:31:36 AM,-2.00
10103,4/9/2022 2:31:40 AM,-1.99
10103,4/9/2022 2:31:44 AM,-1.99
10103,4/9/2022 2:31:48 AM,-1.99
10103,4/9/2022 2:31:52 AM,-1.99
10103,4/9/2022 2:31:56 AM,-1.99
10103,4/9/2022 2:32:00 AM,-2.67
10103,4/9/2022 2:32:04 AM,-2.22
10103,4/9/2022 2:32:08 AM,-3.08
10103,4/9/2022 2:32:12 AM,-2.01
10103,4/9/2022 2:32:16 AM,-2.68
10103,4/9/2022 2:32:20 AM,-2.23
10103,4/9/2022 2:32:24 AM,-1.99
10103,4/9/2022 2:32:28 AM,-2.21
10103,4/9/2022 2:32:32 AM,-2.68
10103,4/9/2022 2:32:36 AM,-2.00
10103,4/9/2022 2:32:40 AM,-2.68
10103,4/9/2022 2:32:44 AM,-2.23
10103,4/9/2022 2:32:48 AM,-3.35
10103,4/9/2022 2:32:52 AM,-1.99
10103,4/9/2022 2:32:56 AM,-1.99
10103,4/9/2022 2:33:00 AM,-1.99
10103,4/9/2022 2:33:04 AM,-2.21
10103,4/9/2022 2:33:08 AM,-2.68
10103,4/9/2022 2:33:12 AM,-3.35
10103,4/9/2022 2:33:16 AM,-2.68
10103,4/9/2022 2:33:20 AM,-2.23
10103,4/9/2022 2:33:24 AM,-2.67
10103,4/9/2022 2:33:28 AM,-2.21
10103,4/9/2022 2:33:32 AM,-2.23
10103,4/9/2022 2:33:36 AM,-1.99
10103,4/9/2022 2:33:40 AM,-2.46
10103,4/9/2022 2:33:44 AM,-2.44
10103,4/9/2022 2:33:48 AM,-2.68
10103,4/9/2022 2:33:52 AM,-2.21
10103,4/9/2022 2:33:56 AM,-2.23
10103,4/9/2022 2:34:00 AM,-3.35
10103,4/9/2022 2:34:04 AM,-2.44
10103,4/9/2022 2:34:08 AM,-2.46
10103,4/9/2022 2:34:12 AM,-2.55
10103,4/9/2022 2:34:16 AM,-1.99
10103,4/9/2022 2:34:20 AM,-2.44
10103,4/9/2022 2:34:24 AM,-3.36
10103,4/9/2022 2:34:28 AM,-2.21
10103,4/9/2022 2:34:32 AM,-2.23
10103,4/9/2022 2:34:36 AM,-2.67
10103,4/9/2022 2:34:40 AM,-2.21
10103,4/9/2022 2:34:44 AM,-3.13
10103,4/9/2022 2:34:48 AM,-2.68
10103,4/9/2022 2:34:52 AM,-2.46
10103,4/9/2022 2:34:56 AM,-1.99
10103,4/9/2022 2:35:00 AM,-1.99
10103,4/9/2022 2:35:04 AM,-2.68
10103,4/9/2022 2:35:08 AM,-1.78
10103,4/9/2022 2:35:12 AM,-2.66
10103,4/9/2022 2:35:16 AM,-2.44
10103,4/9/2022 2:35:20 AM,-2.91
10103,4/9/2022 2:35:24 AM,-1.32
10103,4/9/2022 2:35:28 AM,-2.68
10103,4/9/2022 2:35:32 AM,-2.23
10103,4/9/2022 2:35:36 AM,-2.67
10103,4/9/2022 2:35:40 AM,-3.14
10103,4/9/2022 2:35:44 AM,-2.68
10103,4/9/2022 2:35:48 AM,-2.00
10103,4/9/2022 2:35:52 AM,-2.46
10103,4/9/2022 2:35:56 AM,-1.99
10103,4/9/2022 2:36:00 AM,-1.99
10103,4/9/2022 2:36:04 AM,-2.92
10103,4/9/2022 2:36:08 AM,-2.44
10103,4/9/2022 2:36:12 AM,-2.68
10103,4/9/2022 2:36:16 AM,-2.43
10103,4/9/2022 2:36:20 AM,-2.47
10103,4/9/2022 2:36:24 AM,-2.67
10103,4/9/2022 2:36:28 AM,-2.21
10103,4/9/2022 2:36:32 AM,-2.23
10103,4/9/2022 2:36:36 AM,-1.99
10103,4/9/2022 2:36:40 AM,-2.68
10103,4/9/2022 2:36:44 AM,-2.23
10103,4/9/2022 2:36:48 AM,-1.99
10103,4/9/2022 2:36:52 AM,-1.99
10103,4/9/2022 2:36:56 AM,-1.99
10103,4/9/2022 2:37:00 AM,-1.99
10103,4/9/2022 2:37:04 AM,-2.68
10103,4/9/2022 2:37:08 AM,-2.23
10103,4/9/2022 2:37:12 AM,-1.99
10103,4/9/2022 2:37:16 AM,-2.24
10103,4/9/2022 2:37:20 AM,-1.76
10103,4/9/2022 2:37:24 AM,-3.35
10103,4/9/2022 2:37:28 AM,-2.46
10103,4/9/2022 2:37:32 AM,-2.89
10103,4/9/2022 2:37:36 AM,-2.01
10103,4/9/2022 2:37:40 AM,-2.68
10103,4/9/2022 2:37:44 AM,-2.23
10103,4/9/2022 2:37:48 AM,-3.35
10103,4/9/2022 2:37:52 AM,-3.14
10103,4/9/2022 2:37:56 AM,-2.23
10103,4/9/2022 2:38:00 AM,-1.99
10103,4/9/2022 2:38:04 AM,-1.99
10103,4/9/2022 2:38:08 AM,-2.44
10103,4/9/2022 2:38:12 AM,-1.34
10103,4/9/2022 2:38:16 AM,-1.99
10103,4/9/2022 2:38:20 AM,-2.44
10103,4/9/2022 2:38:24 AM,-2.68
10103,4/9/2022 2:38:28 AM,-2.90
10103,4/9/2022 2:38:32 AM,-2.91
10103,4/9/2022 2:38:36 AM,-2.00
10103,4/9/2022 2:38:40 AM,-2.46
10103,4/9/2022 2:38:44 AM,-1.55
10103,4/9/2022 2:38:48 AM,-2.67
10103,4/9/2022 2:38:52 AM,-2.92
10103,4/9/2022 2:38:56 AM,-2.44
10103,4/9/2022 2:39:00 AM,-2.68
10103,4/9/2022 2:39:04 AM,-1.99
10103,4/9/2022 2:39:08 AM,-2.44
10103,4/9/2022 2:39:12 AM,-2.68
10103,4/9/2022 2:39:16 AM,-2.68
10103,4/9/2022 2:39:20 AM,-2.68
10103,4/9/2022 2:39:24 AM,-2.68
10103,4/9/2022 2:39:28 AM,-2.43
10103,4/9/2022 2:39:32 AM,-2.47
10103,4/9/2022 2:39:36 AM,-2.68
10103,4/9/2022 2:39:40 AM,-2.21
10103,4/9/2022 2:39:44 AM,-2.68
10103,4/9/2022 2:39:48 AM,-3.36
10103,4/9/2022 2:39:52 AM,-2.46
10103,4/9/2022 2:39:56 AM,-1.99
10103,4/9/2022 2:40:00 AM,-2.68
10103,4/9/2022 2:40:04 AM,-2.68
10103,4/9/2022 2:40:08 AM,-2.68
10103,4/9/2022 2:40:12 AM,-2.68
10103,4/9/2022 2:40:16 AM,-2.68
10103,4/9/2022 2:40:20 AM,-2.23
10103,4/9/2022 2:40:24 AM,-1.99
10103,4/9/2022 2:40:28 AM,-2.21
10103,4/9/2022 2:40:32 AM,-2.23
10103,4/9/2022 2:40:36 AM,-2.68
10103,4/9/2022 2:40:40 AM,-3.14
10103,4/9/2022 2:40:44 AM,-2.23
10103,4/9/2022 2:40:48 AM,-2.68
10103,4/9/2022 2:40:52 AM,-3.14
10103,4/9/2022 2:40:56 AM,-2.68
10103,4/9/2022 2:41:00 AM,-2.00
10103,4/9/2022 2:41:04 AM,-1.99
10103,4/9/2022 2:41:08 AM,-1.99
10103,4/9/2022 2:41:12 AM,-1.99
10103,4/9/2022 2:41:16 AM,-1.99
10103,4/9/2022 2:41:20 AM,-1.99
10103,4/9/2022 2:41:24 AM,-2.67
10103,4/9/2022 2:41:28 AM,-2.46
10103,4/9/2022 2:41:32 AM,-1.99
10103,4/9/2022 2:41:36 AM,-2.67
10103,4/9/2022 2:41:40 AM,-2.46
10103,4/9/2022 2:41:44 AM,-2.44
10103,4/9/2022 2:41:48 AM,-2.00
10103,4/9/2022 2:41:52 AM,-2.21
10103,4/9/2022 2:41:56 AM,-2.68
10103,4/9/2022 2:42:00 AM,-2.00
10103,4/9/2022 2:42:04 AM,-3.36
10103,4/9/2022 2:42:08 AM,-2.91
10103,4/9/2022 2:42:12 AM,-2.68
10103,4/9/2022 2:42:16 AM,-2.68
10103,4/9/2022 2:42:20 AM,-2.23
10103,4/9/2022 2:42:24 AM,-3.27
10103,4/9/2022 2:42:28 AM,-2.21
10103,4/9/2022 2:42:32 AM,-2.68
10103,4/9/2022 2:42:36 AM,-2.00
10103,4/9/2022 2:42:40 AM,-2.46
10103,4/9/2022 2:42:44 AM,-2.44
10103,4/9/2022 2:42:48 AM,-2.00
10103,4/9/2022 2:42:52 AM,-1.99
10103,4/9/2022 2:42:56 AM,-1.99
10103,4/9/2022 2:43:00 AM,-3.35
10103,4/9/2022 2:43:04 AM,-2.92
10103,4/9/2022 2:43:08 AM,-1.99
10103,4/9/2022 2:43:12 AM,-3.35
10103,4/9/2022 2:43:16 AM,-2.46
10103,4/9/2022 2:43:20 AM,-2.89
10103,4/9/2022 2:43:24 AM,-3.36
10103,4/9/2022 2:43:28 AM,-2.46
10103,4/9/2022 2:43:32 AM,-2.44
10103,4/9/2022 2:43:36 AM,-2.00
10103,4/9/2022 2:43:40 AM,-2.46
10103,4/9/2022 2:43:44 AM,-1.99
10103,4/9/2022 2:43:48 AM,-1.99
10103,4/9/2022 2:43:52 AM,-2.44
10103,4/9/2022 2:43:56 AM,-2.47
10103,4/9/2022 2:44:00 AM,-2.67
10103,4/9/2022 2:44:04 AM,-2.90
10103,4/9/2022 2:44:08 AM,-2.46
10103,4/9/2022 2:44:12 AM,-1.99
10103,4/9/2022 2:44:16 AM,-1.99
10103,4/9/2022 2:44:20 AM,-1.99
10103,4/9/2022 2:44:24 AM,-1.99
10103,4/9/2022 2:44:28 AM,-2.68
10103,4/9/2022 2:44:32 AM,-2.23
10103,4/9/2022 2:44:36 AM,-1.99
10103,4/9/2022 2:44:40 AM,-1.99
10103,4/9/2022 2:44:44 AM,-2.44
10103,4/9/2022 2:44:48 AM,-2.00
10103,4/9/2022 2:44:52 AM,-1.99
10103,4/9/2022 2:44:56 AM,-1.55
10103,4/9/2022 2:45:00 AM,-1.98
10103,4/9/2022 2:45:04 AM,-3.14
10103,4/9/2022 2:45:08 AM,-3.13
10103,4/9/2022 2:45:12 AM,-2.01
10103,4/9/2022 2:45:16 AM,-3.14
10103,4/9/2022 2:45:20 AM,-3.13
10103,4/9/2022 2:45:24 AM,-2.68
10103,4/9/2022 2:45:28 AM,-1.99
10103,4/9/2022 2:45:32 AM,-2.44
10103,4/9/2022 2:45:36 AM,-2.68
10103,4/9/2022 2:45:40 AM,-2.21
10103,4/9/2022 2:45:44 AM,-2.23
10103,4/9/2022 2:45:48 AM,-2.67
10103,4/9/2022 2:45:52 AM,-1.99
10103,4/9/2022 2:45:56 AM,-2.44
10103,4/9/2022 2:46:00 AM,-2.68
10103,4/9/2022 2:46:04 AM,-1.99
10103,4/9/2022 2:46:08 AM,-2.44
10103,4/9/2022 2:46:12 AM,-2.00
10103,4/9/2022 2:46:16 AM,-2.68
10103,4/9/2022 2:46:20 AM,-2.23
10103,4/9/2022 2:46:24 AM,-3.24
10103,4/9/2022 2:46:28 AM,-2.21
10103,4/9/2022 2:46:32 AM,-2.23
10103,4/9/2022 2:46:36 AM,-1.31
10103,4/9/2022 2:46:40 AM,-2.21
10103,4/9/2022 2:46:44 AM,-3.13
10103,4/9/2022 2:46:48 AM,-3.36
10103,4/9/2022 2:46:52 AM,-2.46
10103,4/9/2022 2:46:56 AM,-2.44
10103,4/9/2022 2:47:00 AM,-2.68
10103,4/9/2022 2:47:04 AM,-2.46
10103,4/9/2022 2:47:08 AM,-1.99
10103,4/9/2022 2:47:12 AM,-1.99
10103,4/9/2022 2:47:16 AM,-1.77
10103,4/9/2022 2:47:20 AM,-1.76
10103,4/9/2022 2:47:24 AM,-1.99
10103,4/9/2022 2:47:28 AM,-2.21
10103,4/9/2022 2:47:32 AM,-3.13
10103,4/9/2022 2:47:36 AM,-2.68
10103,4/9/2022 2:47:40 AM,-2.46
10103,4/9/2022 2:47:44 AM,-1.99
10103,4/9/2022 2:47:48 AM,-2.67
10103,4/9/2022 2:47:52 AM,-3.14
10103,4/9/2022 2:47:56 AM,-2.23
10103,4/9/2022 2:48:00 AM,-2.67
10103,4/9/2022 2:48:04 AM,-2.68
10103,4/9/2022 2:48:08 AM,-2.68
10103,4/9/2022 2:48:12 AM,-2.00
10103,4/9/2022 2:48:16 AM,-1.99
10103,4/9/2022 2:48:20 AM,-2.44
10103,4/9/2022 2:48:24 AM,-2.00
10103,4/9/2022 2:48:28 AM,-1.99
10103,4/9/2022 2:48:32 AM,-2.44
10103,4/9/2022 2:48:36 AM,-2.68
10103,4/9/2022 2:48:40 AM,-1.99
10103,4/9/2022 2:48:44 AM,-2.44
10103,4/9/2022 2:48:48 AM,-2.00
10103,4/9/2022 2:48:52 AM,-2.92
10103,4/9/2022 2:48:56 AM,-1.99
10103,4/9/2022 2:49:00 AM,-2.67
10103,4/9/2022 2:49:04 AM,-2.92
10103,4/9/2022 2:49:08 AM,-1.99
10103,4/9/2022 2:49:12 AM,-2.67
10103,4/9/2022 2:49:16 AM,-2.68
10103,4/9/2022 2:49:20 AM,-2.68
10103,4/9/2022 2:49:24 AM,-2.00
10103,4/9/2022 2:49:28 AM,-1.75
10103,4/9/2022 2:49:32 AM,-2.68
10103,4/9/2022 2:49:36 AM,-2.00
10103,4/9/2022 2:49:40 AM,-2.21
10103,4/9/2022 2:49:44 AM,-3.13
10103,4/9/2022 2:49:48 AM,-2.00
10103,4/9/2022 2:49:52 AM,-2.21
10103,4/9/2022 2:49:56 AM,-2.23
10103,4/9/2022 2:50:00 AM,-1.99
10103,4/9/2022 2:50:04 AM,-1.99
10103,4/9/2022 2:50:08 AM,-2.44
10103,4/9/2022 2:50:12 AM,-2.00
10103,4/9/2022 2:50:16 AM,-2.68
10103,4/9/2022 2:50:20 AM,-2.23
10103,4/9/2022 2:50:24 AM,-2.67
10103,4/9/2022 2:50:28 AM,-2.45
10103,4/9/2022 2:50:32 AM,-2.21
10103,4/9/2022 2:50:36 AM,-2.00
10103,4/9/2022 2:50:40 AM,-2.21
10103,4/9/2022 2:50:44 AM,-2.68
10103,4/9/2022 2:50:48 AM,-2.00
10103,4/9/2022 2:50:52 AM,-2.22
10103,4/9/2022 2:50:56 AM,-2.68
10103,4/9/2022 2:51:00 AM,-1.32
10103,4/9/2022 2:51:04 AM,-2.46
10103,4/9/2022 2:51:08 AM,-2.44
10103,4/9/2022 2:51:12 AM,-2.68
10103,4/9/2022 2:51:16 AM,-1.99
10103,4/9/2022 2:51:20 AM,-2.89
10103,4/9/2022 2:51:24 AM,-2.00
10103,4/9/2022 2:51:28 AM,-2.21
10103,4/9/2022 2:51:32 AM,-1.79
10103,4/9/2022 2:51:36 AM,-2.67
10103,4/9/2022 2:51:40 AM,-2.46
10103,4/9/2022 2:51:44 AM,-1.99
10103,4/9/2022 2:51:48 AM,-1.99
10103,4/9/2022 2:51:52 AM,-1.99
10103,4/9/2022 2:51:56 AM,-2.44
10103,4/9/2022 2:52:00 AM,-2.68
10103,4/9/2022 2:52:04 AM,-2.46
10103,4/9/2022 2:52:08 AM,-2.44
10103,4/9/2022 2:52:12 AM,-2.68
10103,4/9/2022 2:52:16 AM,-3.15
10103,4/9/2022 2:52:20 AM,-2.23
10103,4/9/2022 2:52:24 AM,-1.99
10103,4/9/2022 2:52:28 AM,-1.46
10103,4/9/2022 2:52:32 AM,-1.99
10103,4/9/2022 2:52:36 AM,-2.67
10103,4/9/2022 2:52:40 AM,-1.99
10103,4/9/2022 2:52:44 AM,-2.44
10103,4/9/2022 2:52:48 AM,-2.00
10103,4/9/2022 2:52:52 AM,-1.75
10103,4/9/2022 2:52:56 AM,-2.68
10103,4/9/2022 2:53:00 AM,-2.68
10103,4/9/2022 2:53:04 AM,-1.99
10103,4/9/2022 2:53:08 AM,-1.99
10103,4/9/2022 2:53:12 AM,-1.33
10103,4/9/2022 2:53:16 AM,-2.68
10103,4/9/2022 2:53:20 AM,-2.68
10103,4/9/2022 2:53:24 AM,-2.68
10103,4/9/2022 2:53:28 AM,-2.46
10103,4/9/2022 2:53:32 AM,-2.44
10103,4/9/2022 2:53:36 AM,-2.00
10103,4/9/2022 2:53:40 AM,-1.99
10103,4/9/2022 2:53:44 AM,-1.99
10103,4/9/2022 2:53:48 AM,-2.67
10103,4/9/2022 2:53:52 AM,-2.21
10103,4/9/2022 2:53:56 AM,-2.23
10103,4/9/2022 2:54:00 AM,-2.67
10103,4/9/2022 2:54:04 AM,-1.53
10103,4/9/2022 2:54:08 AM,-2.44
10103,4/9/2022 2:54:12 AM,-2.00
10103,4/9/2022 2:54:16 AM,-1.99
10103,4/9/2022 2:54:20 AM,-1.99
10103,4/9/2022 2:54:24 AM,-2.67
10103,4/9/2022 2:54:28 AM,-3.25
10103,4/9/2022 2:54:32 AM,-2.23
10103,4/9/2022 2:54:36 AM,-1.99
10103,4/9/2022 2:54:40 AM,-2.21
10103,4/9/2022 2:54:44 AM,-1.79
10103,4/9/2022 2:54:48 AM,-1.99
10103,4/9/2022 2:54:52 AM,-2.68
10103,4/9/2022 2:54:56 AM,-2.23
10103,4/9/2022 2:55:00 AM,-1.99
10103,4/9/2022 2:55:04 AM,-2.43
10103,4/9/2022 2:55:08 AM,-2.46
10103,4/9/2022 2:55:12 AM,-2.67
10103,4/9/2022 2:55:16 AM,-1.75
10103,4/9/2022 2:55:20 AM,-2.23
10103,4/9/2022 2:55:24 AM,-1.31
10103,4/9/2022 2:55:28 AM,-1.99
10103,4/9/2022 2:55:32 AM,-1.54
10103,4/9/2022 2:55:36 AM,-2.67
10103,4/9/2022 2:55:40 AM,-3.14
10103,4/9/2022 2:55:44 AM,-2.23
10103,4/9/2022 2:55:48 AM,-2.68
10103,4/9/2022 2:55:52 AM,-2.68
10103,4/9/2022 2:55:56 AM,-1.78
10103,4/9/2022 2:56:00 AM,-1.99
10103,4/9/2022 2:56:04 AM,-1.99
10103,4/9/2022 2:56:08 AM,-2.45
10103,4/9/2022 2:56:12 AM,-2.68
10103,4/9/2022 2:56:16 AM,-2.46
10103,4/9/2022 2:56:20 AM,-1.99
10103,4/9/2022 2:56:24 AM,-1.99
10103,4/9/2022 2:56:28 AM,-1.57
10103,4/9/2022 2:56:32 AM,-2.68
10103,4/9/2022 2:56:36 AM,-2.00
10103,4/9/2022 2:56:40 AM,-1.79
10103,4/9/2022 2:56:44 AM,-2.17
10103,4/9/2022 2:56:48 AM,-2.68
10103,4/9/2022 2:56:52 AM,-2.68
10103,4/9/2022 2:56:56 AM,-2.23
10103,4/9/2022 2:57:00 AM,-1.99
10103,4/9/2022 2:57:04 AM,-1.53
10103,4/9/2022 2:57:08 AM,-2.44
10103,4/9/2022 2:57:12 AM,-2.68
10103,4/9/2022 2:57:16 AM,-1.99
10103,4/9/2022 2:57:20 AM,-1.54
10103,4/9/2022 2:57:24 AM,-1.99
10103,4/9/2022 2:57:28 AM,-2.90
10103,4/9/2022 2:57:32 AM,-2.91
10103,4/9/2022 2:57:36 AM,-2.68
10103,4/9/2022 2:57:40 AM,-1.99
10103,4/9/2022 2:57:44 AM,-1.99
10103,4/9/2022 2:57:48 AM,-2.67
10103,4/9/2022 2:57:52 AM,-2.46
10103,4/9/2022 2:57:56 AM,-2.44
10103,4/9/2022 2:58:00 AM,-2.00
10103,4/9/2022 2:58:04 AM,-2.21
10103,4/9/2022 2:58:08 AM,-2.68
10103,4/9/2022 2:58:12 AM,-2.00
10103,4/9/2022 2:58:16 AM,-2.92
10103,4/9/2022 2:58:20 AM,-1.54
10103,4/9/2022 2:58:24 AM,-1.99
10103,4/9/2022 2:58:28 AM,-2.46
10103,4/9/2022 2:58:32 AM,-1.54
10103,4/9/2022 2:58:36 AM,-1.96
10103,4/9/2022 2:58:40 AM,-1.99
10103,4/9/2022 2:58:44 AM,-1.99
10103,4/9/2022 2:58:48 AM,-2.67
10103,4/9/2022 2:58:52 AM,-2.92
10103,4/9/2022 2:58:56 AM,-2.89
10103,4/9/2022 2:59:00 AM,-2.00
10103,4/9/2022 2:59:04 AM,-2.44
10103,4/9/2022 2:59:08 AM,-2.46
10103,4/9/2022 2:59:12 AM,-1.32
10103,4/9/2022 2:59:16 AM,-1.99
10103,4/9/2022 2:59:20 AM,-1.99
10103,4/9/2022 2:59:24 AM,-2.67
10103,4/9/2022 2:59:28 AM,-2.68
10103,4/9/2022 2:59:32 AM,-3.13
10103,4/9/2022 2:59:36 AM,-1.32
10103,4/9/2022 2:59:40 AM,-2.68
10103,4/9/2022 2:59:44 AM,-3.13
10103,4/9/2022 2:59:48 AM,-2.00
10103,4/9/2022 2:59:52 AM,-2.22
10103,4/9/2022 2:59:56 AM,-2.23
10103,4/9/2022 3:00:00 AM,-1.99
10103,4/9/2022 3:00:04 AM,-1.99
10103,4/9/2022 3:00:08 AM,-1.54
10103,4/9/2022 3:00:12 AM,-1.31
10103,4/9/2022 3:00:16 AM,-2.46
10103,4/9/2022 3:00:20 AM,-2.44
10103,4/9/2022 3:00:24 AM,-2.00
10103,4/9/2022 3:00:28 AM,-1.99
10103,4/9/2022 3:00:32 AM,-2.44
10103,4/9/2022 3:00:36 AM,-2.68
10103,4/9/2022 3:00:40 AM,-1.99
10103,4/9/2022 3:00:44 AM,-1.99
10103,4/9/2022 3:00:48 AM,-2.60
10103,4/9/2022 3:00:52 AM,-2.22
10103,4/9/2022 3:00:56 AM,-2.23
10103,4/9/2022 3:01:00 AM,-3.35
10103,4/9/2022 3:01:04 AM,-2.46
10103,4/9/2022 3:01:08 AM,-2.44
10103,4/9/2022 3:01:12 AM,-2.68
10103,4/9/2022 3:01:16 AM,-2.22
10103,4/9/2022 3:01:20 AM,-2.23
10103,4/9/2022 3:01:24 AM,-0.64
10103,4/9/2022 3:01:28 AM,-1.99
10103,4/9/2022 3:01:32 AM,-1.99
10103,4/9/2022 3:01:36 AM,-1.31
10103,4/9/2022 3:01:40 AM,-2.68
10103,4/9/2022 3:01:44 AM,-2.23
10103,4/9/2022 3:01:48 AM,-2.67
10103,4/9/2022 3:01:52 AM,-1.99
10103,4/9/2022 3:01:56 AM,-2.89
10103,4/9/2022 3:02:00 AM,-2.68
10103,4/9/2022 3:02:04 AM,-2.46
10103,4/9/2022 3:02:08 AM,-2.44
10103,4/9/2022 3:02:12 AM,-2.00
10103,4/9/2022 3:02:16 AM,-2.46
10103,4/9/2022 3:02:20 AM,-1.99
10103,4/9/2022 3:02:24 AM,-1.99
10103,4/9/2022 3:02:28 AM,-2.21
10103,4/9/2022 3:02:32 AM,-2.23
10103,4/9/2022 3:02:36 AM,-2.64
10103,4/9/2022 3:02:40 AM,-2.21
10103,4/9/2022 3:02:44 AM,-2.68
10103,4/9/2022 3:02:48 AM,-2.00
10103,4/9/2022 3:02:52 AM,-2.22
10103,4/9/2022 3:02:56 AM,-2.68
10103,4/9/2022 3:03:00 AM,-2.00
10103,4/9/2022 3:03:04 AM,-2.68
10103,4/9/2022 3:03:08 AM,-2.68
10103,4/9/2022 3:03:12 AM,-2.68
10103,4/9/2022 3:03:16 AM,-1.99
10103,4/9/2022 3:03:20 AM,-1.99
10103,4/9/2022 3:03:24 AM,-3.35
10103,4/9/2022 3:03:28 AM,-1.99
10103,4/9/2022 3:03:32 AM,-1.55
10103,4/9/2022 3:03:36 AM,-1.99
10103,4/9/2022 3:03:40 AM,-1.53
10103,4/9/2022 3:03:44 AM,-1.99
10103,4/9/2022 3:03:48 AM,-1.99
10103,4/9/2022 3:03:52 AM,-1.99
10103,4/9/2022 3:03:56 AM,-1.99
10103,4/9/2022 3:04:00 AM,-1.99
10103,4/9/2022 3:04:04 AM,-3.14
10103,4/9/2022 3:04:08 AM,-2.23
10103,4/9/2022 3:04:12 AM,-1.99
10103,4/9/2022 3:04:16 AM,-2.68
10103,4/9/2022 3:04:20 AM,-2.68
10103,4/9/2022 3:04:24 AM,-2.00
10103,4/9/2022 3:04:28 AM,-1.99
10103,4/9/2022 3:04:32 AM,-1.99
10103,4/9/2022 3:04:36 AM,-2.67
10103,4/9/2022 3:04:40 AM,-2.31
10103,4/9/2022 3:04:44 AM,-2.92
10103,4/9/2022 3:04:48 AM,-2.00
10103,4/9/2022 3:04:52 AM,-2.44
10103,4/9/2022 3:04:56 AM,-2.02
10103,4/9/2022 3:05:00 AM,-3.35
10103,4/9/2022 3:05:04 AM,-2.90
10103,4/9/2022 3:05:08 AM,-2.47
10103,4/9/2022 3:05:12 AM,-1.99
10103,4/9/2022 3:05:16 AM,-2.21
10103,4/9/2022 3:05:20 AM,-2.68
10103,4/9/2022 3:05:24 AM,-3.36
10103,4/9/2022 3:05:28 AM,-2.21
10103,4/9/2022 3:05:32 AM,-2.68
10103,4/9/2022 3:05:36 AM,-2.00
10103,4/9/2022 3:05:40 AM,-2.90
10103,4/9/2022 3:05:44 AM,-2.92
10103,4/9/2022 3:05:48 AM,-2.00
10103,4/9/2022 3:05:52 AM,-2.90
10103,4/9/2022 3:05:56 AM,-2.92
10103,4/9/2022 3:06:00 AM,-2.00
10103,4/9/2022 3:06:04 AM,-1.99
10103,4/9/2022 3:06:08 AM,-2.44
10103,4/9/2022 3:06:12 AM,-2.00
10103,4/9/2022 3:06:16 AM,-1.53
10103,4/9/2022 3:06:20 AM,-1.55
10103,4/9/2022 3:06:24 AM,-1.99
10103,4/9/2022 3:06:28 AM,-2.90
10103,4/9/2022 3:06:32 AM,-2.91
10103,4/9/2022 3:06:36 AM,-2.00
10103,4/9/2022 3:06:40 AM,-1.47
10103,4/9/2022 3:06:44 AM,-1.99
10103,4/9/2022 3:06:48 AM,-1.99
10103,4/9/2022 3:06:52 AM,-1.99
10103,4/9/2022 3:06:56 AM,-1.99
10103,4/9/2022 3:07:00 AM,-2.67
10103,4/9/2022 3:07:04 AM,-1.99
10103,4/9/2022 3:07:08 AM,-2.44
10103,4/9/2022 3:07:12 AM,-3.35
10103,4/9/2022 3:07:16 AM,-2.21
10103,4/9/2022 3:07:20 AM,-2.23
10103,4/9/2022 3:07:24 AM,-1.99
10103,4/9/2022 3:07:28 AM,-2.21
10103,4/9/2022 3:07:32 AM,-2.23
10103,4/9/2022 3:07:36 AM,-1.99
10103,4/9/2022 3:07:40 AM,-3.14
10103,4/9/2022 3:07:44 AM,-2.68
10103,4/9/2022 3:07:48 AM,-2.00
10103,4/9/2022 3:07:52 AM,-1.74
10103,4/9/2022 3:07:56 AM,-2.68
10103,4/9/2022 3:08:00 AM,-2.00
10103,4/9/2022 3:08:04 AM,-1.99
10103,4/9/2022 3:08:08 AM,-1.54
10103,4/9/2022 3:08:12 AM,-1.31
10103,4/9/2022 3:08:16 AM,-2.68
10103,4/9/2022 3:08:20 AM,-3.13
10103,4/9/2022 3:08:24 AM,-3.36
10103,4/9/2022 3:08:28 AM,-1.53
10103,4/9/2022 3:08:32 AM,-2.44
10103,4/9/2022 3:08:36 AM,-3.36
10103,4/9/2022 3:08:40 AM,-2.39
10103,4/9/2022 3:08:44 AM,-2.47
10103,4/9/2022 3:08:48 AM,-2.67
10103,4/9/2022 3:08:52 AM,-2.44
10103,4/9/2022 3:08:56 AM,-2.47
10103,4/9/2022 3:09:00 AM,-1.99
10103,4/9/2022 3:09:04 AM,-2.92
10103,4/9/2022 3:09:08 AM,-2.44
10103,4/9/2022 3:09:12 AM,-2.68
10103,4/9/2022 3:09:16 AM,-2.46
10103,4/9/2022 3:09:20 AM,-1.99
10103,4/9/2022 3:09:24 AM,-1.99
10103,4/9/2022 3:09:28 AM,-1.53
10103,4/9/2022 3:09:32 AM,-1.55
10103,4/9/2022 3:09:36 AM,-2.67
10103,4/9/2022 3:09:40 AM,-1.99
10103,4/9/2022 3:09:44 AM,-1.99
10103,4/9/2022 3:09:48 AM,-1.99
10103,4/9/2022 3:09:52 AM,-2.90
10103,4/9/2022 3:09:56 AM,-2.92
10103,4/9/2022 3:10:00 AM,-2.00
10103,4/9/2022 3:10:04 AM,-2.24
10103,4/9/2022 3:10:08 AM,-1.76
10103,4/9/2022 3:10:12 AM,-2.67
10103,4/9/2022 3:10:16 AM,-2.68
10103,4/9/2022 3:10:20 AM,-2.23
10103,4/9/2022 3:10:24 AM,-3.35
10103,4/9/2022 3:10:28 AM,-1.75
10103,4/9/2022 3:10:32 AM,-1.78
10103,4/9/2022 3:10:36 AM,-2.67
10103,4/9/2022 3:10:40 AM,-1.99
10103,4/9/2022 3:10:44 AM,-2.44
10103,4/9/2022 3:10:48 AM,-2.68
10103,4/9/2022 3:10:52 AM,-1.53
10103,4/9/2022 3:10:56 AM,-1.99
10103,4/9/2022 3:11:00 AM,-1.99
10103,4/9/2022 3:11:04 AM,-2.43
10103,4/9/2022 3:11:08 AM,-2.92
10103,4/9/2022 3:11:12 AM,-2.68
10103,4/9/2022 3:11:16 AM,-1.99
10103,4/9/2022 3:11:20 AM,-2.44
10103,4/9/2022 3:11:24 AM,-2.00
10103,4/9/2022 3:11:28 AM,-1.99
10103,4/9/2022 3:11:32 AM,-1.99
10103,4/9/2022 3:11:36 AM,-1.99
10103,4/9/2022 3:11:40 AM,-1.53
10103,4/9/2022 3:11:44 AM,-1.99
10103,4/9/2022 3:11:48 AM,-1.99
10103,4/9/2022 3:11:52 AM,-2.46
10103,4/9/2022 3:11:56 AM,-1.99
10103,4/9/2022 3:12:00 AM,-2.67
10103,4/9/2022 3:12:04 AM,-2.21
10103,4/9/2022 3:12:08 AM,-2.68
10103,4/9/2022 3:12:12 AM,-2.68
10103,4/9/2022 3:12:16 AM,-1.99
10103,4/9/2022 3:12:20 AM,-1.99
10103,4/9/2022 3:12:24 AM,-1.32
10103,4/9/2022 3:12:28 AM,-2.21
10103,4/9/2022 3:12:32 AM,-2.23
10103,4/9/2022 3:12:36 AM,-1.99
10103,4/9/2022 3:12:40 AM,-2.68
10103,4/9/2022 3:12:44 AM,-3.12
10103,4/9/2022 3:12:48 AM,-2.69
10103,4/9/2022 3:12:52 AM,-2.44
10103,4/9/2022 3:12:56 AM,-2.92
10103,4/9/2022 3:13:00 AM,-2.68
10103,4/9/2022 3:13:04 AM,-1.31
10103,4/9/2022 3:13:08 AM,-2.20
10103,4/9/2022 3:13:12 AM,-2.00
10103,4/9/2022 3:13:16 AM,-1.99
10103,4/9/2022 3:13:20 AM,-1.99
10103,4/9/2022 3:13:24 AM,-1.99
10103,4/9/2022 3:13:28 AM,-2.68
10103,4/9/2022 3:13:32 AM,-2.23
10103,4/9/2022 3:13:36 AM,-2.67
10103,4/9/2022 3:13:40 AM,-2.21
10103,4/9/2022 3:13:44 AM,-2.68
10103,4/9/2022 3:13:48 AM,-2.00
10103,4/9/2022 3:13:52 AM,-3.14
10103,4/9/2022 3:13:56 AM,-1.79
10103,4/9/2022 3:14:00 AM,-2.66
10103,4/9/2022 3:14:04 AM,-2.46
10103,4/9/2022 3:14:08 AM,-1.99
10103,4/9/2022 3:14:12 AM,-3.34
10103,4/9/2022 3:14:16 AM,-1.78
10103,4/9/2022 3:14:20 AM,-2.65
10103,4/9/2022 3:14:24 AM,-2.69
10103,4/9/2022 3:14:28 AM,-2.43
10103,4/9/2022 3:14:32 AM,-2.47
10103,4/9/2022 3:14:36 AM,-1.99
10103,4/9/2022 3:14:40 AM,-2.90
10103,4/9/2022 3:14:44 AM,-2.92
10103,4/9/2022 3:14:48 AM,-3.29
10103,4/9/2022 3:14:52 AM,-1.99
10103,4/9/2022 3:14:56 AM,-2.44
10103,4/9/2022 3:15:00 AM,-2.01
10103,4/9/2022 3:15:04 AM,-2.43
10103,4/9/2022 3:15:08 AM,-2.47
10103,4/9/2022 3:15:12 AM,-1.99
10103,4/9/2022 3:15:16 AM,-2.44
10103,4/9/2022 3:15:20 AM,-2.91
10103,4/9/2022 3:15:24 AM,-2.00
10103,4/9/2022 3:15:28 AM,-2.21
10103,4/9/2022 3:15:32 AM,-2.23
10103,4/9/2022 3:15:36 AM,-3.36
10103,4/9/2022 3:15:40 AM,-2.23
10103,4/9/2022 3:15:44 AM,-1.31
10103,4/9/2022 3:15:48 AM,-1.99
10103,4/9/2022 3:15:52 AM,-2.90
10103,4/9/2022 3:15:56 AM,-2.47
10103,4/9/2022 3:16:00 AM,-1.99
10103,4/9/2022 3:16:04 AM,-1.99
10103,4/9/2022 3:16:08 AM,-2.45
10103,4/9/2022 3:16:12 AM,-1.32
10103,4/9/2022 3:16:16 AM,-1.99
10103,4/9/2022 3:16:20 AM,-1.99
10103,4/9/2022 3:16:24 AM,-1.99
10103,4/9/2022 3:16:28 AM,-1.75
10103,4/9/2022 3:16:32 AM,-2.68
10103,4/9/2022 3:16:36 AM,-2.00
10103,4/9/2022 3:16:40 AM,-2.68
10103,4/9/2022 3:16:44 AM,-3.13
10103,4/9/2022 3:16:48 AM,-2.00
10103,4/9/2022 3:16:52 AM,-1.99
10103,4/9/2022 3:16:56 AM,-2.44
10103,4/9/2022 3:17:00 AM,-2.00
10103,4/9/2022 3:17:04 AM,-2.22
10103,4/9/2022 3:17:08 AM,-2.23
10103,4/9/2022 3:17:12 AM,-1.99
10103,4/9/2022 3:17:16 AM,-2.68
10103,4/9/2022 3:17:20 AM,-1.78
10103,4/9/2022 3:17:24 AM,-2.67
10103,4/9/2022 3:17:28 AM,-2.46
10103,4/9/2022 3:17:32 AM,-2.89
10103,4/9/2022 3:17:36 AM,-2.68
10103,4/9/2022 3:17:40 AM,-2.22
10103,4/9/2022 3:17:44 AM,-2.23
10103,4/9/2022 3:17:48 AM,-1.99
10103,4/9/2022 3:17:52 AM,-2.92
10103,4/9/2022 3:17:56 AM,-1.99
10103,4/9/2022 3:18:00 AM,-1.99
10103,4/9/2022 3:18:04 AM,-2.68
10103,4/9/2022 3:18:08 AM,-2.68
10103,4/9/2022 3:18:12 AM,-2.68
10103,4/9/2022 3:18:16 AM,-2.68
10103,4/9/2022 3:18:20 AM,-2.68
10103,4/9/2022 3:18:24 AM,-3.36
10103,4/9/2022 3:18:28 AM,-1.99
10103,4/9/2022 3:18:32 AM,-2.44
10103,4/9/2022 3:18:36 AM,-2.00
10103,4/9/2022 3:18:40 AM,-1.99
10103,4/9/2022 3:18:44 AM,-2.89
10103,4/9/2022 3:18:48 AM,-2.68
10103,4/9/2022 3:18:52 AM,-1.99
10103,4/9/2022 3:18:56 AM,-1.99
10103,4/9/2022 3:19:00 AM,-1.99
10103,4/9/2022 3:19:04 AM,-1.97
10103,4/9/2022 3:19:08 AM,-2.47
10103,4/9/2022 3:19:12 AM,-2.67
10103,4/9/2022 3:19:16 AM,-1.99
10103,4/9/2022 3:19:20 AM,-1.99
10103,4/9/2022 3:19:24 AM,-2.67
10103,4/9/2022 3:19:28 AM,-1.99
10103,4/9/2022 3:19:32 AM,-2.44
10103,4/9/2022 3:19:36 AM,-2.68
10103,4/9/2022 3:19:40 AM,-1.99
10103,4/9/2022 3:19:44 AM,-1.99
10103,4/9/2022 3:19:48 AM,-3.35
10103,4/9/2022 3:19:52 AM,-1.99
10103,4/9/2022 3:19:56 AM,-2.89
10103,4/9/2022 3:20:00 AM,-2.68
10103,4/9/2022 3:20:04 AM,-1.99
10103,4/9/2022 3:20:08 AM,-1.99
10103,4/9/2022 3:20:12 AM,-1.99
10103,4/9/2022 3:20:16 AM,-2.46
10103,4/9/2022 3:20:20 AM,-1.99
10103,4/9/2022 3:20:24 AM,-1.99
10103,4/9/2022 3:20:28 AM,-1.99
10103,4/9/2022 3:20:32 AM,-1.99
10103,4/9/2022 3:20:36 AM,-2.67
10103,4/9/2022 3:20:40 AM,-1.99
10103,4/9/2022 3:20:44 AM,-1.99
10103,4/9/2022 3:20:48 AM,-1.99
10103,4/9/2022 3:20:52 AM,-2.68
10103,4/9/2022 3:20:56 AM,-2.23
10103,4/9/2022 3:21:00 AM,-1.99
10103,4/9/2022 3:21:04 AM,-1.99
10103,4/9/2022 3:21:08 AM,-1.99
10103,4/9/2022 3:21:12 AM,-1.99
10103,4/9/2022 3:21:16 AM,-1.99
10103,4/9/2022 3:21:20 AM,-1.99
10103,4/9/2022 3:21:24 AM,-1.99
10103,4/9/2022 3:21:28 AM,-2.68
10103,4/9/2022 3:21:32 AM,-2.23
10103,4/9/2022 3:21:36 AM,-1.99
10103,4/9/2022 3:21:40 AM,-2.46
10103,4/9/2022 3:21:44 AM,-1.99
10103,4/9/2022 3:21:48 AM,-2.67
10103,4/9/2022 3:21:52 AM,-1.99
10103,4/9/2022 3:21:56 AM,-1.99
10103,4/9/2022 3:22:00 AM,-2.67
10103,4/9/2022 3:22:04 AM,-1.99
10103,4/9/2022 3:22:08 AM,-1.99
10103,4/9/2022 3:22:12 AM,-1.99
10103,4/9/2022 3:22:16 AM,-1.77
10103,4/9/2022 3:22:20 AM,-1.76
10103,4/9/2022 3:22:24 AM,-2.67
10103,4/9/2022 3:22:28 AM,-2.93
10103,4/9/2022 3:22:32 AM,-2.44
10103,4/9/2022 3:22:36 AM,-2.00
10103,4/9/2022 3:22:40 AM,-2.21
10103,4/9/2022 3:22:44 AM,-2.23
10103,4/9/2022 3:22:48 AM,-1.99
10103,4/9/2022 3:22:52 AM,-2.46
10103,4/9/2022 3:22:56 AM,-1.99
10103,4/9/2022 3:23:00 AM,-2.67
10103,4/9/2022 3:23:04 AM,-2.21
10103,4/9/2022 3:23:08 AM,-2.23
10103,4/9/2022 3:23:12 AM,-1.99
10103,4/9/2022 3:23:16 AM,-2.24
10103,4/9/2022 3:23:20 AM,-1.76
10103,4/9/2022 3:23:24 AM,-2.67
10103,4/9/2022 3:23:28 AM,-1.99
10103,4/9/2022 3:23:32 AM,-2.44
10103,4/9/2022 3:23:36 AM,-2.68
10103,4/9/2022 3:23:40 AM,-1.99
10103,4/9/2022 3:23:44 AM,-1.55
10103,4/9/2022 3:23:48 AM,-1.99
10103,4/9/2022 3:23:52 AM,-2.46
10103,4/9/2022 3:23:56 AM,-2.44
10103,4/9/2022 3:24:00 AM,-1.32
10103,4/9/2022 3:24:04 AM,-1.99
10103,4/9/2022 3:24:08 AM,-2.90
10103,4/9/2022 3:24:12 AM,-2.69
10103,4/9/2022 3:24:16 AM,-1.99
10103,4/9/2022 3:24:20 AM,-1.99
10103,4/9/2022 3:24:24 AM,-1.99
10103,4/9/2022 3:24:28 AM,-1.51
10103,4/9/2022 3:24:32 AM,-1.99
10103,4/9/2022 3:24:36 AM,-1.99
10103,4/9/2022 3:24:40 AM,-2.46
10103,4/9/2022 3:24:44 AM,-1.99
10103,4/9/2022 3:24:48 AM,-1.99
10103,4/9/2022 3:24:52 AM,-2.99
10103,4/9/2022 3:24:56 AM,-1.99
10103,4/9/2022 3:25:00 AM,-1.99
10103,4/9/2022 3:25:04 AM,-2.68
10103,4/9/2022 3:25:08 AM,-2.68
10103,4/9/2022 3:25:12 AM,-1.32
10103,4/9/2022 3:25:16 AM,-1.76
10103,4/9/2022 3:25:20 AM,-2.23
10103,4/9/2022 3:25:24 AM,-3.36
10103,4/9/2022 3:25:28 AM,-1.53
10103,4/9/2022 3:25:32 AM,-1.99
10103,4/9/2022 3:25:36 AM,-1.31
10103,4/9/2022 3:25:40 AM,-2.46
10103,4/9/2022 3:25:44 AM,-1.99
10103,4/9/2022 3:25:48 AM,-1.99
10103,4/9/2022 3:25:52 AM,-1.77
10103,4/9/2022 3:25:56 AM,-1.76
10103,4/9/2022 3:26:00 AM,-1.99
10103,4/9/2022 3:26:04 AM,-2.22
10103,4/9/2022 3:26:08 AM,-2.23
10103,4/9/2022 3:26:12 AM,-1.32
10103,4/9/2022 3:26:16 AM,-1.99
10103,4/9/2022 3:26:20 AM,-1.99
10103,4/9/2022 3:26:24 AM,-1.99
10103,4/9/2022 3:26:28 AM,-1.99
10103,4/9/2022 3:26:32 AM,-1.99
10103,4/9/2022 3:26:36 AM,-1.31
10103,4/9/2022 3:26:40 AM,-1.53
10103,4/9/2022 3:26:44 AM,-1.99
10103,4/9/2022 3:26:48 AM,-3.35
10103,4/9/2022 3:26:52 AM,-2.46
10103,4/9/2022 3:26:56 AM,-1.99
10103,4/9/2022 3:27:00 AM,-1.99
10103,4/9/2022 3:27:04 AM,-2.46
10103,4/9/2022 3:27:08 AM,-2.89
10103,4/9/2022 3:27:12 AM,-2.01
10103,4/9/2022 3:27:16 AM,-2.68
10103,4/9/2022 3:27:20 AM,-2.68
10103,4/9/2022 3:27:24 AM,-2.00
10103,4/9/2022 3:27:28 AM,-2.24
10103,4/9/2022 3:27:32 AM,-2.21
10103,4/9/2022 3:27:36 AM,-2.00
10103,4/9/2022 3:27:40 AM,-1.99
10103,4/9/2022 3:27:44 AM,-1.99
10103,4/9/2022 3:27:48 AM,-1.99
10103,4/9/2022 3:27:52 AM,-1.77
10103,4/9/2022 3:27:56 AM,-2.20
10103,4/9/2022 3:28:00 AM,-2.00
10103,4/9/2022 3:28:04 AM,-1.99
10103,4/9/2022 3:28:08 AM,-2.44
10103,4/9/2022 3:28:12 AM,-2.68
10103,4/9/2022 3:28:16 AM,-1.31
10103,4/9/2022 3:28:20 AM,-2.21
10103,4/9/2022 3:28:24 AM,-2.00
10103,4/9/2022 3:28:28 AM,-2.92
10103,4/9/2022 3:28:32 AM,-2.89
10103,4/9/2022 3:28:36 AM,-2.68
10103,4/9/2022 3:28:40 AM,-1.77
10103,4/9/2022 3:28:44 AM,-1.76
10103,4/9/2022 3:28:48 AM,-2.67
10103,4/9/2022 3:28:52 AM,-1.99
10103,4/9/2022 3:28:56 AM,-1.60
10103,4/9/2022 3:29:00 AM,-1.99
10103,4/9/2022 3:29:04 AM,-2.24
10103,4/9/2022 3:29:08 AM,-1.76
10103,4/9/2022 3:29:12 AM,-1.99
10103,4/9/2022 3:29:16 AM,-1.53
10103,4/9/2022 3:29:20 AM,-1.99
10103,4/9/2022 3:29:24 AM,-1.99
10103,4/9/2022 3:29:28 AM,-3.36
10103,4/9/2022 3:29:32 AM,-2.92
10103,4/9/2022 3:29:36 AM,-2.00
10103,4/9/2022 3:29:40 AM,-1.75
10103,4/9/2022 3:29:44 AM,-2.23
10103,4/9/2022 3:29:48 AM,-1.99
10103,4/9/2022 3:29:52 AM,-1.99
10103,4/9/2022 3:29:56 AM,-2.44
10103,4/9/2022 3:30:00 AM,-1.32
10103,4/9/2022 3:30:04 AM,-2.22
10103,4/9/2022 3:30:08 AM,-2.23
10103,4/9/2022 3:30:12 AM,-2.67
10103,4/9/2022 3:30:16 AM,-1.53
10103,4/9/2022 3:30:20 AM,-1.99
10103,4/9/2022 3:30:24 AM,-1.99
10103,4/9/2022 3:30:28 AM,-2.68
10103,4/9/2022 3:30:32 AM,-2.23
10103,4/9/2022 3:30:36 AM,-1.99
10103,4/9/2022 3:30:40 AM,-2.25
10103,4/9/2022 3:30:44 AM,-1.31
10103,4/9/2022 3:30:48 AM,-1.99
10103,4/9/2022 3:30:52 AM,-2.22
10103,4/9/2022 3:30:56 AM,-2.28
10103,4/9/2022 3:31:00 AM,-1.32
10103,4/9/2022 3:31:04 AM,-2.21
10103,4/9/2022 3:31:08 AM,-2.68
10103,4/9/2022 3:31:12 AM,-2.00
10103,4/9/2022 3:31:16 AM,-2.44
10103,4/9/2022 3:31:20 AM,-2.46
10103,4/9/2022 3:31:24 AM,-1.99
10103,4/9/2022 3:31:28 AM,-2.21
10103,4/9/2022 3:31:32 AM,-2.23
10103,4/9/2022 3:31:36 AM,-1.99
10103,4/9/2022 3:31:40 AM,-1.99
10103,4/9/2022 3:31:44 AM,-1.99
10103,4/9/2022 3:31:48 AM,-1.99
10103,4/9/2022 3:31:52 AM,-2.46
10103,4/9/2022 3:31:56 AM,-1.99
10103,4/9/2022 3:32:00 AM,-1.99
10103,4/9/2022 3:32:04 AM,-2.68
10103,4/9/2022 3:32:08 AM,-2.68
10103,4/9/2022 3:32:12 AM,-2.00
10103,4/9/2022 3:32:16 AM,-1.31
10103,4/9/2022 3:32:20 AM,-2.21
10103,4/9/2022 3:32:24 AM,-2.68
10103,4/9/2022 3:32:28 AM,-2.46
10103,4/9/2022 3:32:32 AM,-1.99
10103,4/9/2022 3:32:36 AM,-1.32
10103,4/9/2022 3:32:40 AM,-1.99
10103,4/9/2022 3:32:44 AM,-2.44
10103,4/9/2022 3:32:48 AM,-1.32
10103,4/9/2022 3:32:52 AM,-2.22
10103,4/9/2022 3:32:56 AM,-2.23
10103,4/9/2022 3:33:00 AM,-1.99
10103,4/9/2022 3:33:04 AM,-1.31
10103,4/9/2022 3:33:08 AM,-1.76
10103,4/9/2022 3:33:12 AM,-1.99
10103,4/9/2022 3:33:16 AM,-2.24
10103,4/9/2022 3:33:20 AM,-1.76
10103,4/9/2022 3:33:24 AM,-1.99
10103,4/9/2022 3:33:28 AM,-1.99
10103,4/9/2022 3:33:32 AM,-1.99
10103,4/9/2022 3:33:36 AM,-1.32
10103,4/9/2022 3:33:40 AM,-1.99
10103,4/9/2022 3:33:44 AM,-1.99
10103,4/9/2022 3:33:48 AM,-1.99
10103,4/9/2022 3:33:52 AM,-2.46
10103,4/9/2022 3:33:56 AM,-1.99
10103,4/9/2022 3:34:00 AM,-1.99
10103,4/9/2022 3:34:04 AM,-1.77
10103,4/9/2022 3:34:08 AM,-2.21
10103,4/9/2022 3:34:12 AM,-2.00
10103,4/9/2022 3:34:16 AM,-1.99
10103,4/9/2022 3:34:20 AM,-1.99
10103,4/9/2022 3:34:24 AM,-1.99
10103,4/9/2022 3:34:28 AM,-1.99
10103,4/9/2022 3:34:32 AM,-1.99
10103,4/9/2022 3:34:36 AM,-2.67
10103,4/9/2022 3:34:40 AM,-2.21
10103,4/9/2022 3:34:44 AM,-2.68
10103,4/9/2022 3:34:48 AM,-2.00
10103,4/9/2022 3:34:52 AM,-1.99
10103,4/9/2022 3:34:56 AM,-1.55
10103,4/9/2022 3:35:00 AM,-1.31
10103,4/9/2022 3:35:04 AM,-1.99
10103,4/9/2022 3:35:08 AM,-1.99
10103,4/9/2022 3:35:12 AM,-1.32
10103,4/9/2022 3:35:16 AM,-2.21
10103,4/9/2022 3:35:20 AM,-2.23
10103,4/9/2022 3:35:24 AM,-1.32
10103,4/9/2022 3:35:28 AM,-2.46
10103,4/9/2022 3:35:32 AM,-1.99
10103,4/9/2022 3:35:36 AM,-1.31
10103,4/9/2022 3:35:40 AM,-1.75
10103,4/9/2022 3:35:44 AM,-1.78
10103,4/9/2022 3:35:48 AM,-1.31
10103,4/9/2022 3:35:52 AM,-1.99
10103,4/9/2022 3:35:56 AM,-2.44
10103,4/9/2022 3:36:00 AM,-2.00
10103,4/9/2022 3:36:04 AM,-2.21
10103,4/9/2022 3:36:08 AM,-1.78
10103,4/9/2022 3:36:12 AM,-1.98
10103,4/9/2022 3:36:16 AM,-1.99
10103,4/9/2022 3:36:20 AM,-2.44
10103,4/9/2022 3:36:24 AM,-2.00
10103,4/9/2022 3:36:28 AM,-2.68
10103,4/9/2022 3:36:32 AM,-2.23
10103,4/9/2022 3:36:36 AM,-1.99
10103,4/9/2022 3:36:40 AM,-1.99
10103,4/9/2022 3:36:44 AM,-1.55
10103,4/9/2022 3:36:48 AM,-1.93
10103,4/9/2022 3:36:52 AM,-1.55
10103,4/9/2022 3:36:56 AM,-1.52
10103,4/9/2022 3:37:00 AM,-1.99
10103,4/9/2022 3:37:04 AM,-1.53
10103,4/9/2022 3:37:08 AM,-1.99
10103,4/9/2022 3:37:12 AM,-1.99
10103,4/9/2022 3:37:16 AM,-2.23
10103,4/9/2022 3:37:20 AM,-2.21
10103,4/9/2022 3:37:24 AM,-1.32
10103,4/9/2022 3:37:28 AM,-1.77
10103,4/9/2022 3:37:32 AM,-1.76
10103,4/9/2022 3:37:36 AM,-2.68
10103,4/9/2022 3:37:40 AM,-1.99
10103,4/9/2022 3:37:44 AM,-1.99
10103,4/9/2022 3:37:48 AM,-1.99
10103,4/9/2022 3:37:52 AM,-2.46
10103,4/9/2022 3:37:56 AM,-1.55
10103,4/9/2022 3:38:00 AM,-1.31
10103,4/9/2022 3:38:04 AM,-1.99
10103,4/9/2022 3:38:08 AM,-1.99
10103,4/9/2022 3:38:12 AM,-1.99
10103,4/9/2022 3:38:16 AM,-1.98
10103,4/9/2022 3:38:20 AM,-3.36
10103,4/9/2022 3:38:24 AM,-1.32
10103,4/9/2022 3:38:28 AM,-1.99
10103,4/9/2022 3:38:32 AM,-1.99
10103,4/9/2022 3:38:36 AM,-1.99
10103,4/9/2022 3:38:40 AM,-1.99
10103,4/9/2022 3:38:44 AM,-1.99
10103,4/9/2022 3:38:48 AM,-1.31
10103,4/9/2022 3:38:52 AM,-2.22
10103,4/9/2022 3:38:56 AM,-2.68
10103,4/9/2022 3:39:00 AM,-2.00
10103,4/9/2022 3:39:04 AM,-1.53
10103,4/9/2022 3:39:08 AM,-1.99
10103,4/9/2022 3:39:12 AM,-2.67
10103,4/9/2022 3:39:16 AM,-1.53
10103,4/9/2022 3:39:20 AM,-1.99
10103,4/9/2022 3:39:24 AM,-1.99
10103,4/9/2022 3:39:28 AM,-1.99
10103,4/9/2022 3:39:32 AM,-2.44
10103,4/9/2022 3:39:36 AM,-1.32
10103,4/9/2022 3:39:40 AM,-1.99
10103,4/9/2022 3:39:44 AM,-1.99
10103,4/9/2022 3:39:48 AM,-1.31
10103,4/9/2022 3:39:52 AM,-1.75
10103,4/9/2022 3:39:56 AM,-2.23
10103,4/9/2022 3:40:00 AM,-1.99
10103,4/9/2022 3:40:04 AM,-2.22
10103,4/9/2022 3:40:08 AM,-1.78
10103,4/9/2022 3:40:12 AM,-2.66
10103,4/9/2022 3:40:16 AM,-2.24
10103,4/9/2022 3:40:20 AM,-1.76
10103,4/9/2022 3:40:24 AM,-1.99
10103,4/9/2022 3:40:28 AM,-1.53
10103,4/9/2022 3:40:32 AM,-2.44
10103,4/9/2022 3:40:36 AM,-2.00
10103,4/9/2022 3:40:40 AM,-2.46
10103,4/9/2022 3:40:44 AM,-1.55
10103,4/9/2022 3:40:48 AM,-2.67
10103,4/9/2022 3:40:52 AM,-1.99
10103,4/9/2022 3:40:56 AM,-2.44
10103,4/9/2022 3:41:00 AM,-1.32
10103,4/9/2022 3:41:04 AM,-1.53
10103,4/9/2022 3:41:08 AM,-1.99
10103,4/9/2022 3:41:12 AM,-1.32
10103,4/9/2022 3:41:16 AM,-1.99
10103,4/9/2022 3:41:20 AM,-1.99
10103,4/9/2022 3:41:24 AM,-2.59
10103,4/9/2022 3:41:28 AM,-2.46
10103,4/9/2022 3:41:32 AM,-1.99
10103,4/9/2022 3:41:36 AM,-1.99
10103,4/9/2022 3:41:40 AM,-2.68
10103,4/9/2022 3:41:44 AM,-1.78
10103,4/9/2022 3:41:48 AM,-1.99
10103,4/9/2022 3:41:52 AM,-1.99
10103,4/9/2022 3:41:56 AM,-2.44
10103,4/9/2022 3:42:00 AM,-2.00
10103,4/9/2022 3:42:04 AM,-1.99
10103,4/9/2022 3:42:08 AM,-1.99
10103,4/9/2022 3:42:12 AM,-2.67
10103,4/9/2022 3:42:16 AM,-2.92
10103,4/9/2022 3:42:20 AM,-1.99
10103,4/9/2022 3:42:24 AM,-1.99
10103,4/9/2022 3:42:28 AM,-2.46
10103,4/9/2022 3:42:32 AM,-2.44
10103,4/9/2022 3:42:36 AM,-2.68
10103,4/9/2022 3:42:40 AM,-2.46
10103,4/9/2022 3:42:44 AM,-1.99
10103,4/9/2022 3:42:48 AM,-1.99
10103,4/9/2022 3:42:52 AM,-2.68
10103,4/9/2022 3:42:56 AM,-2.23
10103,4/9/2022 3:43:00 AM,-1.99
10103,4/9/2022 3:43:04 AM,-1.99
10103,4/9/2022 3:43:08 AM,-1.99
10103,4/9/2022 3:43:12 AM,-2.67
10103,4/9/2022 3:43:16 AM,-2.21
10103,4/9/2022 3:43:20 AM,-2.23
10103,4/9/2022 3:43:24 AM,-2.67
10103,4/9/2022 3:43:28 AM,-2.68
10103,4/9/2022 3:43:32 AM,-2.23
10103,4/9/2022 3:43:36 AM,-2.67
10103,4/9/2022 3:43:40 AM,-1.74
10103,4/9/2022 3:43:44 AM,-2.68
10103,4/9/2022 3:43:48 AM,-1.32
10103,4/9/2022 3:43:52 AM,-1.31
10103,4/9/2022 3:43:56 AM,-1.76
10103,4/9/2022 3:44:00 AM,-1.99
10103,4/9/2022 3:44:04 AM,-2.68
10103,4/9/2022 3:44:08 AM,-2.23
10103,4/9/2022 3:44:12 AM,-1.32
10103,4/9/2022 3:44:16 AM,-2.21
10103,4/9/2022 3:44:20 AM,-2.23
10103,4/9/2022 3:44:24 AM,-3.35
10103,4/9/2022 3:44:28 AM,-2.46
10103,4/9/2022 3:44:32 AM,-2.44
10103,4/9/2022 3:44:36 AM,-2.00
10103,4/9/2022 3:44:40 AM,-1.99
10103,4/9/2022 3:44:44 AM,-1.99
10103,4/9/2022 3:44:48 AM,-1.99
10103,4/9/2022 3:44:52 AM,-1.99
10103,4/9/2022 3:44:56 AM,-1.99
10103,4/9/2022 3:45:00 AM,-1.99
10103,4/9/2022 3:45:04 AM,-1.53
10103,4/9/2022 3:45:08 AM,-1.55
10103,4/9/2022 3:45:12 AM,-2.66
10103,4/9/2022 3:45:16 AM,-1.99
10103,4/9/2022 3:45:20 AM,-1.99
10103,4/9/2022 3:45:24 AM,-2.67
10103,4/9/2022 3:45:28 AM,-1.99
10103,4/9/2022 3:45:32 AM,-2.44
10103,4/9/2022 3:45:36 AM,-2.68
10103,4/9/2022 3:45:40 AM,-2.24
10103,4/9/2022 3:45:44 AM,-1.76
10103,4/9/2022 3:45:48 AM,-2.67
10103,4/9/2022 3:45:52 AM,-2.92
10103,4/9/2022 3:45:56 AM,-2.89
10103,4/9/2022 3:46:00 AM,-2.01
10103,4/9/2022 3:46:04 AM,-2.21
10103,4/9/2022 3:46:08 AM,-2.23
10103,4/9/2022 3:46:12 AM,-2.67
10103,4/9/2022 3:46:16 AM,-2.43
10103,4/9/2022 3:46:20 AM,-2.92
10103,4/9/2022 3:46:24 AM,-2.00
10103,4/9/2022 3:46:28 AM,-1.99
10103,4/9/2022 3:46:32 AM,-2.89
10103,4/9/2022 3:46:36 AM,-2.01
10103,4/9/2022 3:46:40 AM,-2.46
10103,4/9/2022 3:46:44 AM,-1.99
10103,4/9/2022 3:46:48 AM,-1.99
10103,4/9/2022 3:46:52 AM,-2.46
10103,4/9/2022 3:46:56 AM,-1.55
10103,4/9/2022 3:47:00 AM,-1.99
10103,4/9/2022 3:47:04 AM,-2.68
10103,4/9/2022 3:47:08 AM,-2.23
10103,4/9/2022 3:47:12 AM,-1.99
10103,4/9/2022 3:47:16 AM,-2.21
10103,4/9/2022 3:47:20 AM,-2.68
10103,4/9/2022 3:47:24 AM,-2.00
10103,4/9/2022 3:47:28 AM,-1.99
10103,4/9/2022 3:47:32 AM,-1.99
10103,4/9/2022 3:47:36 AM,-3.35
10103,4/9/2022 3:47:40 AM,-1.75
10103,4/9/2022 3:47:44 AM,-2.23
10103,4/9/2022 3:47:48 AM,-1.99
10103,4/9/2022 3:47:52 AM,-1.99
10103,4/9/2022 3:47:56 AM,-2.89
10103,4/9/2022 3:48:00 AM,-2.01
10103,4/9/2022 3:48:04 AM,-1.53
10103,4/9/2022 3:48:08 AM,-1.99
10103,4/9/2022 3:48:12 AM,-2.67
10103,4/9/2022 3:48:16 AM,-1.99
10103,4/9/2022 3:48:20 AM,-1.99
10103,4/9/2022 3:48:24 AM,-3.35
10103,4/9/2022 3:48:28 AM,-2.46
10103,4/9/2022 3:48:32 AM,-1.99
10103,4/9/2022 3:48:36 AM,-1.32
10103,4/9/2022 3:48:40 AM,-1.99
10103,4/9/2022 3:48:44 AM,-2.44
10103,4/9/2022 3:48:48 AM,-2.00
10103,4/9/2022 3:48:52 AM,-1.99
10103,4/9/2022 3:48:56 AM,-1.99
10103,4/9/2022 3:49:00 AM,-1.99
10103,4/9/2022 3:49:04 AM,-1.99
10103,4/9/2022 3:49:08 AM,-1.99
10103,4/9/2022 3:49:12 AM,-2.67
10103,4/9/2022 3:49:16 AM,-1.53
10103,4/9/2022 3:49:20 AM,-1.99
10103,4/9/2022 3:49:24 AM,-1.99
10103,4/9/2022 3:49:28 AM,-2.18
10103,4/9/2022 3:49:32 AM,-2.68
10103,4/9/2022 3:49:36 AM,-2.00
10103,4/9/2022 3:49:40 AM,-2.22
10103,4/9/2022 3:49:44 AM,-2.23
10103,4/9/2022 3:49:48 AM,-1.99
10103,4/9/2022 3:49:52 AM,-2.46
10103,4/9/2022 3:49:56 AM,-1.55
10103,4/9/2022 3:50:00 AM,-1.99
10103,4/9/2022 3:50:04 AM,-2.24
10103,4/9/2022 3:50:08 AM,-1.76
10103,4/9/2022 3:50:12 AM,-2.67
10103,4/9/2022 3:50:16 AM,-1.53
10103,4/9/2022 3:50:20 AM,-1.99
10103,4/9/2022 3:50:24 AM,-1.99
10103,4/9/2022 3:50:28 AM,-1.99
10103,4/9/2022 3:50:32 AM,-1.99
10103,4/9/2022 3:50:36 AM,-1.99
10103,4/9/2022 3:50:40 AM,-1.99
10103,4/9/2022 3:50:44 AM,-2.44
10103,4/9/2022 3:50:48 AM,-2.68
10103,4/9/2022 3:50:52 AM,-1.99
10103,4/9/2022 3:50:56 AM,-1.55
10103,4/9/2022 3:51:00 AM,-2.67
10103,4/9/2022 3:51:04 AM,-2.21
10103,4/9/2022 3:51:08 AM,-2.23
10103,4/9/2022 3:51:12 AM,-1.99
10103,4/9/2022 3:51:16 AM,-2.68
10103,4/9/2022 3:51:20 AM,-2.23
10103,4/9/2022 3:51:24 AM,-1.99
10103,4/9/2022 3:51:28 AM,-1.99
10103,4/9/2022 3:51:32 AM,-1.99
10103,4/9/2022 3:51:36 AM,-1.99
10103,4/9/2022 3:51:40 AM,-1.99
10103,4/9/2022 3:51:44 AM,-1.99
10103,4/9/2022 3:51:48 AM,-1.99
10103,4/9/2022 3:51:52 AM,-1.99
10103,4/9/2022 3:51:56 AM,-1.55
10103,4/9/2022 3:52:00 AM,-2.66
10103,4/9/2022 3:52:04 AM,-1.31
10103,4/9/2022 3:52:08 AM,-1.76
10103,4/9/2022 3:52:12 AM,-2.67
10103,4/9/2022 3:52:16 AM,-1.99
10103,4/9/2022 3:52:20 AM,-1.55
10103,4/9/2022 3:52:24 AM,-1.99
10103,4/9/2022 3:52:28 AM,-2.46
10103,4/9/2022 3:52:32 AM,-1.54
10103,4/9/2022 3:52:36 AM,-1.31
10103,4/9/2022 3:52:40 AM,-1.99
10103,4/9/2022 3:52:44 AM,-1.99
10103,4/9/2022 3:52:48 AM,-1.99
10103,4/9/2022 3:52:52 AM,-1.99
10103,4/9/2022 3:52:56 AM,-2.44
10103,4/9/2022 3:53:00 AM,-2.00
10103,4/9/2022 3:53:04 AM,-1.53
10103,4/9/2022 3:53:08 AM,-1.99
10103,4/9/2022 3:53:12 AM,-1.32
10103,4/9/2022 3:53:16 AM,-2.68
10103,4/9/2022 3:53:20 AM,-2.68
10103,4/9/2022 3:53:24 AM,-2.68
10103,4/9/2022 3:53:28 AM,-2.43
10103,4/9/2022 3:53:32 AM,-2.46
10103,4/9/2022 3:53:36 AM,-2.67
10103,4/9/2022 3:53:40 AM,-1.99
10103,4/9/2022 3:53:44 AM,-1.99
10103,4/9/2022 3:53:48 AM,-1.99
10103,4/9/2022 3:53:52 AM,-0.85
10103,4/9/2022 3:53:56 AM,-1.76
10103,4/9/2022 3:54:00 AM,-1.31
10103,4/9/2022 3:54:04 AM,-2.68
10103,4/9/2022 3:54:08 AM,-2.28
10103,4/9/2022 3:54:12 AM,-1.99
10103,4/9/2022 3:54:16 AM,-1.77
10103,4/9/2022 3:54:20 AM,-1.76
10103,4/9/2022 3:54:24 AM,-1.99
10103,4/9/2022 3:54:28 AM,-1.53
10103,4/9/2022 3:54:32 AM,-2.45
10103,4/9/2022 3:54:36 AM,-2.00
10103,4/9/2022 3:54:40 AM,-2.46
10103,4/9/2022 3:54:44 AM,-1.99
10103,4/9/2022 3:54:48 AM,-2.67
10103,4/9/2022 3:54:52 AM,-1.99
10103,4/9/2022 3:54:56 AM,-1.99
10103,4/9/2022 3:55:00 AM,-1.99
10103,4/9/2022 3:55:04 AM,-1.99
10103,4/9/2022 3:55:08 AM,-1.99
10103,4/9/2022 3:55:12 AM,-1.99
10103,4/9/2022 3:55:16 AM,-1.99
10103,4/9/2022 3:55:20 AM,-1.99
10103,4/9/2022 3:55:24 AM,-2.67
10103,4/9/2022 3:55:28 AM,-2.21
10103,4/9/2022 3:55:32 AM,-2.28
10103,4/9/2022 3:55:36 AM,-1.99
10103,4/9/2022 3:55:40 AM,-2.22
10103,4/9/2022 3:55:44 AM,-2.23
10103,4/9/2022 3:55:48 AM,-1.99
10103,4/9/2022 3:55:52 AM,-2.68
10103,4/9/2022 3:55:56 AM,-2.68
10103,4/9/2022 3:56:00 AM,-1.32
10103,4/9/2022 3:56:04 AM,-1.77
10103,4/9/2022 3:56:08 AM,-1.76
10103,4/9/2022 3:56:12 AM,-1.32
10103,4/9/2022 3:56:16 AM,-2.22
10103,4/9/2022 3:56:20 AM,-2.23
10103,4/9/2022 3:56:24 AM,-2.67
10103,4/9/2022 3:56:28 AM,-1.99
10103,4/9/2022 3:56:32 AM,-1.99
10103,4/9/2022 3:56:36 AM,-1.99
10103,4/9/2022 3:56:40 AM,-1.99
10103,4/9/2022 3:56:44 AM,-2.44
10103,4/9/2022 3:56:48 AM,-2.00
10103,4/9/2022 3:56:52 AM,-1.31
10103,4/9/2022 3:56:56 AM,-2.64
10103,4/9/2022 3:57:00 AM,-1.32
10103,4/9/2022 3:57:04 AM,-2.68
10103,4/9/2022 3:57:08 AM,-2.23
10103,4/9/2022 3:57:12 AM,-1.32
10103,4/9/2022 3:57:16 AM,-1.99
10103,4/9/2022 3:57:20 AM,-1.99
10103,4/9/2022 3:57:24 AM,-1.99
10103,4/9/2022 3:57:28 AM,-2.21
10103,4/9/2022 3:57:32 AM,-1.78
10103,4/9/2022 3:57:36 AM,-1.99
10103,4/9/2022 3:57:40 AM,-1.99
10103,4/9/2022 3:57:44 AM,-1.99
10103,4/9/2022 3:57:48 AM,-1.99
10103,4/9/2022 3:57:52 AM,-2.21
10103,4/9/2022 3:57:56 AM,-1.79
10103,4/9/2022 3:58:00 AM,-2.67
10103,4/9/2022 3:58:04 AM,-1.77
10103,4/9/2022 3:58:08 AM,-1.76
10103,4/9/2022 3:58:12 AM,-1.99
10103,4/9/2022 3:58:16 AM,-1.99
10103,4/9/2022 3:58:20 AM,-1.99
10103,4/9/2022 3:58:24 AM,-1.99
10103,4/9/2022 3:58:28 AM,-2.21
10103,4/9/2022 3:58:32 AM,-2.23
10103,4/9/2022 3:58:36 AM,-1.99
10103,4/9/2022 3:58:40 AM,-2.46
10103,4/9/2022 3:58:44 AM,-1.99
10103,4/9/2022 3:58:48 AM,-1.99
10103,4/9/2022 3:58:52 AM,-2.92
10103,4/9/2022 3:58:56 AM,-1.99
10103,4/9/2022 3:59:00 AM,-2.67
10103,4/9/2022 3:59:04 AM,-1.77
10103,4/9/2022 3:59:08 AM,-2.21
10103,4/9/2022 3:59:12 AM,-1.33
10103,4/9/2022 3:59:16 AM,-1.77
10103,4/9/2022 3:59:20 AM,-1.76
10103,4/9/2022 3:59:24 AM,-1.99
10103,4/9/2022 3:59:28 AM,-1.31
10103,4/9/2022 3:59:32 AM,-2.21
10103,4/9/2022 3:59:36 AM,-2.00
10103,4/9/2022 3:59:40 AM,-2.16
10103,4/9/2022 3:59:44 AM,-3.13
10103,4/9/2022 3:59:48 AM,-2.01
10103,4/9/2022 3:59:52 AM,-2.46
10103,4/9/2022 3:59:56 AM,-1.99
10103,4/9/2022 4:00:00 AM,-1.99
10103,4/9/2022 4:00:04 AM,-1.99
10103,4/9/2022 4:00:08 AM,-1.54
10103,4/9/2022 4:00:12 AM,-3.32
10103,4/9/2022 4:00:16 AM,-1.99
10103,4/9/2022 4:00:20 AM,-1.99
10103,4/9/2022 4:00:24 AM,-1.99
10103,4/9/2022 4:00:28 AM,-1.99
10103,4/9/2022 4:00:32 AM,-1.54
10103,4/9/2022 4:00:36 AM,-1.99
10103,4/9/2022 4:00:40 AM,-1.99
10103,4/9/2022 4:00:44 AM,-1.99
10103,4/9/2022 4:00:48 AM,-1.32
10103,4/9/2022 4:00:52 AM,-2.22
10103,4/9/2022 4:00:56 AM,-2.23
10103,4/9/2022 4:01:00 AM,-1.99
10103,4/9/2022 4:01:04 AM,-2.21
10103,4/9/2022 4:01:08 AM,-2.24
10103,4/9/2022 4:01:12 AM,-1.99
10103,4/9/2022 4:01:16 AM,-1.53
10103,4/9/2022 4:01:20 AM,-2.44
10103,4/9/2022 4:01:24 AM,-2.00
10103,4/9/2022 4:01:28 AM,-2.43
10103,4/9/2022 4:01:32 AM,-2.47
10103,4/9/2022 4:01:36 AM,-1.32
10103,4/9/2022 4:01:40 AM,-1.99
10103,4/9/2022 4:01:44 AM,-1.55
10103,4/9/2022 4:01:48 AM,-1.99
10103,4/9/2022 4:01:52 AM,-2.46
10103,4/9/2022 4:01:56 AM,-1.99
10103,4/9/2022 4:02:00 AM,-1.99
10103,4/9/2022 4:02:04 AM,-0.85
10103,4/9/2022 4:02:08 AM,-1.76
10103,4/9/2022 4:02:12 AM,-1.32
10103,4/9/2022 4:02:16 AM,-1.53
10103,4/9/2022 4:02:20 AM,-2.44
10103,4/9/2022 4:02:24 AM,-2.00
10103,4/9/2022 4:02:28 AM,-2.46
10103,4/9/2022 4:02:32 AM,-1.99
10103,4/9/2022 4:02:36 AM,-2.67
10103,4/9/2022 4:02:40 AM,-2.46
10103,4/9/2022 4:02:44 AM,-1.99
10103,4/9/2022 4:02:48 AM,-2.67
10103,4/9/2022 4:02:52 AM,-1.99
10103,4/9/2022 4:02:56 AM,-1.99
10103,4/9/2022 4:03:00 AM,-1.99
10103,4/9/2022 4:03:04 AM,-2.46
10103,4/9/2022 4:03:08 AM,-1.99
10103,4/9/2022 4:03:12 AM,-2.67
10103,4/9/2022 4:03:16 AM,-1.53
10103,4/9/2022 4:03:20 AM,-2.44
10103,4/9/2022 4:03:24 AM,-2.00
10103,4/9/2022 4:03:28 AM,-1.53
10103,4/9/2022 4:03:32 AM,-2.44
10103,4/9/2022 4:03:36 AM,-2.00
10103,4/9/2022 4:03:40 AM,-1.53
10103,4/9/2022 4:03:44 AM,-1.99
10103,4/9/2022 4:03:48 AM,-1.31
10103,4/9/2022 4:03:52 AM,-1.99
10103,4/9/2022 4:03:56 AM,-1.55
10103,4/9/2022 4:04:00 AM,-1.31
10103,4/9/2022 4:04:04 AM,-1.99
10103,4/9/2022 4:04:08 AM,-1.99
10103,4/9/2022 4:04:12 AM,-1.32
10103,4/9/2022 4:04:16 AM,-1.77
10103,4/9/2022 4:04:20 AM,-2.21
10103,4/9/2022 4:04:24 AM,-2.68
10103,4/9/2022 4:04:28 AM,-2.68
10103,4/9/2022 4:04:32 AM,-1.78
10103,4/9/2022 4:04:36 AM,-1.99
10103,4/9/2022 4:04:40 AM,-1.99
10103,4/9/2022 4:04:44 AM,-1.99
10103,4/9/2022 4:04:48 AM,-1.99
10103,4/9/2022 4:04:52 AM,-1.99
10103,4/9/2022 4:04:56 AM,-1.99
10103,4/9/2022 4:05:00 AM,-1.99
10103,4/9/2022 4:05:04 AM,-1.99
10103,4/9/2022 4:05:08 AM,-1.99
10103,4/9/2022 4:05:12 AM,-2.67
10103,4/9/2022 4:05:16 AM,-1.53
10103,4/9/2022 4:05:20 AM,-1.54
10103,4/9/2022 4:05:24 AM,-1.99
10103,4/9/2022 4:05:28 AM,-2.21
10103,4/9/2022 4:05:32 AM,-2.23
10103,4/9/2022 4:05:36 AM,-2.67
10103,4/9/2022 4:05:40 AM,-1.50
10103,4/9/2022 4:05:44 AM,-1.60
10103,4/9/2022 4:05:48 AM,-1.99
10103,4/9/2022 4:05:52 AM,-1.77
10103,4/9/2022 4:05:56 AM,-1.76
10103,4/9/2022 4:06:00 AM,-2.67
10103,4/9/2022 4:06:04 AM,-1.76
10103,4/9/2022 4:06:08 AM,-2.68
10103,4/9/2022 4:06:12 AM,-2.00
10103,4/9/2022 4:06:16 AM,-1.31
10103,4/9/2022 4:06:20 AM,-2.21
10103,4/9/2022 4:06:24 AM,-2.00
10103,4/9/2022 4:06:28 AM,-1.99
10103,4/9/2022 4:06:32 AM,-1.99
10103,4/9/2022 4:06:36 AM,-2.67
10103,4/9/2022 4:06:40 AM,-2.46
10103,4/9/2022 4:06:44 AM,-1.99
10103,4/9/2022 4:06:48 AM,-1.99
10103,4/9/2022 4:06:52 AM,-1.76
10103,4/9/2022 4:06:56 AM,-2.68
10103,4/9/2022 4:07:00 AM,-2.68
10103,4/9/2022 4:07:04 AM,-3.14
10103,4/9/2022 4:07:08 AM,-2.23
10103,4/9/2022 4:07:12 AM,-2.67
10103,4/9/2022 4:07:16 AM,-1.98
10103,4/9/2022 4:07:20 AM,-2.91
10103,4/9/2022 4:07:24 AM,-1.32
10103,4/9/2022 4:07:28 AM,-2.46
10103,4/9/2022 4:07:32 AM,-1.99
10103,4/9/2022 4:07:36 AM,-1.99
10103,4/9/2022 4:07:40 AM,-1.07
10103,4/9/2022 4:07:44 AM,-1.99
10103,4/9/2022 4:07:48 AM,-1.99
10103,4/9/2022 4:07:52 AM,-1.99
10103,4/9/2022 4:07:56 AM,-1.99
10103,4/9/2022 4:08:00 AM,-2.67
10103,4/9/2022 4:08:04 AM,-2.68
10103,4/9/2022 4:08:08 AM,-2.23
10103,4/9/2022 4:08:12 AM,-1.99
10103,4/9/2022 4:08:16 AM,-1.99
10103,4/9/2022 4:08:20 AM,-1.99
10103,4/9/2022 4:08:24 AM,-1.99
10103,4/9/2022 4:08:28 AM,-2.68
10103,4/9/2022 4:08:32 AM,-2.23
10103,4/9/2022 4:08:36 AM,-1.31
10103,4/9/2022 4:08:40 AM,-2.21
10103,4/9/2022 4:08:44 AM,-2.23
10103,4/9/2022 4:08:48 AM,-1.99
10103,4/9/2022 4:08:52 AM,-1.99
10103,4/9/2022 4:08:56 AM,-1.99
10103,4/9/2022 4:09:00 AM,-1.99
10103,4/9/2022 4:09:04 AM,-2.21
10103,4/9/2022 4:09:08 AM,-2.68
10103,4/9/2022 4:09:12 AM,-2.68
10103,4/9/2022 4:09:16 AM,-2.46
10103,4/9/2022 4:09:20 AM,-1.99
10103,4/9/2022 4:09:24 AM,-1.99
10103,4/9/2022 4:09:28 AM,-2.21
10103,4/9/2022 4:09:32 AM,-2.68
10103,4/9/2022 4:09:36 AM,-2.00
10103,4/9/2022 4:09:40 AM,-1.99
10103,4/9/2022 4:09:44 AM,-2.80
10103,4/9/2022 4:09:48 AM,-3.36
10103,4/9/2022 4:09:52 AM,-2.46
10103,4/9/2022 4:09:56 AM,-2.44
10103,4/9/2022 4:10:00 AM,-3.36
10103,4/9/2022 4:10:04 AM,-2.22
10103,4/9/2022 4:10:08 AM,-2.68
10103,4/9/2022 4:10:12 AM,-2.01
10103,4/9/2022 4:10:16 AM,-2.21
10103,4/9/2022 4:10:20 AM,-1.78
10103,4/9/2022 4:10:24 AM,-1.99
10103,4/9/2022 4:10:28 AM,-2.21
10103,4/9/2022 4:10:32 AM,-2.23
10103,4/9/2022 4:10:36 AM,-2.67
10103,4/9/2022 4:10:40 AM,-1.99
10103,4/9/2022 4:10:44 AM,-2.89
10103,4/9/2022 4:10:48 AM,-2.01
10103,4/9/2022 4:10:52 AM,-2.22
10103,4/9/2022 4:10:56 AM,-2.23
10103,4/9/2022 4:11:00 AM,-1.32
10103,4/9/2022 4:11:04 AM,-2.21
10103,4/9/2022 4:11:08 AM,-2.68
10103,4/9/2022 4:11:12 AM,-2.68
10103,4/9/2022 4:11:16 AM,-1.99
10103,4/9/2022 4:11:20 AM,-2.44
10103,4/9/2022 4:11:24 AM,-2.00
10103,4/9/2022 4:11:28 AM,-2.21
10103,4/9/2022 4:11:32 AM,-1.78
10103,4/9/2022 4:11:36 AM,-2.67
10103,4/9/2022 4:11:40 AM,-1.99
10103,4/9/2022 4:11:44 AM,-1.99
10103,4/9/2022 4:11:48 AM,-2.60
10103,4/9/2022 4:11:52 AM,-1.99
10103,4/9/2022 4:11:56 AM,-1.99
10103,4/9/2022 4:12:00 AM,-3.34
10103,4/9/2022 4:12:04 AM,-2.21
10103,4/9/2022 4:12:08 AM,-2.68
10103,4/9/2022 4:12:12 AM,-2.00
10103,4/9/2022 4:12:16 AM,-2.21
10103,4/9/2022 4:12:20 AM,-2.23
10103,4/9/2022 4:12:24 AM,-1.99
10103,4/9/2022 4:12:28 AM,-1.99
10103,4/9/2022 4:12:32 AM,-2.44
10103,4/9/2022 4:12:36 AM,-3.36
10103,4/9/2022 4:12:40 AM,-2.46
10103,4/9/2022 4:12:44 AM,-1.99
10103,4/9/2022 4:12:48 AM,-2.67
10103,4/9/2022 4:12:52 AM,-1.99
10103,4/9/2022 4:12:56 AM,-2.44
10103,4/9/2022 4:13:00 AM,-2.68
10103,4/9/2022 4:13:04 AM,-2.68
10103,4/9/2022 4:13:08 AM,-2.68
10103,4/9/2022 4:13:12 AM,-2.00
10103,4/9/2022 4:13:16 AM,-1.99
10103,4/9/2022 4:13:20 AM,-1.99
10103,4/9/2022 4:13:24 AM,-2.67
10103,4/9/2022 4:13:28 AM,-2.46
10103,4/9/2022 4:13:32 AM,-1.99
10103,4/9/2022 4:13:36 AM,-1.99
10103,4/9/2022 4:13:40 AM,-2.68
10103,4/9/2022 4:13:44 AM,-3.13
10103,4/9/2022 4:13:48 AM,-2.01
10103,4/9/2022 4:13:52 AM,-2.21
10103,4/9/2022 4:13:56 AM,-2.68
10103,4/9/2022 4:14:00 AM,-3.36
10103,4/9/2022 4:14:04 AM,-1.99
10103,4/9/2022 4:14:08 AM,-2.39
10103,4/9/2022 4:14:12 AM,-2.68
10103,4/9/2022 4:14:16 AM,-2.46
10103,4/9/2022 4:14:20 AM,-2.44
10103,4/9/2022 4:14:24 AM,-3.36
10103,4/9/2022 4:14:28 AM,-2.46
10103,4/9/2022 4:14:32 AM,-1.99
10103,4/9/2022 4:14:36 AM,-2.68
10103,4/9/2022 4:14:40 AM,-1.99
10103,4/9/2022 4:14:44 AM,-1.99
10103,4/9/2022 4:14:48 AM,-1.31
10103,4/9/2022 4:14:52 AM,-1.53
10103,4/9/2022 4:14:56 AM,-2.44
10103,4/9/2022 4:15:00 AM,-2.00
10103,4/9/2022 4:15:04 AM,-2.46
10103,4/9/2022 4:15:08 AM,-1.99
10103,4/9/2022 4:15:12 AM,-1.99
10103,4/9/2022 4:15:16 AM,-2.44
10103,4/9/2022 4:15:20 AM,-2.91
10103,4/9/2022 4:15:24 AM,-2.00
10103,4/9/2022 4:15:28 AM,-3.14
10103,4/9/2022 4:15:32 AM,-2.23
10103,4/9/2022 4:15:36 AM,-1.99
10103,4/9/2022 4:15:40 AM,-1.99
10103,4/9/2022 4:15:44 AM,-1.99
10103,4/9/2022 4:15:48 AM,-1.99
10103,4/9/2022 4:15:52 AM,-3.04
10103,4/9/2022 4:15:56 AM,-2.89
10103,4/9/2022 4:16:00 AM,-2.00
10103,4/9/2022 4:16:04 AM,-3.14
10103,4/9/2022 4:16:08 AM,-3.13
10103,4/9/2022 4:16:12 AM,-2.01
10103,4/9/2022 4:16:16 AM,-1.99
10103,4/9/2022 4:16:20 AM,-1.54
10103,4/9/2022 4:16:24 AM,-1.99
10103,4/9/2022 4:16:28 AM,-1.99
10103,4/9/2022 4:16:32 AM,-2.90
10103,4/9/2022 4:16:36 AM,-2.00
10103,4/9/2022 4:16:40 AM,-2.21
10103,4/9/2022 4:16:44 AM,-2.68
10103,4/9/2022 4:16:48 AM,-2.00
10103,4/9/2022 4:16:52 AM,-2.46
10103,4/9/2022 4:16:56 AM,-1.99
10103,4/9/2022 4:17:00 AM,-1.99
10103,4/9/2022 4:17:04 AM,-2.46
10103,4/9/2022 4:17:08 AM,-2.44
10103,4/9/2022 4:17:12 AM,-2.01
10103,4/9/2022 4:17:16 AM,-1.77
10103,4/9/2022 4:17:20 AM,-2.66
10103,4/9/2022 4:17:24 AM,-2.01
10103,4/9/2022 4:17:28 AM,-2.90
10103,4/9/2022 4:17:32 AM,-2.91
10103,4/9/2022 4:17:36 AM,-1.32
10103,4/9/2022 4:17:40 AM,-1.99
10103,4/9/2022 4:17:44 AM,-1.99
10103,4/9/2022 4:17:48 AM,-1.99
10103,4/9/2022 4:17:52 AM,-1.99
10103,4/9/2022 4:17:56 AM,-1.99
10103,4/9/2022 4:18:00 AM,-2.67
10103,4/9/2022 4:18:04 AM,-2.68
10103,4/9/2022 4:18:08 AM,-2.23
10103,4/9/2022 4:18:12 AM,-1.99
10103,4/9/2022 4:18:16 AM,-1.99
10103,4/9/2022 4:18:20 AM,-2.89
10103,4/9/2022 4:18:24 AM,-2.15
10103,4/9/2022 4:18:28 AM,-2.46
10103,4/9/2022 4:18:32 AM,-1.99
10103,4/9/2022 4:18:36 AM,-1.99
10103,4/9/2022 4:18:40 AM,-1.77
10103,4/9/2022 4:18:44 AM,-1.76
10103,4/9/2022 4:18:48 AM,-1.99
10103,4/9/2022 4:18:52 AM,-2.22
10103,4/9/2022 4:18:56 AM,-3.13
10103,4/9/2022 4:19:00 AM,-2.00
10103,4/9/2022 4:19:04 AM,-2.46
10103,4/9/2022 4:19:08 AM,-1.99
10103,4/9/2022 4:19:12 AM,-1.99
10103,4/9/2022 4:19:16 AM,-1.99
10103,4/9/2022 4:19:20 AM,-1.99
10103,4/9/2022 4:19:24 AM,-2.67
10103,4/9/2022 4:19:28 AM,-2.68
10103,4/9/2022 4:19:32 AM,-3.13
10103,4/9/2022 4:19:36 AM,-2.01
10103,4/9/2022 4:19:40 AM,-3.36
10103,4/9/2022 4:19:44 AM,-2.47
10103,4/9/2022 4:19:48 AM,-1.99
10103,4/9/2022 4:19:52 AM,-3.05
10103,4/9/2022 4:19:56 AM,-1.99
10103,4/9/2022 4:20:00 AM,-1.99
10103,4/9/2022 4:20:04 AM,-2.68
10103,4/9/2022 4:20:08 AM,-2.23
10103,4/9/2022 4:20:12 AM,-1.99
10103,4/9/2022 4:20:16 AM,-2.21
10103,4/9/2022 4:20:20 AM,-2.68
10103,4/9/2022 4:20:24 AM,-1.32
10103,4/9/2022 4:20:28 AM,-1.99
10103,4/9/2022 4:20:32 AM,-1.99
10103,4/9/2022 4:20:36 AM,-1.99
10103,4/9/2022 4:20:40 AM,-2.46
10103,4/9/2022 4:20:44 AM,-1.55
10103,4/9/2022 4:20:48 AM,-1.99
10103,4/9/2022 4:20:52 AM,-2.46
10103,4/9/2022 4:20:56 AM,-1.99
10103,4/9/2022 4:21:00 AM,-2.67
10103,4/9/2022 4:21:04 AM,-2.68
10103,4/9/2022 4:21:08 AM,-3.13
10103,4/9/2022 4:21:12 AM,-2.01
10103,4/9/2022 4:21:16 AM,-1.99
10103,4/9/2022 4:21:20 AM,-2.89
10103,4/9/2022 4:21:24 AM,-2.01
10103,4/9/2022 4:21:28 AM,-2.46
10103,4/9/2022 4:21:32 AM,-1.99
10103,4/9/2022 4:21:36 AM,-1.99
10103,4/9/2022 4:21:40 AM,-1.99
10103,4/9/2022 4:21:44 AM,-1.99
10103,4/9/2022 4:21:48 AM,-2.67
10103,4/9/2022 4:21:52 AM,-2.36
10103,4/9/2022 4:21:56 AM,-2.59
10103,4/9/2022 4:22:00 AM,-1.99
10103,4/9/2022 4:22:04 AM,-2.68
10103,4/9/2022 4:22:08 AM,-2.23
10103,4/9/2022 4:22:12 AM,-1.99
10103,4/9/2022 4:22:16 AM,-2.68
10103,4/9/2022 4:22:20 AM,-2.68
10103,4/9/2022 4:22:24 AM,-2.00
10103,4/9/2022 4:22:28 AM,-2.68
10103,4/9/2022 4:22:32 AM,-3.13
10103,4/9/2022 4:22:36 AM,-2.01
10103,4/9/2022 4:22:40 AM,-1.99
10103,4/9/2022 4:22:44 AM,-2.44
10103,4/9/2022 4:22:48 AM,-2.68
10103,4/9/2022 4:22:52 AM,-2.24
10103,4/9/2022 4:22:56 AM,-2.20
10103,4/9/2022 4:23:00 AM,-2.00
10103,4/9/2022 4:23:04 AM,-2.92
10103,4/9/2022 4:23:08 AM,-1.99
10103,4/9/2022 4:23:12 AM,-2.67
10103,4/9/2022 4:23:16 AM,-1.99
10103,4/9/2022 4:23:20 AM,-1.55
10103,4/9/2022 4:23:24 AM,-2.67
10103,4/9/2022 4:23:28 AM,-1.53
10103,4/9/2022 4:23:32 AM,-1.99
10103,4/9/2022 4:23:36 AM,-2.67
10103,4/9/2022 4:23:40 AM,-2.68
10103,4/9/2022 4:23:44 AM,-2.23
10103,4/9/2022 4:23:48 AM,-2.67
10103,4/9/2022 4:23:52 AM,-2.46
10103,4/9/2022 4:23:56 AM,-2.44
10103,4/9/2022 4:24:00 AM,-2.68
10103,4/9/2022 4:24:04 AM,-2.46
10103,4/9/2022 4:24:08 AM,-1.99
10103,4/9/2022 4:24:12 AM,-1.32
10103,4/9/2022 4:24:16 AM,-1.99
10103,4/9/2022 4:24:20 AM,-1.99
10103,4/9/2022 4:24:24 AM,-1.32
10103,4/9/2022 4:24:28 AM,-2.70
10103,4/9/2022 4:24:32 AM,-1.76
10103,4/9/2022 4:24:36 AM,-1.99
10103,4/9/2022 4:24:40 AM,-1.99
10103,4/9/2022 4:24:44 AM,-2.89
10103,4/9/2022 4:24:48 AM,-2.01
10103,4/9/2022 4:24:52 AM,-2.68
10103,4/9/2022 4:24:56 AM,-2.23
10103,4/9/2022 4:25:00 AM,-3.35
10103,4/9/2022 4:25:04 AM,-1.99
10103,4/9/2022 4:25:08 AM,-1.55
10103,4/9/2022 4:25:12 AM,-1.98
10103,4/9/2022 4:25:16 AM,-2.46
10103,4/9/2022 4:25:20 AM,-2.44
10103,4/9/2022 4:25:24 AM,-1.32
10103,4/9/2022 4:25:28 AM,-1.99
10103,4/9/2022 4:25:32 AM,-1.99
10103,4/9/2022 4:25:36 AM,-1.32
10103,4/9/2022 4:25:40 AM,-1.99
10103,4/9/2022 4:25:44 AM,-1.99
10103,4/9/2022 4:25:48 AM,-1.99
10103,4/9/2022 4:25:52 AM,-1.99
10103,4/9/2022 4:25:56 AM,-2.38
10103,4/9/2022 4:26:00 AM,-2.68
10103,4/9/2022 4:26:04 AM,-1.99
10103,4/9/2022 4:26:08 AM,-1.54
10103,4/9/2022 4:26:12 AM,-1.99
10103,4/9/2022 4:26:16 AM,-1.99
10103,4/9/2022 4:26:20 AM,-1.99
10103,4/9/2022 4:26:24 AM,-2.68
10103,4/9/2022 4:26:28 AM,-2.22
10103,4/9/2022 4:26:32 AM,-2.23
10103,4/9/2022 4:26:36 AM,-1.99
10103,4/9/2022 4:26:40 AM,-1.53
10103,4/9/2022 4:26:44 AM,-1.99
10103,4/9/2022 4:26:48 AM,-2.68
10103,4/9/2022 4:26:52 AM,-1.53
10103,4/9/2022 4:26:56 AM,-1.99
10103,4/9/2022 4:27:00 AM,-1.31
10103,4/9/2022 4:27:04 AM,-2.21
10103,4/9/2022 4:27:08 AM,-2.68
10103,4/9/2022 4:27:12 AM,-2.00
10103,4/9/2022 4:27:16 AM,-3.14
10103,4/9/2022 4:27:20 AM,-2.68
10103,4/9/2022 4:27:24 AM,-2.00
10103,4/9/2022 4:27:28 AM,-1.99
10103,4/9/2022 4:27:32 AM,-2.44
10103,4/9/2022 4:27:36 AM,-2.68
10103,4/9/2022 4:27:40 AM,-1.53
10103,4/9/2022 4:27:44 AM,-2.44
10103,4/9/2022 4:27:48 AM,-2.00
10103,4/9/2022 4:27:52 AM,-2.22
10103,4/9/2022 4:27:56 AM,-2.23
10103,4/9/2022 4:28:00 AM,-1.99
10103,4/9/2022 4:28:04 AM,-1.31
10103,4/9/2022 4:28:08 AM,-2.21
10103,4/9/2022 4:28:12 AM,-2.00
10103,4/9/2022 4:28:16 AM,-2.92
10103,4/9/2022 4:28:20 AM,-1.99
10103,4/9/2022 4:28:24 AM,-1.99
10103,4/9/2022 4:28:28 AM,-1.53
10103,4/9/2022 4:28:32 AM,-1.99
10103,4/9/2022 4:28:36 AM,-1.99
10103,4/9/2022 4:28:40 AM,-1.99
10103,4/9/2022 4:28:44 AM,-2.44
10103,4/9/2022 4:28:48 AM,-2.00
10103,4/9/2022 4:28:52 AM,-1.99
10103,4/9/2022 4:28:56 AM,-2.44
10103,4/9/2022 4:29:00 AM,-2.00
10103,4/9/2022 4:29:04 AM,-2.22
10103,4/9/2022 4:29:08 AM,-2.68
10103,4/9/2022 4:29:12 AM,-2.00
10103,4/9/2022 4:29:16 AM,-1.77
10103,4/9/2022 4:29:20 AM,-2.21
10103,4/9/2022 4:29:24 AM,-2.00
10103,4/9/2022 4:29:28 AM,-1.53
10103,4/9/2022 4:29:32 AM,-2.89
10103,4/9/2022 4:29:36 AM,-2.08
10103,4/9/2022 4:29:40 AM,-1.99
10103,4/9/2022 4:29:44 AM,-1.99
10103,4/9/2022 4:29:48 AM,-1.99
10103,4/9/2022 4:29:52 AM,-1.99
10103,4/9/2022 4:29:56 AM,-1.99
10103,4/9/2022 4:30:00 AM,-1.32
10103,4/9/2022 4:30:04 AM,-1.99
10103,4/9/2022 4:30:08 AM,-2.44
10103,4/9/2022 4:30:12 AM,-2.00
10103,4/9/2022 4:30:16 AM,-2.46
10103,4/9/2022 4:30:20 AM,-2.89
10103,4/9/2022 4:30:24 AM,-1.32
10103,4/9/2022 4:30:28 AM,-2.46
10103,4/9/2022 4:30:32 AM,-1.99
10103,4/9/2022 4:30:36 AM,-1.99
10103,4/9/2022 4:30:40 AM,-1.99
10103,4/9/2022 4:30:44 AM,-2.44
10103,4/9/2022 4:30:48 AM,-2.00
10103,4/9/2022 4:30:52 AM,-1.77
10103,4/9/2022 4:30:56 AM,-1.31
10103,4/9/2022 4:31:00 AM,-1.99
10103,4/9/2022 4:31:04 AM,-1.99
10103,4/9/2022 4:31:08 AM,-2.44
10103,4/9/2022 4:31:12 AM,-3.35
10103,4/9/2022 4:31:16 AM,-1.77
10103,4/9/2022 4:31:20 AM,-1.76
10103,4/9/2022 4:31:24 AM,-1.99
10103,4/9/2022 4:31:28 AM,-1.99
10103,4/9/2022 4:31:32 AM,-2.44
10103,4/9/2022 4:31:36 AM,-2.00
10103,4/9/2022 4:31:40 AM,-2.46
10103,4/9/2022 4:31:44 AM,-1.55
10103,4/9/2022 4:31:48 AM,-3.33
10103,4/9/2022 4:31:52 AM,-1.99
10103,4/9/2022 4:31:56 AM,-2.39
10103,4/9/2022 4:32:00 AM,-2.00
10103,4/9/2022 4:32:04 AM,-2.68
10103,4/9/2022 4:32:08 AM,-2.23
10103,4/9/2022 4:32:12 AM,-1.99
10103,4/9/2022 4:32:16 AM,-2.46
10103,4/9/2022 4:32:20 AM,-1.99
10103,4/9/2022 4:32:24 AM,-1.99
10103,4/9/2022 4:32:28 AM,-2.46
10103,4/9/2022 4:32:32 AM,-2.89
10103,4/9/2022 4:32:36 AM,-2.68
10103,4/9/2022 4:32:40 AM,-1.99
10103,4/9/2022 4:32:44 AM,-1.99
10103,4/9/2022 4:32:48 AM,-2.67
10103,4/9/2022 4:32:52 AM,-1.77
10103,4/9/2022 4:32:56 AM,-1.76
10103,4/9/2022 4:33:00 AM,-2.67
10103,4/9/2022 4:33:04 AM,-1.99
10103,4/9/2022 4:33:08 AM,-1.99
10103,4/9/2022 4:33:12 AM,-2.67
10103,4/9/2022 4:33:16 AM,-1.99
10103,4/9/2022 4:33:20 AM,-1.99
10103,4/9/2022 4:33:24 AM,-1.99
10103,4/9/2022 4:33:28 AM,-2.21
10103,4/9/2022 4:33:32 AM,-2.23
10103,4/9/2022 4:33:36 AM,-2.67
10103,4/9/2022 4:33:40 AM,-2.21
10103,4/9/2022 4:33:44 AM,-2.23
10103,4/9/2022 4:33:48 AM,-1.32
10103,4/9/2022 4:33:52 AM,-2.21
10103,4/9/2022 4:33:56 AM,-2.23
10103,4/9/2022 4:34:00 AM,-3.35
10103,4/9/2022 4:34:04 AM,-2.68
10103,4/9/2022 4:34:08 AM,-2.27
10103,4/9/2022 4:34:12 AM,-3.34
10103,4/9/2022 4:34:16 AM,-2.24
10103,4/9/2022 4:34:20 AM,-2.21
10103,4/9/2022 4:34:24 AM,-2.68
10103,4/9/2022 4:34:28 AM,-2.46
10103,4/9/2022 4:34:32 AM,-1.54
10103,4/9/2022 4:34:36 AM,-1.99
10103,4/9/2022 4:34:40 AM,-1.78
10103,4/9/2022 4:34:44 AM,-1.76
10103,4/9/2022 4:34:48 AM,-2.67
10103,4/9/2022 4:34:52 AM,-1.53
10103,4/9/2022 4:34:56 AM,-2.44
10103,4/9/2022 4:35:00 AM,-2.00
10103,4/9/2022 4:35:04 AM,-2.25
10103,4/9/2022 4:35:08 AM,-1.31
10103,4/9/2022 4:35:12 AM,-2.66
10103,4/9/2022 4:35:16 AM,-2.46
10103,4/9/2022 4:35:20 AM,-2.44
10103,4/9/2022 4:35:24 AM,-2.68
10103,4/9/2022 4:35:28 AM,-1.99
10103,4/9/2022 4:35:32 AM,-2.44
10103,4/9/2022 4:35:36 AM,-2.68
10103,4/9/2022 4:35:40 AM,-1.99
10103,4/9/2022 4:35:44 AM,-1.99
10103,4/9/2022 4:35:48 AM,-1.99
10103,4/9/2022 4:35:52 AM,-1.77
10103,4/9/2022 4:35:56 AM,-2.20
10103,4/9/2022 4:36:00 AM,-2.04
10103,4/9/2022 4:36:04 AM,-2.68
10103,4/9/2022 4:36:08 AM,-3.12
10103,4/9/2022 4:36:12 AM,-2.01
10103,4/9/2022 4:36:16 AM,-1.99
10103,4/9/2022 4:36:20 AM,-1.99
10103,4/9/2022 4:36:24 AM,-2.67
10103,4/9/2022 4:36:28 AM,-2.21
10103,4/9/2022 4:36:32 AM,-2.68
10103,4/9/2022 4:36:36 AM,-2.00
10103,4/9/2022 4:36:40 AM,-2.68
10103,4/9/2022 4:36:44 AM,-2.23
10103,4/9/2022 4:36:48 AM,-3.20
10103,4/9/2022 4:36:52 AM,-1.53
10103,4/9/2022 4:36:56 AM,-1.99
10103,4/9/2022 4:37:00 AM,-2.67
10103,4/9/2022 4:37:04 AM,-2.43
10103,4/9/2022 4:37:08 AM,-2.92
10103,4/9/2022 4:37:12 AM,-2.00
10103,4/9/2022 4:37:16 AM,-2.92
10103,4/9/2022 4:37:20 AM,-1.99
10103,4/9/2022 4:37:24 AM,-1.99
10103,4/9/2022 4:37:28 AM,-1.78
10103,4/9/2022 4:37:32 AM,-1.75
10103,4/9/2022 4:37:36 AM,-2.67
10103,4/9/2022 4:37:40 AM,-1.99
10103,4/9/2022 4:37:44 AM,-2.44
10103,4/9/2022 4:37:48 AM,-3.36
10103,4/9/2022 4:37:52 AM,-2.68
10103,4/9/2022 4:37:56 AM,-3.12
10103,4/9/2022 4:38:00 AM,-2.01
10103,4/9/2022 4:38:04 AM,-1.99
10103,4/9/2022 4:38:08 AM,-1.99
10103,4/9/2022 4:38:12 AM,-1.99
10103,4/9/2022 4:38:16 AM,-2.24
10103,4/9/2022 4:38:20 AM,-1.76
10103,4/9/2022 4:38:24 AM,-1.99
10103,4/9/2022 4:38:28 AM,-1.99
10103,4/9/2022 4:38:32 AM,-1.99
10103,4/9/2022 4:38:36 AM,-1.99
10103,4/9/2022 4:38:40 AM,-1.99
10103,4/9/2022 4:38:44 AM,-1.99
10103,4/9/2022 4:38:48 AM,-1.99
10103,4/9/2022 4:38:52 AM,-1.99
10103,4/9/2022 4:38:56 AM,-2.44
10103,4/9/2022 4:39:00 AM,-1.32
10103,4/9/2022 4:39:04 AM,-2.21
10103,4/9/2022 4:39:08 AM,-2.23
10103,4/9/2022 4:39:12 AM,-2.67
10103,4/9/2022 4:39:16 AM,-3.14
10103,4/9/2022 4:39:20 AM,-2.23
10103,4/9/2022 4:39:24 AM,-1.99
10103,4/9/2022 4:39:28 AM,-2.68
10103,4/9/2022 4:39:32 AM,-1.78
10103,4/9/2022 4:39:36 AM,-1.99
10103,4/9/2022 4:39:40 AM,-1.31
10103,4/9/2022 4:39:44 AM,-1.31
10103,4/9/2022 4:39:48 AM,-1.99
10103,4/9/2022 4:39:52 AM,-2.90
10103,4/9/2022 4:39:56 AM,-2.47
10103,4/9/2022 4:40:00 AM,-1.99
10103,4/9/2022 4:40:04 AM,-2.15
10103,4/9/2022 4:40:08 AM,-3.13
10103,4/9/2022 4:40:12 AM,-2.01
10103,4/9/2022 4:40:16 AM,-2.21
10103,4/9/2022 4:40:20 AM,-2.23
10103,4/9/2022 4:40:24 AM,-1.99
10103,4/9/2022 4:40:28 AM,-2.21
10103,4/9/2022 4:40:32 AM,-1.78
10103,4/9/2022 4:40:36 AM,-1.99
10103,4/9/2022 4:40:40 AM,-1.99
10103,4/9/2022 4:40:44 AM,-1.99
10103,4/9/2022 4:40:48 AM,-1.31
10103,4/9/2022 4:40:52 AM,-1.53
10103,4/9/2022 4:40:56 AM,-2.44
10103,4/9/2022 4:41:00 AM,-2.68
10103,4/9/2022 4:41:04 AM,-2.46
10103,4/9/2022 4:41:08 AM,-1.99
10103,4/9/2022 4:41:12 AM,-1.99
10103,4/9/2022 4:41:16 AM,-2.92
10103,4/9/2022 4:41:20 AM,-1.99
10103,4/9/2022 4:41:24 AM,-3.36
10103,4/9/2022 4:41:28 AM,-2.68
10103,4/9/2022 4:41:32 AM,-2.68
10103,4/9/2022 4:41:36 AM,-3.36
10103,4/9/2022 4:41:40 AM,-2.68
10103,4/9/2022 4:41:44 AM,-2.23
10103,4/9/2022 4:41:48 AM,-2.68
10103,4/9/2022 4:41:52 AM,-2.22
10103,4/9/2022 4:41:56 AM,-2.23
10103,4/9/2022 4:42:00 AM,-1.31
10103,4/9/2022 4:42:04 AM,-1.99
10103,4/9/2022 4:42:08 AM,-2.45
10103,4/9/2022 4:42:12 AM,-1.32
10103,4/9/2022 4:42:16 AM,-1.75
10103,4/9/2022 4:42:20 AM,-2.23
10103,4/9/2022 4:42:24 AM,-1.99
10103,4/9/2022 4:42:28 AM,-2.68
10103,4/9/2022 4:42:32 AM,-3.13
10103,4/9/2022 4:42:36 AM,-1.32
10103,4/9/2022 4:42:40 AM,-1.99
10103,4/9/2022 4:42:44 AM,-1.99
10103,4/9/2022 4:42:48 AM,-1.99
10103,4/9/2022 4:42:52 AM,-2.46
10103,4/9/2022 4:42:56 AM,-1.99
10103,4/9/2022 4:43:00 AM,-1.99
10103,4/9/2022 4:43:04 AM,-2.46
10103,4/9/2022 4:43:08 AM,-1.99
10103,4/9/2022 4:43:12 AM,-3.35
10103,4/9/2022 4:43:16 AM,-2.90
10103,4/9/2022 4:43:20 AM,-2.46
10103,4/9/2022 4:43:24 AM,-2.67
10103,4/9/2022 4:43:28 AM,-1.77
10103,4/9/2022 4:43:32 AM,-2.21
10103,4/9/2022 4:43:36 AM,-2.68
10103,4/9/2022 4:43:40 AM,-2.22
10103,4/9/2022 4:43:44 AM,-2.68
10103,4/9/2022 4:43:48 AM,-2.00
10103,4/9/2022 4:43:52 AM,-2.46
10103,4/9/2022 4:43:56 AM,-2.89
10103,4/9/2022 4:44:00 AM,-2.00
10103,4/9/2022 4:44:04 AM,-2.46
10103,4/9/2022 4:44:08 AM,-2.40
10103,4/9/2022 4:44:12 AM,-2.00
10103,4/9/2022 4:44:16 AM,-2.44
10103,4/9/2022 4:44:20 AM,-2.46
10103,4/9/2022 4:44:24 AM,-2.67
10103,4/9/2022 4:44:28 AM,-1.99
10103,4/9/2022 4:44:32 AM,-1.54
10103,4/9/2022 4:44:36 AM,-1.99
10103,4/9/2022 4:44:40 AM,-2.21
10103,4/9/2022 4:44:44 AM,-2.68
10103,4/9/2022 4:44:48 AM,-2.00
10103,4/9/2022 4:44:52 AM,-2.68
10103,4/9/2022 4:44:56 AM,-1.78
10103,4/9/2022 4:45:00 AM,-1.99
10103,4/9/2022 4:45:04 AM,-1.77
10103,4/9/2022 4:45:08 AM,-1.76
10103,4/9/2022 4:45:12 AM,-1.99
10103,4/9/2022 4:45:16 AM,-2.92
10103,4/9/2022 4:45:20 AM,-2.44
10103,4/9/2022 4:45:24 AM,-2.00
10103,4/9/2022 4:45:28 AM,-1.99
10103,4/9/2022 4:45:32 AM,-1.99
10103,4/9/2022 4:45:36 AM,-2.67
10103,4/9/2022 4:45:40 AM,-2.22
10103,4/9/2022 4:45:44 AM,-2.23
10103,4/9/2022 4:45:48 AM,-1.99
10103,4/9/2022 4:45:52 AM,-1.99
10103,4/9/2022 4:45:56 AM,-1.99
10103,4/9/2022 4:46:00 AM,-1.99
10103,4/9/2022 4:46:04 AM,-1.69
10103,4/9/2022 4:46:08 AM,-2.68
10103,4/9/2022 4:46:12 AM,-2.00
10103,4/9/2022 4:46:16 AM,-2.46
10103,4/9/2022 4:46:20 AM,-1.99
10103,4/9/2022 4:46:24 AM,-2.67
10103,4/9/2022 4:46:28 AM,-1.99
10103,4/9/2022 4:46:32 AM,-2.44
10103,4/9/2022 4:46:36 AM,-1.32
10103,4/9/2022 4:46:40 AM,-2.68
10103,4/9/2022 4:46:44 AM,-2.68
10103,4/9/2022 4:46:48 AM,-2.68
10103,4/9/2022 4:46:52 AM,-2.90
10103,4/9/2022 4:46:56 AM,-2.92
10103,4/9/2022 4:47:00 AM,-2.00
10103,4/9/2022 4:47:04 AM,-1.99
10103,4/9/2022 4:47:08 AM,-1.99
10103,4/9/2022 4:47:12 AM,-3.35
10103,4/9/2022 4:47:16 AM,-2.68
10103,4/9/2022 4:47:20 AM,-2.23
10103,4/9/2022 4:47:24 AM,-2.67
10103,4/9/2022 4:47:28 AM,-1.99
10103,4/9/2022 4:47:32 AM,-1.99
10103,4/9/2022 4:47:36 AM,-1.99
10103,4/9/2022 4:47:40 AM,-2.68
10103,4/9/2022 4:47:44 AM,-2.68
10103,4/9/2022 4:47:48 AM,-2.68
10103,4/9/2022 4:47:52 AM,-1.99
10103,4/9/2022 4:47:56 AM,-1.55
10103,4/9/2022 4:48:00 AM,-1.99
10103,4/9/2022 4:48:04 AM,-2.44
10103,4/9/2022 4:48:08 AM,-2.02
10103,4/9/2022 4:48:12 AM,-1.31
10103,4/9/2022 4:48:16 AM,-1.99
10103,4/9/2022 4:48:20 AM,-1.99
10103,4/9/2022 4:48:24 AM,-1.99
10103,4/9/2022 4:48:28 AM,-2.24
10103,4/9/2022 4:48:32 AM,-2.21
10103,4/9/2022 4:48:36 AM,-2.00
10103,4/9/2022 4:48:40 AM,-1.99
10103,4/9/2022 4:48:44 AM,-1.99
10103,4/9/2022 4:48:48 AM,-1.99
10103,4/9/2022 4:48:52 AM,-1.77
10103,4/9/2022 4:48:56 AM,-1.76
10103,4/9/2022 4:49:00 AM,-2.67
10103,4/9/2022 4:49:04 AM,-1.99
10103,4/9/2022 4:49:08 AM,-1.99
10103,4/9/2022 4:49:12 AM,-1.99
10103,4/9/2022 4:49:16 AM,-1.53
10103,4/9/2022 4:49:20 AM,-1.99
10103,4/9/2022 4:49:24 AM,-1.32
10103,4/9/2022 4:49:28 AM,-2.90
10103,4/9/2022 4:49:32 AM,-2.92
10103,4/9/2022 4:49:36 AM,-2.00
10103,4/9/2022 4:49:40 AM,-1.77
10103,4/9/2022 4:49:44 AM,-2.20
10103,4/9/2022 4:49:48 AM,-2.00
10103,4/9/2022 4:49:52 AM,-2.21
10103,4/9/2022 4:49:56 AM,-2.68
10103,4/9/2022 4:50:00 AM,-3.35
10103,4/9/2022 4:50:04 AM,-2.49
10103,4/9/2022 4:50:08 AM,-2.39
10103,4/9/2022 4:50:12 AM,-2.00
10103,4/9/2022 4:50:16 AM,-2.21
10103,4/9/2022 4:50:20 AM,-3.13
10103,4/9/2022 4:50:24 AM,-2.69
10103,4/9/2022 4:50:28 AM,-1.99
10103,4/9/2022 4:50:32 AM,-1.99
10103,4/9/2022 4:50:36 AM,-1.99
10103,4/9/2022 4:50:40 AM,-2.46
10103,4/9/2022 4:50:44 AM,-1.99
10103,4/9/2022 4:50:48 AM,-1.99
10103,4/9/2022 4:50:52 AM,-1.75
10103,4/9/2022 4:50:56 AM,-2.68
10103,4/9/2022 4:51:00 AM,-2.00
10103,4/9/2022 4:51:04 AM,-2.21
10103,4/9/2022 4:51:08 AM,-2.68
10103,4/9/2022 4:51:12 AM,-2.00
10103,4/9/2022 4:51:16 AM,-2.46
10103,4/9/2022 4:51:20 AM,-2.44
10103,4/9/2022 4:51:24 AM,-2.00
10103,4/9/2022 4:51:28 AM,-2.46
10103,4/9/2022 4:51:32 AM,-2.44
10103,4/9/2022 4:51:36 AM,-2.68
10103,4/9/2022 4:51:40 AM,-2.21
10103,4/9/2022 4:51:44 AM,-2.23
10103,4/9/2022 4:51:48 AM,-1.99
10103,4/9/2022 4:51:52 AM,-2.90
10103,4/9/2022 4:51:56 AM,-2.47
10103,4/9/2022 4:52:00 AM,-1.99
10103,4/9/2022 4:52:04 AM,-2.46
10103,4/9/2022 4:52:08 AM,-1.99
10103,4/9/2022 4:52:12 AM,-3.35
10103,4/9/2022 4:52:16 AM,-1.99
10103,4/9/2022 4:52:20 AM,-2.44
10103,4/9/2022 4:52:24 AM,-3.36
10103,4/9/2022 4:52:28 AM,-2.46
10103,4/9/2022 4:52:32 AM,-1.54
10103,4/9/2022 4:52:36 AM,-1.99
10103,4/9/2022 4:52:40 AM,-1.99
10103,4/9/2022 4:52:44 AM,-1.99
10103,4/9/2022 4:52:48 AM,-2.68
10103,4/9/2022 4:52:52 AM,-1.99
10103,4/9/2022 4:52:56 AM,-1.99
10103,4/9/2022 4:53:00 AM,-1.99
10103,4/9/2022 4:53:04 AM,-1.75
10103,4/9/2022 4:53:08 AM,-2.23
10103,4/9/2022 4:53:12 AM,-2.67
10103,4/9/2022 4:53:16 AM,-2.46
10103,4/9/2022 4:53:20 AM,-1.54
10103,4/9/2022 4:53:24 AM,-3.35
10103,4/9/2022 4:53:28 AM,-3.14
10103,4/9/2022 4:53:32 AM,-2.23
10103,4/9/2022 4:53:36 AM,-1.99
10103,4/9/2022 4:53:40 AM,-1.99
10103,4/9/2022 4:53:44 AM,-1.99
10103,4/9/2022 4:53:48 AM,-1.31
10103,4/9/2022 4:53:52 AM,-1.53
10103,4/9/2022 4:53:56 AM,-2.44
10103,4/9/2022 4:54:00 AM,-2.00
10103,4/9/2022 4:54:04 AM,-2.46
10103,4/9/2022 4:54:08 AM,-2.40
10103,4/9/2022 4:54:12 AM,-2.00
10103,4/9/2022 4:54:16 AM,-2.46
10103,4/9/2022 4:54:20 AM,-1.99
10103,4/9/2022 4:54:24 AM,-1.99
10103,4/9/2022 4:54:28 AM,-3.14
10103,4/9/2022 4:54:32 AM,-2.23
10103,4/9/2022 4:54:36 AM,-1.31
10103,4/9/2022 4:54:40 AM,-2.46
10103,4/9/2022 4:54:44 AM,-1.99
10103,4/9/2022 4:54:48 AM,-2.67
10103,4/9/2022 4:54:52 AM,-1.53
10103,4/9/2022 4:54:56 AM,-1.99
10103,4/9/2022 4:55:00 AM,-1.31
10103,4/9/2022 4:55:04 AM,-1.99
10103,4/9/2022 4:55:08 AM,-1.99
10103,4/9/2022 4:55:12 AM,-2.67
10103,4/9/2022 4:55:16 AM,-2.68
10103,4/9/2022 4:55:20 AM,-2.68
10103,4/9/2022 4:55:24 AM,-2.00
10103,4/9/2022 4:55:28 AM,-1.99
10103,4/9/2022 4:55:32 AM,-1.54
10103,4/9/2022 4:55:36 AM,-1.99
10103,4/9/2022 4:55:40 AM,-1.75
10103,4/9/2022 4:55:44 AM,-2.23
10103,4/9/2022 4:55:48 AM,-1.99
10103,4/9/2022 4:55:52 AM,-1.99
10103,4/9/2022 4:55:56 AM,-2.89
10103,4/9/2022 4:56:00 AM,-2.01
10103,4/9/2022 4:56:04 AM,-2.46
10103,4/9/2022 4:56:08 AM,-1.99
10103,4/9/2022 4:56:12 AM,-2.67
10103,4/9/2022 4:56:16 AM,-1.99
10103,4/9/2022 4:56:20 AM,-1.99
10103,4/9/2022 4:56:24 AM,-1.99
10103,4/9/2022 4:56:28 AM,-2.21
10103,4/9/2022 4:56:32 AM,-2.23
10103,4/9/2022 4:56:36 AM,-2.67
10103,4/9/2022 4:56:40 AM,-1.52
10103,4/9/2022 4:56:44 AM,-1.99
10103,4/9/2022 4:56:48 AM,-1.99
10103,4/9/2022 4:56:52 AM,-2.22
10103,4/9/2022 4:56:56 AM,-2.23
10103,4/9/2022 4:57:00 AM,-3.32
10103,4/9/2022 4:57:04 AM,-2.46
10103,4/9/2022 4:57:08 AM,-1.54
10103,4/9/2022 4:57:12 AM,-1.99
10103,4/9/2022 4:57:16 AM,-1.99
10103,4/9/2022 4:57:20 AM,-1.99
10103,4/9/2022 4:57:24 AM,-1.99
10103,4/9/2022 4:57:28 AM,-2.46
10103,4/9/2022 4:57:32 AM,-2.44
10103,4/9/2022 4:57:36 AM,-2.00
10103,4/9/2022 4:57:40 AM,-1.99
10103,4/9/2022 4:57:44 AM,-1.99
10103,4/9/2022 4:57:48 AM,-1.99
10103,4/9/2022 4:57:52 AM,-1.53
10103,4/9/2022 4:57:56 AM,-1.99
10103,4/9/2022 4:58:00 AM,-2.67
10103,4/9/2022 4:58:04 AM,-1.75
10103,4/9/2022 4:58:08 AM,-2.68
10103,4/9/2022 4:58:12 AM,-2.00
10103,4/9/2022 4:58:16 AM,-2.46
10103,4/9/2022 4:58:20 AM,-2.44
10103,4/9/2022 4:58:24 AM,-2.68
10103,4/9/2022 4:58:28 AM,-2.68
10103,4/9/2022 4:58:32 AM,-2.68
10103,4/9/2022 4:58:36 AM,-2.00
10103,4/9/2022 4:58:40 AM,-2.68
10103,4/9/2022 4:58:44 AM,-3.13
10103,4/9/2022 4:58:48 AM,-2.00
10103,4/9/2022 4:58:52 AM,-1.99
10103,4/9/2022 4:58:56 AM,-1.99
10103,4/9/2022 4:59:00 AM,-1.99
10103,4/9/2022 4:59:04 AM,-2.46
10103,4/9/2022 4:59:08 AM,-1.99
10103,4/9/2022 4:59:12 AM,-1.99
10103,4/9/2022 4:59:16 AM,-1.53
10103,4/9/2022 4:59:20 AM,-1.99
10103,4/9/2022 4:59:24 AM,-1.99
10103,4/9/2022 4:59:28 AM,-2.46
10103,4/9/2022 4:59:32 AM,-2.44
10103,4/9/2022 4:59:36 AM,-1.32
10103,4/9/2022 4:59:40 AM,-2.21
10103,4/9/2022 4:59:44 AM,-2.23
10103,4/9/2022 4:59:48 AM,-2.67
10103,4/9/2022 4:59:52 AM,-2.68
10103,4/9/2022 4:59:56 AM,-2.68
10103,4/9/2022 5:00:00 AM,-2.00
10103,4/9/2022 5:00:04 AM,-1.99
10103,4/9/2022 5:00:08 AM,-1.99
10103,4/9/2022 5:00:12 AM,-1.99
10103,4/9/2022 5:00:16 AM,-2.46
10103,4/9/2022 5:00:20 AM,-1.99
10103,4/9/2022 5:00:24 AM,-3.36
10103,4/9/2022 5:00:28 AM,-1.99
10103,4/9/2022 5:00:32 AM,-1.99
10103,4/9/2022 5:00:36 AM,-1.99
10103,4/9/2022 5:00:40 AM,-2.46
10103,4/9/2022 5:00:44 AM,-1.99
10103,4/9/2022 5:00:48 AM,-2.67
10103,4/9/2022 5:00:52 AM,-2.46
10103,4/9/2022 5:00:56 AM,-1.99
10103,4/9/2022 5:01:00 AM,-2.67
10103,4/9/2022 5:01:04 AM,-2.21
10103,4/9/2022 5:01:08 AM,-2.23
10103,4/9/2022 5:01:12 AM,-1.99
10103,4/9/2022 5:01:16 AM,-2.22
10103,4/9/2022 5:01:20 AM,-1.78
10103,4/9/2022 5:01:24 AM,-1.99
10103,4/9/2022 5:01:28 AM,-2.46
10103,4/9/2022 5:01:32 AM,-1.99
10103,4/9/2022 5:01:36 AM,-1.99
10103,4/9/2022 5:01:40 AM,-1.99
10103,4/9/2022 5:01:44 AM,-2.44
10103,4/9/2022 5:01:48 AM,-2.68
10103,4/9/2022 5:01:52 AM,-1.99
10103,4/9/2022 5:01:56 AM,-1.55
10103,4/9/2022 5:02:00 AM,-2.67
10103,4/9/2022 5:02:04 AM,-2.21
10103,4/9/2022 5:02:08 AM,-2.23
10103,4/9/2022 5:02:12 AM,-2.57
10103,4/9/2022 5:02:16 AM,-2.46
10103,4/9/2022 5:02:20 AM,-1.99
10103,4/9/2022 5:02:24 AM,-2.67
10103,4/9/2022 5:02:28 AM,-1.99
10103,4/9/2022 5:02:32 AM,-2.44
10103,4/9/2022 5:02:36 AM,-2.68
10103,4/9/2022 5:02:40 AM,-2.21
10103,4/9/2022 5:02:44 AM,-2.23
10103,4/9/2022 5:02:48 AM,-1.99
10103,4/9/2022 5:02:52 AM,-2.21
10103,4/9/2022 5:02:56 AM,-2.23
10103,4/9/2022 5:03:00 AM,-3.35
10103,4/9/2022 5:03:04 AM,-1.99
10103,4/9/2022 5:03:08 AM,-1.99
10103,4/9/2022 5:03:12 AM,-1.99
10103,4/9/2022 5:03:16 AM,-2.21
10103,4/9/2022 5:03:20 AM,-2.23
10103,4/9/2022 5:03:24 AM,-1.99
10103,4/9/2022 5:03:28 AM,-1.74
10103,4/9/2022 5:03:32 AM,-2.24
10103,4/9/2022 5:03:36 AM,-3.34
10103,4/9/2022 5:03:40 AM,-2.43
10103,4/9/2022 5:03:44 AM,-2.47
10103,4/9/2022 5:03:48 AM,-1.99
10103,4/9/2022 5:03:52 AM,-2.46
10103,4/9/2022 5:03:56 AM,-2.88
10103,4/9/2022 5:04:00 AM,-1.33
10103,4/9/2022 5:04:04 AM,-2.68
10103,4/9/2022 5:04:08 AM,-2.23
10103,4/9/2022 5:04:12 AM,-1.99
10103,4/9/2022 5:04:16 AM,-1.99
10103,4/9/2022 5:04:20 AM,-1.99
10103,4/9/2022 5:04:24 AM,-1.32
10103,4/9/2022 5:04:28 AM,-2.21
10103,4/9/2022 5:04:32 AM,-2.23
10103,4/9/2022 5:04:36 AM,-2.68
10103,4/9/2022 5:04:40 AM,-2.46
10103,4/9/2022 5:04:44 AM,-1.99
10103,4/9/2022 5:04:48 AM,-3.36
10103,4/9/2022 5:04:52 AM,-2.22
10103,4/9/2022 5:04:56 AM,-2.23
10103,4/9/2022 5:05:00 AM,-1.99
10103,4/9/2022 5:05:04 AM,-1.99
10103,4/9/2022 5:05:08 AM,-2.44
10103,4/9/2022 5:05:12 AM,-2.00
10103,4/9/2022 5:05:16 AM,-2.44
10103,4/9/2022 5:05:20 AM,-2.91
10103,4/9/2022 5:05:24 AM,-3.36
10103,4/9/2022 5:05:28 AM,-2.46
10103,4/9/2022 5:05:32 AM,-1.99
10103,4/9/2022 5:05:36 AM,-1.99
10103,4/9/2022 5:05:40 AM,-1.53
10103,4/9/2022 5:05:44 AM,-1.99
10103,4/9/2022 5:05:48 AM,-2.68
10103,4/9/2022 5:05:52 AM,-2.46
10103,4/9/2022 5:05:56 AM,-1.99
10103,4/9/2022 5:06:00 AM,-1.99
10103,4/9/2022 5:06:04 AM,-1.99
10103,4/9/2022 5:06:08 AM,-1.54
10103,4/9/2022 5:06:12 AM,-1.99
10103,4/9/2022 5:06:16 AM,-1.99
10103,4/9/2022 5:06:20 AM,-1.99
10103,4/9/2022 5:06:24 AM,-1.31
10103,4/9/2022 5:06:28 AM,-2.21
10103,4/9/2022 5:06:32 AM,-2.23
10103,4/9/2022 5:06:36 AM,-2.67
10103,4/9/2022 5:06:40 AM,-2.21
10103,4/9/2022 5:06:44 AM,-2.68
10103,4/9/2022 5:06:48 AM,-2.68
10103,4/9/2022 5:06:52 AM,-1.76
10103,4/9/2022 5:06:56 AM,-2.68
10103,4/9/2022 5:07:00 AM,-2.00
10103,4/9/2022 5:07:04 AM,-2.46
10103,4/9/2022 5:07:08 AM,-1.54
10103,4/9/2022 5:07:12 AM,-1.99
10103,4/9/2022 5:07:16 AM,-1.99
10103,4/9/2022 5:07:20 AM,-1.99
10103,4/9/2022 5:07:24 AM,-1.99
10103,4/9/2022 5:07:28 AM,-2.68
10103,4/9/2022 5:07:32 AM,-2.68
10103,4/9/2022 5:07:36 AM,-2.68
10103,4/9/2022 5:07:40 AM,-2.90
10103,4/9/2022 5:07:44 AM,-2.91
10103,4/9/2022 5:07:48 AM,-2.68
10103,4/9/2022 5:07:52 AM,-2.22
10103,4/9/2022 5:07:56 AM,-2.68
10103,4/9/2022 5:08:00 AM,-2.00
10103,4/9/2022 5:08:04 AM,-2.46
10103,4/9/2022 5:08:08 AM,-2.90
10103,4/9/2022 5:08:12 AM,-2.01
10103,4/9/2022 5:08:16 AM,-2.68
10103,4/9/2022 5:08:20 AM,-2.68
10103,4/9/2022 5:08:24 AM,-2.00
10103,4/9/2022 5:08:28 AM,-2.68
10103,4/9/2022 5:08:32 AM,-2.68
10103,4/9/2022 5:08:36 AM,-3.36
10103,4/9/2022 5:08:40 AM,-1.99
10103,4/9/2022 5:08:44 AM,-1.99
10103,4/9/2022 5:08:48 AM,-2.67
10103,4/9/2022 5:08:52 AM,-2.46
10103,4/9/2022 5:08:56 AM,-1.99
10103,4/9/2022 5:09:00 AM,-1.99
10103,4/9/2022 5:09:04 AM,-1.99
10103,4/9/2022 5:09:08 AM,-1.99
10103,4/9/2022 5:09:12 AM,-2.67
10103,4/9/2022 5:09:16 AM,-2.46
10103,4/9/2022 5:09:20 AM,-1.99
10103,4/9/2022 5:09:24 AM,-1.99
10103,4/9/2022 5:09:28 AM,-2.46
10103,4/9/2022 5:09:32 AM,-2.89
10103,4/9/2022 5:09:36 AM,-3.36
10103,4/9/2022 5:09:40 AM,-1.99
10103,4/9/2022 5:09:44 AM,-2.89
10103,4/9/2022 5:09:48 AM,-2.00
10103,4/9/2022 5:09:52 AM,-2.22
10103,4/9/2022 5:09:56 AM,-2.23
10103,4/9/2022 5:10:00 AM,-2.67
10103,4/9/2022 5:10:04 AM,-2.22
10103,4/9/2022 5:10:08 AM,-2.23
10103,4/9/2022 5:10:12 AM,-1.99
10103,4/9/2022 5:10:16 AM,-1.99
10103,4/9/2022 5:10:20 AM,-1.99
10103,4/9/2022 5:10:24 AM,-2.67
10103,4/9/2022 5:10:28 AM,-1.53
10103,4/9/2022 5:10:32 AM,-1.99
10103,4/9/2022 5:10:36 AM,-1.99
10103,4/9/2022 5:10:40 AM,-1.99
10103,4/9/2022 5:10:44 AM,-2.44
10103,4/9/2022 5:10:48 AM,-2.00
10103,4/9/2022 5:10:52 AM,-1.99
10103,4/9/2022 5:10:56 AM,-1.99
10103,4/9/2022 5:11:00 AM,-1.99
10103,4/9/2022 5:11:04 AM,-2.21
10103,4/9/2022 5:11:08 AM,-2.68
10103,4/9/2022 5:11:12 AM,-2.00
10103,4/9/2022 5:11:16 AM,-2.44
10103,4/9/2022 5:11:20 AM,-2.46
10103,4/9/2022 5:11:24 AM,-1.99
10103,4/9/2022 5:11:28 AM,-2.21
10103,4/9/2022 5:11:32 AM,-1.78
10103,4/9/2022 5:11:36 AM,-1.31
10103,4/9/2022 5:11:40 AM,-1.99
10103,4/9/2022 5:11:44 AM,-1.55
10103,4/9/2022 5:11:48 AM,-1.99
10103,4/9/2022 5:11:52 AM,-1.99
10103,4/9/2022 5:11:56 AM,-1.99
10103,4/9/2022 5:12:00 AM,-1.99
10103,4/9/2022 5:12:04 AM,-1.99
10103,4/9/2022 5:12:08 AM,-2.44
10103,4/9/2022 5:12:12 AM,-2.68
10103,4/9/2022 5:12:16 AM,-1.99
10103,4/9/2022 5:12:20 AM,-1.99
10103,4/9/2022 5:12:24 AM,-2.67
10103,4/9/2022 5:12:28 AM,-2.46
10103,4/9/2022 5:12:32 AM,-2.89
10103,4/9/2022 5:12:36 AM,-2.68
10103,4/9/2022 5:12:40 AM,-2.46
10103,4/9/2022 5:12:44 AM,-1.55
10103,4/9/2022 5:12:48 AM,-1.99
10103,4/9/2022 5:12:52 AM,-1.99
10103,4/9/2022 5:12:56 AM,-1.99
10103,4/9/2022 5:13:00 AM,-1.99
10103,4/9/2022 5:13:04 AM,-2.46
10103,4/9/2022 5:13:08 AM,-1.99
10103,4/9/2022 5:13:12 AM,-1.99
10103,4/9/2022 5:13:16 AM,-2.24
10103,4/9/2022 5:13:20 AM,-2.21
10103,4/9/2022 5:13:24 AM,-2.68
10103,4/9/2022 5:13:28 AM,-1.99
10103,4/9/2022 5:13:32 AM,-1.99
10103,4/9/2022 5:13:36 AM,-1.99
10103,4/9/2022 5:13:40 AM,-2.93
10103,4/9/2022 5:13:44 AM,-1.99
10103,4/9/2022 5:13:48 AM,-2.67
10103,4/9/2022 5:13:52 AM,-2.21
10103,4/9/2022 5:13:56 AM,-2.23
10103,4/9/2022 5:14:00 AM,-1.99
10103,4/9/2022 5:14:04 AM,-1.99
10103,4/9/2022 5:14:08 AM,-2.44
10103,4/9/2022 5:14:12 AM,-2.00
10103,4/9/2022 5:14:16 AM,-2.21
10103,4/9/2022 5:14:20 AM,-2.23
10103,4/9/2022 5:14:24 AM,-2.67
10103,4/9/2022 5:14:28 AM,-1.78
10103,4/9/2022 5:14:32 AM,-1.76
10103,4/9/2022 5:14:36 AM,-2.67
10103,4/9/2022 5:14:40 AM,-2.46
10103,4/9/2022 5:14:44 AM,-1.99
10103,4/9/2022 5:14:48 AM,-1.99
10103,4/9/2022 5:14:52 AM,-2.22
10103,4/9/2022 5:14:56 AM,-2.68
10103,4/9/2022 5:15:00 AM,-2.68
10103,4/9/2022 5:15:04 AM,-1.99
10103,4/9/2022 5:15:08 AM,-2.44
10103,4/9/2022 5:15:12 AM,-2.68
10103,4/9/2022 5:15:16 AM,-1.99
10103,4/9/2022 5:15:20 AM,-1.99
10103,4/9/2022 5:15:24 AM,-1.99
10103,4/9/2022 5:15:28 AM,-2.46
10103,4/9/2022 5:15:32 AM,-1.99
10103,4/9/2022 5:15:36 AM,-2.67
10103,4/9/2022 5:15:40 AM,-1.53
10103,4/9/2022 5:15:44 AM,-2.44
10103,4/9/2022 5:15:48 AM,-2.00
10103,4/9/2022 5:15:52 AM,-2.46
10103,4/9/2022 5:15:56 AM,-1.99
10103,4/9/2022 5:16:00 AM,-1.99
10103,4/9/2022 5:16:04 AM,-1.99
10103,4/9/2022 5:16:08 AM,-1.99
10103,4/9/2022 5:16:12 AM,-2.67
10103,4/9/2022 5:16:16 AM,-2.46
10103,4/9/2022 5:16:20 AM,-1.99
10103,4/9/2022 5:16:24 AM,-1.99
10103,4/9/2022 5:16:28 AM,-2.46
10103,4/9/2022 5:16:32 AM,-1.99
10103,4/9/2022 5:16:36 AM,-2.67
10103,4/9/2022 5:16:40 AM,-1.99
10103,4/9/2022 5:16:44 AM,-1.99
10103,4/9/2022 5:16:48 AM,-2.67
10103,4/9/2022 5:16:52 AM,-2.46
10103,4/9/2022 5:16:56 AM,-1.99
10103,4/9/2022 5:17:00 AM,-1.32
10103,4/9/2022 5:17:04 AM,-2.68
10103,4/9/2022 5:17:08 AM,-2.23
10103,4/9/2022 5:17:12 AM,-1.99
10103,4/9/2022 5:17:16 AM,-2.46
10103,4/9/2022 5:17:20 AM,-1.99
10103,4/9/2022 5:17:24 AM,-1.32
10103,4/9/2022 5:17:28 AM,-1.96
10103,4/9/2022 5:17:32 AM,-2.47
10103,4/9/2022 5:17:36 AM,-2.67
10103,4/9/2022 5:17:40 AM,-2.92
10103,4/9/2022 5:17:44 AM,-1.99
10103,4/9/2022 5:17:48 AM,-1.99
10103,4/9/2022 5:17:52 AM,-1.77
10103,4/9/2022 5:17:56 AM,-1.75
10103,4/9/2022 5:18:00 AM,-3.35
10103,4/9/2022 5:18:04 AM,-1.77
10103,4/9/2022 5:18:08 AM,-1.76
10103,4/9/2022 5:18:12 AM,-2.67
10103,4/9/2022 5:18:16 AM,-2.22
10103,4/9/2022 5:18:20 AM,-2.68
10103,4/9/2022 5:18:24 AM,-2.00
10103,4/9/2022 5:18:28 AM,-2.46
10103,4/9/2022 5:18:32 AM,-2.45
10103,4/9/2022 5:18:36 AM,-2.68
10103,4/9/2022 5:18:40 AM,-2.68
10103,4/9/2022 5:18:44 AM,-2.68
10103,4/9/2022 5:18:48 AM,-2.00
10103,4/9/2022 5:18:52 AM,-1.99
10103,4/9/2022 5:18:56 AM,-1.99
10103,4/9/2022 5:19:00 AM,-1.99
10103,4/9/2022 5:19:04 AM,-2.44
10103,4/9/2022 5:19:08 AM,-3.36
10103,4/9/2022 5:19:12 AM,-2.01
10103,4/9/2022 5:19:16 AM,-2.92
10103,4/9/2022 5:19:20 AM,-2.45
10103,4/9/2022 5:19:24 AM,-1.32
10103,4/9/2022 5:19:28 AM,-2.43
10103,4/9/2022 5:19:32 AM,-2.91
10103,4/9/2022 5:19:36 AM,-2.68
10103,4/9/2022 5:19:40 AM,-2.46
10103,4/9/2022 5:19:44 AM,-1.99
10103,4/9/2022 5:19:48 AM,-3.36
10103,4/9/2022 5:19:52 AM,-2.22
10103,4/9/2022 5:19:56 AM,-2.23
10103,4/9/2022 5:20:00 AM,-1.31
10103,4/9/2022 5:20:04 AM,-2.68
10103,4/9/2022 5:20:08 AM,-1.78
10103,4/9/2022 5:20:12 AM,-2.66
10103,4/9/2022 5:20:16 AM,-1.53
10103,4/9/2022 5:20:20 AM,-1.99
10103,4/9/2022 5:20:24 AM,-1.99
10103,4/9/2022 5:20:28 AM,-1.99
10103,4/9/2022 5:20:32 AM,-1.99
10103,4/9/2022 5:20:36 AM,-1.99
10103,4/9/2022 5:20:40 AM,-3.14
10103,4/9/2022 5:20:44 AM,-2.23
10103,4/9/2022 5:20:48 AM,-2.67
10103,4/9/2022 5:20:52 AM,-2.22
10103,4/9/2022 5:20:56 AM,-2.23
10103,4/9/2022 5:21:00 AM,-1.99
10103,4/9/2022 5:21:04 AM,-1.99
10103,4/9/2022 5:21:08 AM,-2.44
10103,4/9/2022 5:21:12 AM,-2.00
10103,4/9/2022 5:21:16 AM,-2.46
10103,4/9/2022 5:21:20 AM,-1.54
10103,4/9/2022 5:21:24 AM,-1.99
10103,4/9/2022 5:21:28 AM,-1.31
10103,4/9/2022 5:21:32 AM,-2.21
10103,4/9/2022 5:21:36 AM,-2.00
10103,4/9/2022 5:21:40 AM,-2.43
10103,4/9/2022 5:21:44 AM,-2.47
10103,4/9/2022 5:21:48 AM,-2.67
10103,4/9/2022 5:21:52 AM,-1.99
10103,4/9/2022 5:21:56 AM,-1.99
10103,4/9/2022 5:22:00 AM,-3.35
10103,4/9/2022 5:22:04 AM,-1.99
10103,4/9/2022 5:22:08 AM,-2.44
10103,4/9/2022 5:22:12 AM,-2.00
10103,4/9/2022 5:22:16 AM,-2.68
10103,4/9/2022 5:22:20 AM,-2.23
10103,4/9/2022 5:22:24 AM,-1.39
10103,4/9/2022 5:22:28 AM,-1.99
10103,4/9/2022 5:22:32 AM,-1.99
10103,4/9/2022 5:22:36 AM,-1.99
10103,4/9/2022 5:22:40 AM,-1.77
10103,4/9/2022 5:22:44 AM,-1.76
10103,4/9/2022 5:22:48 AM,-3.35
10103,4/9/2022 5:22:52 AM,-2.92
10103,4/9/2022 5:22:56 AM,-2.44
10103,4/9/2022 5:23:00 AM,-2.68
10103,4/9/2022 5:23:04 AM,-3.14
10103,4/9/2022 5:23:08 AM,-2.23
10103,4/9/2022 5:23:12 AM,-1.99
10103,4/9/2022 5:23:16 AM,-2.70
10103,4/9/2022 5:23:20 AM,-1.31
10103,4/9/2022 5:23:24 AM,-2.67
10103,4/9/2022 5:23:28 AM,-2.46
10103,4/9/2022 5:23:32 AM,-1.55
10103,4/9/2022 5:23:36 AM,-2.67
10103,4/9/2022 5:23:40 AM,-2.68
10103,4/9/2022 5:23:44 AM,-2.68
10103,4/9/2022 5:23:48 AM,-2.68
10103,4/9/2022 5:23:52 AM,-2.24
10103,4/9/2022 5:23:56 AM,-1.76
10103,4/9/2022 5:24:00 AM,-3.35
10103,4/9/2022 5:24:04 AM,-2.22
10103,4/9/2022 5:24:08 AM,-2.23
10103,4/9/2022 5:24:12 AM,-1.99
10103,4/9/2022 5:24:16 AM,-1.53
10103,4/9/2022 5:24:20 AM,-1.99
10103,4/9/2022 5:24:24 AM,-1.99
10103,4/9/2022 5:24:28 AM,-1.46
10103,4/9/2022 5:24:32 AM,-1.99
10103,4/9/2022 5:24:36 AM,-1.99
10103,4/9/2022 5:24:40 AM,-2.90
10103,4/9/2022 5:24:44 AM,-2.92
10103,4/9/2022 5:24:48 AM,-2.00
10103,4/9/2022 5:24:52 AM,-1.31
10103,4/9/2022 5:24:56 AM,-1.76
10103,4/9/2022 5:25:00 AM,-2.67
10103,4/9/2022 5:25:04 AM,-1.99
10103,4/9/2022 5:25:08 AM,-1.99
10103,4/9/2022 5:25:12 AM,-1.99
10103,4/9/2022 5:25:16 AM,-1.53
10103,4/9/2022 5:25:20 AM,-2.44
10103,4/9/2022 5:25:24 AM,-1.32
10103,4/9/2022 5:25:28 AM,-2.24
10103,4/9/2022 5:25:32 AM,-1.76
10103,4/9/2022 5:25:36 AM,-1.99
10103,4/9/2022 5:25:40 AM,-2.68
10103,4/9/2022 5:25:44 AM,-2.23
10103,4/9/2022 5:25:48 AM,-1.99
10103,4/9/2022 5:25:52 AM,-1.99
10103,4/9/2022 5:25:56 AM,-1.99
10103,4/9/2022 5:26:00 AM,-1.99
10103,4/9/2022 5:26:04 AM,-2.22
10103,4/9/2022 5:26:08 AM,-3.13
10103,4/9/2022 5:26:12 AM,-2.01
10103,4/9/2022 5:26:16 AM,-2.21
10103,4/9/2022 5:26:20 AM,-2.23
10103,4/9/2022 5:26:24 AM,-1.99
10103,4/9/2022 5:26:28 AM,-2.14
10103,4/9/2022 5:26:32 AM,-2.23
10103,4/9/2022 5:26:36 AM,-1.99
10103,4/9/2022 5:26:40 AM,-2.72
10103,4/9/2022 5:26:44 AM,-1.75
10103,4/9/2022 5:26:48 AM,-1.99
10103,4/9/2022 5:26:52 AM,-1.99
10103,4/9/2022 5:26:56 AM,-1.99
10103,4/9/2022 5:27:00 AM,-1.99
10103,4/9/2022 5:27:04 AM,-2.24
10103,4/9/2022 5:27:08 AM,-1.31
10103,4/9/2022 5:27:12 AM,-1.98
10103,4/9/2022 5:27:16 AM,-3.36
10103,4/9/2022 5:27:20 AM,-2.47
10103,4/9/2022 5:27:24 AM,-1.99
10103,4/9/2022 5:27:28 AM,-2.21
10103,4/9/2022 5:27:32 AM,-2.68
10103,4/9/2022 5:27:36 AM,-2.00
10103,4/9/2022 5:27:40 AM,-2.21
10103,4/9/2022 5:27:44 AM,-3.13
10103,4/9/2022 5:27:48 AM,-2.01
10103,4/9/2022 5:27:52 AM,-2.46
10103,4/9/2022 5:27:56 AM,-1.99
10103,4/9/2022 5:28:00 AM,-1.99
10103,4/9/2022 5:28:04 AM,-1.29
10103,4/9/2022 5:28:08 AM,-2.23
10103,4/9/2022 5:28:12 AM,-2.67
10103,4/9/2022 5:28:16 AM,-1.99
10103,4/9/2022 5:28:20 AM,-1.99
10103,4/9/2022 5:28:24 AM,-1.99
10103,4/9/2022 5:28:28 AM,-2.68
10103,4/9/2022 5:28:32 AM,-2.68
10103,4/9/2022 5:28:36 AM,-2.00
10103,4/9/2022 5:28:40 AM,-2.21
10103,4/9/2022 5:28:44 AM,-2.68
10103,4/9/2022 5:28:48 AM,-2.00
10103,4/9/2022 5:28:52 AM,-1.99
10103,4/9/2022 5:28:56 AM,-1.55
10103,4/9/2022 5:29:00 AM,-1.99
10103,4/9/2022 5:29:04 AM,-2.22
10103,4/9/2022 5:29:08 AM,-2.23
10103,4/9/2022 5:29:12 AM,-1.99
10103,4/9/2022 5:29:16 AM,-1.99
10103,4/9/2022 5:29:20 AM,-1.10
10103,4/9/2022 5:29:24 AM,-1.98
10103,4/9/2022 5:29:28 AM,-2.46
10103,4/9/2022 5:29:32 AM,-1.99
10103,4/9/2022 5:29:36 AM,-1.99
10103,4/9/2022 5:29:40 AM,-2.21
10103,4/9/2022 5:29:44 AM,-2.23
10103,4/9/2022 5:29:48 AM,-1.99
10103,4/9/2022 5:29:52 AM,-2.24
10103,4/9/2022 5:29:56 AM,-1.75
10103,4/9/2022 5:30:00 AM,-1.99
10103,4/9/2022 5:30:04 AM,-2.21
10103,4/9/2022 5:30:08 AM,-2.23
10103,4/9/2022 5:30:12 AM,-1.99
10103,4/9/2022 5:30:16 AM,-1.99
10103,4/9/2022 5:30:20 AM,-1.99
10103,4/9/2022 5:30:24 AM,-1.32
10103,4/9/2022 5:30:28 AM,-3.00
10103,4/9/2022 5:30:32 AM,-1.99
10103,4/9/2022 5:30:36 AM,-1.99
10103,4/9/2022 5:30:40 AM,-1.77
10103,4/9/2022 5:30:44 AM,-2.21
10103,4/9/2022 5:30:48 AM,-2.00
10103,4/9/2022 5:30:52 AM,-2.22
10103,4/9/2022 5:30:56 AM,-2.23
10103,4/9/2022 5:31:00 AM,-1.99
10103,4/9/2022 5:31:04 AM,-1.99
10103,4/9/2022 5:31:08 AM,-1.54
10103,4/9/2022 5:31:12 AM,-1.99
10103,4/9/2022 5:31:16 AM,-2.46
10103,4/9/2022 5:31:20 AM,-1.99
10103,4/9/2022 5:31:24 AM,-1.99
10103,4/9/2022 5:31:28 AM,-2.21
10103,4/9/2022 5:31:32 AM,-2.23
10103,4/9/2022 5:31:36 AM,-1.99
10103,4/9/2022 5:31:40 AM,-1.99
10103,4/9/2022 5:31:44 AM,-2.44
10103,4/9/2022 5:31:48 AM,-2.00
10103,4/9/2022 5:31:52 AM,-3.14
10103,4/9/2022 5:31:56 AM,-1.78
10103,4/9/2022 5:32:00 AM,-1.99
10103,4/9/2022 5:32:04 AM,-1.76
10103,4/9/2022 5:32:08 AM,-2.68
10103,4/9/2022 5:32:12 AM,-2.68
10103,4/9/2022 5:32:16 AM,-1.75
10103,4/9/2022 5:32:20 AM,-2.68
10103,4/9/2022 5:32:24 AM,-2.00
10103,4/9/2022 5:32:28 AM,-2.21
10103,4/9/2022 5:32:32 AM,-3.08
10103,4/9/2022 5:32:36 AM,-2.68
10103,4/9/2022 5:32:40 AM,-1.75
10103,4/9/2022 5:32:44 AM,-2.23
10103,4/9/2022 5:32:48 AM,-2.67
10103,4/9/2022 5:32:52 AM,-2.46
10103,4/9/2022 5:32:56 AM,-2.44
10103,4/9/2022 5:33:00 AM,-2.00
10103,4/9/2022 5:33:04 AM,-2.22
10103,4/9/2022 5:33:08 AM,-2.68
10103,4/9/2022 5:33:12 AM,-2.00
10103,4/9/2022 5:33:16 AM,-1.99
10103,4/9/2022 5:33:20 AM,-1.99
10103,4/9/2022 5:33:24 AM,-1.99
10103,4/9/2022 5:33:28 AM,-2.21
10103,4/9/2022 5:33:32 AM,-2.68
10103,4/9/2022 5:33:36 AM,-2.00
10103,4/9/2022 5:33:40 AM,-2.92
10103,4/9/2022 5:33:44 AM,-1.99
10103,4/9/2022 5:33:48 AM,-3.35
10103,4/9/2022 5:33:52 AM,-2.46
10103,4/9/2022 5:33:56 AM,-1.99
10103,4/9/2022 5:34:00 AM,-1.99
10103,4/9/2022 5:34:04 AM,-2.22
10103,4/9/2022 5:34:08 AM,-2.23
10103,4/9/2022 5:34:12 AM,-1.32
10103,4/9/2022 5:34:16 AM,-2.22
10103,4/9/2022 5:34:20 AM,-2.68
10103,4/9/2022 5:34:24 AM,-2.68
10103,4/9/2022 5:34:28 AM,-1.99
10103,4/9/2022 5:34:32 AM,-1.99
10103,4/9/2022 5:34:36 AM,-1.99
10103,4/9/2022 5:34:40 AM,-1.99
10103,4/9/2022 5:34:44 AM,-2.44
10103,4/9/2022 5:34:48 AM,-2.00
10103,4/9/2022 5:34:52 AM,-1.99
10103,4/9/2022 5:34:56 AM,-2.44
10103,4/9/2022 5:35:00 AM,-2.68
10103,4/9/2022 5:35:04 AM,-1.99
10103,4/9/2022 5:35:08 AM,-1.99
10103,4/9/2022 5:35:12 AM,-2.67
10103,4/9/2022 5:35:16 AM,-2.22
10103,4/9/2022 5:35:20 AM,-2.23
10103,4/9/2022 5:35:24 AM,-2.67
10103,4/9/2022 5:35:28 AM,-2.21
10103,4/9/2022 5:35:32 AM,-2.23
10103,4/9/2022 5:35:36 AM,-1.99
10103,4/9/2022 5:35:40 AM,-1.99
10103,4/9/2022 5:35:44 AM,-1.99
10103,4/9/2022 5:35:48 AM,-1.99
10103,4/9/2022 5:35:52 AM,-1.75
10103,4/9/2022 5:35:56 AM,-1.79
10103,4/9/2022 5:36:00 AM,-1.99
10103,4/9/2022 5:36:04 AM,-1.75
10103,4/9/2022 5:36:08 AM,-2.23
10103,4/9/2022 5:36:12 AM,-1.99
10103,4/9/2022 5:36:16 AM,-1.99
10103,4/9/2022 5:36:20 AM,-1.99
10103,4/9/2022 5:36:24 AM,-1.99
10103,4/9/2022 5:36:28 AM,-1.99
10103,4/9/2022 5:36:32 AM,-2.44
10103,4/9/2022 5:36:36 AM,-2.07
10103,4/9/2022 5:36:40 AM,-2.21
10103,4/9/2022 5:36:44 AM,-2.68
10103,4/9/2022 5:36:48 AM,-2.68
10103,4/9/2022 5:36:52 AM,-1.53
10103,4/9/2022 5:36:56 AM,-1.99
10103,4/9/2022 5:37:00 AM,-1.99
10103,4/9/2022 5:37:04 AM,-1.31
10103,4/9/2022 5:37:08 AM,-2.18
10103,4/9/2022 5:37:12 AM,-2.00
10103,4/9/2022 5:37:16 AM,-2.46
10103,4/9/2022 5:37:20 AM,-1.99
10103,4/9/2022 5:37:24 AM,-0.64
10103,4/9/2022 5:37:28 AM,-2.21
10103,4/9/2022 5:37:32 AM,-2.68
10103,4/9/2022 5:37:36 AM,-2.00
10103,4/9/2022 5:37:40 AM,-1.77
10103,4/9/2022 5:37:44 AM,-1.76
10103,4/9/2022 5:37:48 AM,-1.99
10103,4/9/2022 5:37:52 AM,-2.46
10103,4/9/2022 5:37:56 AM,-2.44
10103,4/9/2022 5:38:00 AM,-2.68
10103,4/9/2022 5:38:04 AM,-1.99
10103,4/9/2022 5:38:08 AM,-2.44
10103,4/9/2022 5:38:12 AM,-2.00
10103,4/9/2022 5:38:16 AM,-1.99
10103,4/9/2022 5:38:20 AM,-1.99
10103,4/9/2022 5:38:24 AM,-1.99
10103,4/9/2022 5:38:28 AM,-1.31
10103,4/9/2022 5:38:32 AM,-1.76
10103,4/9/2022 5:38:36 AM,-2.60
10103,4/9/2022 5:38:40 AM,-1.99
10103,4/9/2022 5:38:44 AM,-1.99
10103,4/9/2022 5:38:48 AM,-1.99
10103,4/9/2022 5:38:52 AM,-1.77
10103,4/9/2022 5:38:56 AM,-2.20
10103,4/9/2022 5:39:00 AM,-3.35
10103,4/9/2022 5:39:04 AM,-2.46
10103,4/9/2022 5:39:08 AM,-1.55
10103,4/9/2022 5:39:12 AM,-2.66
10103,4/9/2022 5:39:16 AM,-1.97
10103,4/9/2022 5:39:20 AM,-2.47
10103,4/9/2022 5:39:24 AM,-1.99
10103,4/9/2022 5:39:28 AM,-2.46
10103,4/9/2022 5:39:32 AM,-1.55
10103,4/9/2022 5:39:36 AM,-1.99
10103,4/9/2022 5:39:40 AM,-1.53
10103,4/9/2022 5:39:44 AM,-1.99
10103,4/9/2022 5:39:48 AM,-1.99
10103,4/9/2022 5:39:52 AM,-2.21
10103,4/9/2022 5:39:56 AM,-2.68
10103,4/9/2022 5:40:00 AM,-2.00
10103,4/9/2022 5:40:04 AM,-2.68
10103,4/9/2022 5:40:08 AM,-2.68
10103,4/9/2022 5:40:12 AM,-1.33
10103,4/9/2022 5:40:16 AM,-1.99
10103,4/9/2022 5:40:20 AM,-1.99
10103,4/9/2022 5:40:24 AM,-1.99
10103,4/9/2022 5:40:28 AM,-1.31
10103,4/9/2022 5:40:32 AM,-1.76
10103,4/9/2022 5:40:36 AM,-1.99
10103,4/9/2022 5:40:40 AM,-2.46
10103,4/9/2022 5:40:44 AM,-2.44
10103,4/9/2022 5:40:48 AM,-2.00
10103,4/9/2022 5:40:52 AM,-1.99
10103,4/9/2022 5:40:56 AM,-1.99
10103,4/9/2022 5:41:00 AM,-1.99
10103,4/9/2022 5:41:04 AM,-1.99
10103,4/9/2022 5:41:08 AM,-1.99
10103,4/9/2022 5:41:12 AM,-1.99
10103,4/9/2022 5:41:16 AM,-1.53
10103,4/9/2022 5:41:20 AM,-2.44
10103,4/9/2022 5:41:24 AM,-2.00
10103,4/9/2022 5:41:28 AM,-1.78
10103,4/9/2022 5:41:32 AM,-1.76
10103,4/9/2022 5:41:36 AM,-1.99
10103,4/9/2022 5:41:40 AM,-1.99
10103,4/9/2022 5:41:44 AM,-1.99
10103,4/9/2022 5:41:48 AM,-2.67
10103,4/9/2022 5:41:52 AM,-2.46
10103,4/9/2022 5:41:56 AM,-1.99
10103,4/9/2022 5:42:00 AM,-2.67
10103,4/9/2022 5:42:04 AM,-2.21
10103,4/9/2022 5:42:08 AM,-1.78
10103,4/9/2022 5:42:12 AM,-1.98
10103,4/9/2022 5:42:16 AM,-3.14
10103,4/9/2022 5:42:20 AM,-2.23
10103,4/9/2022 5:42:24 AM,-2.68
10103,4/9/2022 5:42:28 AM,-1.78
10103,4/9/2022 5:42:32 AM,-0.86
10103,4/9/2022 5:42:36 AM,-1.98
10103,4/9/2022 5:42:40 AM,-2.19
10103,4/9/2022 5:42:44 AM,-2.23
10103,4/9/2022 5:42:48 AM,-1.99
10103,4/9/2022 5:42:52 AM,-1.99
10103,4/9/2022 5:42:56 AM,-1.99
10103,4/9/2022 5:43:00 AM,-1.99
10103,4/9/2022 5:43:04 AM,-2.46
10103,4/9/2022 5:43:08 AM,-1.99
10103,4/9/2022 5:43:12 AM,-2.67
10103,4/9/2022 5:43:16 AM,-1.99
10103,4/9/2022 5:43:20 AM,-2.44
10103,4/9/2022 5:43:24 AM,-2.68
10103,4/9/2022 5:43:28 AM,-1.99
10103,4/9/2022 5:43:32 AM,-1.99
10103,4/9/2022 5:43:36 AM,-1.31
10103,4/9/2022 5:43:40 AM,-1.99
10103,4/9/2022 5:43:44 AM,-1.99
10103,4/9/2022 5:43:48 AM,-1.99
10103,4/9/2022 5:43:52 AM,-1.99
10103,4/9/2022 5:43:56 AM,-1.99
10103,4/9/2022 5:44:00 AM,-1.99
10103,4/9/2022 5:44:04 AM,-1.99
10103,4/9/2022 5:44:08 AM,-2.90
10103,4/9/2022 5:44:12 AM,-2.69
10103,4/9/2022 5:44:16 AM,-2.90
10103,4/9/2022 5:44:20 AM,-2.46
10103,4/9/2022 5:44:24 AM,-1.99
10103,4/9/2022 5:44:28 AM,-2.21
10103,4/9/2022 5:44:32 AM,-3.13
10103,4/9/2022 5:44:36 AM,-2.00
10103,4/9/2022 5:44:40 AM,-3.36
10103,4/9/2022 5:44:44 AM,-2.47
10103,4/9/2022 5:44:48 AM,-2.67
10103,4/9/2022 5:44:52 AM,-2.22
10103,4/9/2022 5:44:56 AM,-1.78
10103,4/9/2022 5:45:00 AM,-1.99
10103,4/9/2022 5:45:04 AM,-2.68
10103,4/9/2022 5:45:08 AM,-2.68
10103,4/9/2022 5:45:12 AM,-2.00
10103,4/9/2022 5:45:16 AM,-2.22
10103,4/9/2022 5:45:20 AM,-2.68
10103,4/9/2022 5:45:24 AM,-2.00
10103,4/9/2022 5:45:28 AM,-1.99
10103,4/9/2022 5:45:32 AM,-1.99
10103,4/9/2022 5:45:36 AM,-2.67
10103,4/9/2022 5:45:40 AM,-2.22
10103,4/9/2022 5:45:44 AM,-1.78
10103,4/9/2022 5:45:48 AM,-1.99
10103,4/9/2022 5:45:52 AM,-1.99
10103,4/9/2022 5:45:56 AM,-2.89
10103,4/9/2022 5:46:00 AM,-2.00
10103,4/9/2022 5:46:04 AM,-2.23
10103,4/9/2022 5:46:08 AM,-2.21
10103,4/9/2022 5:46:12 AM,-2.00
10103,4/9/2022 5:46:16 AM,-2.22
10103,4/9/2022 5:46:20 AM,-2.23
10103,4/9/2022 5:46:24 AM,-2.67
10103,4/9/2022 5:46:28 AM,-2.46
10103,4/9/2022 5:46:32 AM,-2.44
10103,4/9/2022 5:46:36 AM,-2.00
10103,4/9/2022 5:46:40 AM,-2.68
10103,4/9/2022 5:46:44 AM,-2.23
10103,4/9/2022 5:46:48 AM,-2.67
10103,4/9/2022 5:46:52 AM,-2.22
10103,4/9/2022 5:46:56 AM,-3.13
10103,4/9/2022 5:47:00 AM,-2.01
10103,4/9/2022 5:47:04 AM,-2.46
10103,4/9/2022 5:47:08 AM,-2.44
10103,4/9/2022 5:47:12 AM,-2.68
10103,4/9/2022 5:47:16 AM,-1.31
10103,4/9/2022 5:47:20 AM,-1.76
10103,4/9/2022 5:47:24 AM,-2.67
10103,4/9/2022 5:47:28 AM,-2.68
10103,4/9/2022 5:47:32 AM,-3.13
10103,4/9/2022 5:47:36 AM,-2.00
10103,4/9/2022 5:47:40 AM,-2.68
10103,4/9/2022 5:47:44 AM,-1.78
10103,4/9/2022 5:47:48 AM,-1.99
10103,4/9/2022 5:47:52 AM,-3.14
10103,4/9/2022 5:47:56 AM,-2.23
10103,4/9/2022 5:48:00 AM,-1.99
10103,4/9/2022 5:48:04 AM,-1.99
10103,4/9/2022 5:48:08 AM,-1.54
10103,4/9/2022 5:48:12 AM,-1.99
10103,4/9/2022 5:48:16 AM,-2.46
10103,4/9/2022 5:48:20 AM,-1.99
10103,4/9/2022 5:48:24 AM,-1.99
10103,4/9/2022 5:48:28 AM,-2.68
10103,4/9/2022 5:48:32 AM,-1.78
10103,4/9/2022 5:48:36 AM,-1.99
10103,4/9/2022 5:48:40 AM,-1.99
10103,4/9/2022 5:48:44 AM,-2.43
10103,4/9/2022 5:48:48 AM,-2.68
10103,4/9/2022 5:48:52 AM,-2.46
10103,4/9/2022 5:48:56 AM,-1.55
10103,4/9/2022 5:49:00 AM,-2.67
10103,4/9/2022 5:49:04 AM,-2.21
10103,4/9/2022 5:49:08 AM,-2.23
10103,4/9/2022 5:49:12 AM,-1.99
10103,4/9/2022 5:49:16 AM,-2.22
10103,4/9/2022 5:49:20 AM,-2.23
10103,4/9/2022 5:49:24 AM,-1.99
10103,4/9/2022 5:49:28 AM,-2.68
10103,4/9/2022 5:49:32 AM,-2.23
10103,4/9/2022 5:49:36 AM,-1.99
10103,4/9/2022 5:49:40 AM,-1.53
10103,4/9/2022 5:49:44 AM,-1.55
10103,4/9/2022 5:49:48 AM,-1.99
10103,4/9/2022 5:49:52 AM,-1.99
10103,4/9/2022 5:49:56 AM,-1.99
10103,4/9/2022 5:50:00 AM,-1.31
10103,4/9/2022 5:50:04 AM,-2.46
10103,4/9/2022 5:50:08 AM,-1.99
10103,4/9/2022 5:50:12 AM,-1.32
10103,4/9/2022 5:50:16 AM,-2.46
10103,4/9/2022 5:50:20 AM,-1.99
10103,4/9/2022 5:50:24 AM,-1.99
10103,4/9/2022 5:50:28 AM,-1.99
10103,4/9/2022 5:50:32 AM,-2.44
10103,4/9/2022 5:50:36 AM,-2.00
10103,4/9/2022 5:50:40 AM,-3.15
10103,4/9/2022 5:50:44 AM,-2.68
10103,4/9/2022 5:50:48 AM,-2.00
10103,4/9/2022 5:50:52 AM,-1.99
10103,4/9/2022 5:50:56 AM,-2.44
10103,4/9/2022 5:51:00 AM,-2.68
10103,4/9/2022 5:51:04 AM,-1.99
10103,4/9/2022 5:51:08 AM,-1.55
10103,4/9/2022 5:51:12 AM,-1.31
10103,4/9/2022 5:51:16 AM,-2.46
10103,4/9/2022 5:51:20 AM,-1.99
10103,4/9/2022 5:51:24 AM,-1.99
10103,4/9/2022 5:51:28 AM,-2.25
10103,4/9/2022 5:51:32 AM,-2.20
10103,4/9/2022 5:51:36 AM,-2.00
10103,4/9/2022 5:51:40 AM,-2.21
10103,4/9/2022 5:51:44 AM,-2.23
10103,4/9/2022 5:51:48 AM,-1.99
10103,4/9/2022 5:51:52 AM,-1.77
10103,4/9/2022 5:51:56 AM,-2.20
10103,4/9/2022 5:52:00 AM,-1.33
10103,4/9/2022 5:52:04 AM,-1.77
10103,4/9/2022 5:52:08 AM,-2.21
10103,4/9/2022 5:52:12 AM,-2.00
10103,4/9/2022 5:52:16 AM,-1.31
10103,4/9/2022 5:52:20 AM,-1.76
10103,4/9/2022 5:52:24 AM,-2.67
10103,4/9/2022 5:52:28 AM,-1.99
10103,4/9/2022 5:52:32 AM,-2.44
10103,4/9/2022 5:52:36 AM,-2.00
10103,4/9/2022 5:52:40 AM,-1.78
10103,4/9/2022 5:52:44 AM,-1.31
10103,4/9/2022 5:52:48 AM,-1.31
10103,4/9/2022 5:52:52 AM,-1.99
10103,4/9/2022 5:52:56 AM,-1.99
10103,4/9/2022 5:53:00 AM,-1.32
10103,4/9/2022 5:53:04 AM,-1.53
10103,4/9/2022 5:53:08 AM,-1.55
10103,4/9/2022 5:53:12 AM,-1.98
10103,4/9/2022 5:53:16 AM,-1.53
10103,4/9/2022 5:53:20 AM,-1.99
10103,4/9/2022 5:53:24 AM,-1.32
10103,4/9/2022 5:53:28 AM,-1.31
10103,4/9/2022 5:53:32 AM,-1.75
10103,4/9/2022 5:53:36 AM,-1.99
10103,4/9/2022 5:53:40 AM,-1.06
10103,4/9/2022 5:53:44 AM,-1.99
10103,4/9/2022 5:53:48 AM,-1.99
10103,4/9/2022 5:53:52 AM,-2.46
10103,4/9/2022 5:53:56 AM,-1.55
10103,4/9/2022 5:54:00 AM,-1.31
10103,4/9/2022 5:54:04 AM,-1.77
10103,4/9/2022 5:54:08 AM,-1.76
10103,4/9/2022 5:54:12 AM,-1.32
10103,4/9/2022 5:54:16 AM,-2.46
10103,4/9/2022 5:54:20 AM,-1.55
10103,4/9/2022 5:54:24 AM,-1.99
10103,4/9/2022 5:54:28 AM,-1.52
10103,4/9/2022 5:54:32 AM,-1.99
10103,4/9/2022 5:54:36 AM,-1.99
10103,4/9/2022 5:54:40 AM,-1.99
10103,4/9/2022 5:54:44 AM,-1.99
10103,4/9/2022 5:54:48 AM,-1.99
10103,4/9/2022 5:54:52 AM,-2.68
10103,4/9/2022 5:54:56 AM,-2.23
10103,4/9/2022 5:55:00 AM,-2.67
10103,4/9/2022 5:55:04 AM,-1.99
10103,4/9/2022 5:55:08 AM,-1.55
10103,4/9/2022 5:55:12 AM,-1.98
10103,4/9/2022 5:55:16 AM,-1.99
10103,4/9/2022 5:55:20 AM,-1.54
10103,4/9/2022 5:55:24 AM,-1.31
10103,4/9/2022 5:55:28 AM,-1.99
10103,4/9/2022 5:55:32 AM,-2.44
10103,4/9/2022 5:55:36 AM,-2.00
10103,4/9/2022 5:55:40 AM,-1.53
10103,4/9/2022 5:55:44 AM,-2.44
10103,4/9/2022 5:55:48 AM,-2.68
10103,4/9/2022 5:55:52 AM,-2.21
10103,4/9/2022 5:55:56 AM,-2.23
10103,4/9/2022 5:56:00 AM,-2.67
10103,4/9/2022 5:56:04 AM,-1.75
10103,4/9/2022 5:56:08 AM,-2.23
10103,4/9/2022 5:56:12 AM,-1.99
10103,4/9/2022 5:56:16 AM,-1.99
10103,4/9/2022 5:56:20 AM,-2.44
10103,4/9/2022 5:56:24 AM,-2.00
10103,4/9/2022 5:56:28 AM,-1.99
10103,4/9/2022 5:56:32 AM,-2.44
10103,4/9/2022 5:56:36 AM,-2.00
10103,4/9/2022 5:56:40 AM,-2.21
10103,4/9/2022 5:56:44 AM,-1.78
10103,4/9/2022 5:56:48 AM,-2.53
10103,4/9/2022 5:56:52 AM,-2.68
10103,4/9/2022 5:56:56 AM,-1.78
10103,4/9/2022 5:57:00 AM,-1.99
10103,4/9/2022 5:57:04 AM,-2.22
10103,4/9/2022 5:57:08 AM,-2.68
10103,4/9/2022 5:57:12 AM,-2.68
10103,4/9/2022 5:57:16 AM,-2.22
10103,4/9/2022 5:57:20 AM,-2.68
10103,4/9/2022 5:57:24 AM,-2.00
10103,4/9/2022 5:57:28 AM,-2.21
10103,4/9/2022 5:57:32 AM,-2.68
10103,4/9/2022 5:57:36 AM,-1.32
10103,4/9/2022 5:57:40 AM,-2.68
10103,4/9/2022 5:57:44 AM,-2.23
10103,4/9/2022 5:57:48 AM,-2.67
10103,4/9/2022 5:57:52 AM,-2.46
10103,4/9/2022 5:57:56 AM,-1.99
10103,4/9/2022 5:58:00 AM,-1.99
10103,4/9/2022 5:58:04 AM,-2.68
10103,4/9/2022 5:58:08 AM,-3.13
10103,4/9/2022 5:58:12 AM,-2.01
10103,4/9/2022 5:58:16 AM,-2.92
10103,4/9/2022 5:58:20 AM,-1.99
10103,4/9/2022 5:58:24 AM,-1.99
10103,4/9/2022 5:58:28 AM,-3.36
10103,4/9/2022 5:58:32 AM,-2.91
10103,4/9/2022 5:58:36 AM,-2.00
10103,4/9/2022 5:58:40 AM,-1.99
10103,4/9/2022 5:58:44 AM,-1.99
10103,4/9/2022 5:58:48 AM,-3.29
10103,4/9/2022 5:58:52 AM,-2.44
10103,4/9/2022 5:58:56 AM,-2.91
10103,4/9/2022 5:59:00 AM,-2.68
10103,4/9/2022 5:59:04 AM,-2.46
10103,4/9/2022 5:59:08 AM,-1.99
10103,4/9/2022 5:59:12 AM,-2.67
10103,4/9/2022 5:59:16 AM,-2.22
10103,4/9/2022 5:59:20 AM,-2.23
10103,4/9/2022 5:59:24 AM,-2.67
10103,4/9/2022 5:59:28 AM,-1.99
10103,4/9/2022 5:59:32 AM,-1.99
10103,4/9/2022 5:59:36 AM,-2.67
10103,4/9/2022 5:59:40 AM,-1.53
10103,4/9/2022 5:59:44 AM,-2.89
10103,4/9/2022 5:59:48 AM,-2.00
10103,4/9/2022 5:59:52 AM,-2.68
10103,4/9/2022 5:59:56 AM,-2.68
10103,4/9/2022 6:00:00 AM,-2.00
10103,4/9/2022 6:00:04 AM,-1.99
10103,4/9/2022 6:00:08 AM,-1.99
10103,4/9/2022 6:00:12 AM,-1.99
10103,4/9/2022 6:00:16 AM,-1.99
10103,4/9/2022 6:00:20 AM,-1.99
10103,4/9/2022 6:00:24 AM,-2.67
10103,4/9/2022 6:00:28 AM,-2.46
10103,4/9/2022 6:00:32 AM,-1.99
10103,4/9/2022 6:00:36 AM,-2.67
10103,4/9/2022 6:00:40 AM,-1.99
10103,4/9/2022 6:00:44 AM,-2.44
10103,4/9/2022 6:00:48 AM,-2.68
10103,4/9/2022 6:00:52 AM,-1.99
10103,4/9/2022 6:00:56 AM,-1.99
10103,4/9/2022 6:01:00 AM,-1.99
10103,4/9/2022 6:01:04 AM,-2.46
10103,4/9/2022 6:01:08 AM,-1.99
10103,4/9/2022 6:01:12 AM,-1.99
10103,4/9/2022 6:01:16 AM,-1.99
10103,4/9/2022 6:01:20 AM,-1.99
10103,4/9/2022 6:01:24 AM,-1.99
10103,4/9/2022 6:01:28 AM,-1.99
10103,4/9/2022 6:01:32 AM,-1.99
10103,4/9/2022 6:01:36 AM,-2.67
10103,4/9/2022 6:01:40 AM,-1.99
10103,4/9/2022 6:01:44 AM,-1.99
10103,4/9/2022 6:01:48 AM,-1.31
10103,4/9/2022 6:01:52 AM,-1.99
10103,4/9/2022 6:01:56 AM,-1.99
10103,4/9/2022 6:02:00 AM,-1.99
10103,4/9/2022 6:02:04 AM,-1.75
10103,4/9/2022 6:02:08 AM,-2.68
10103,4/9/2022 6:02:12 AM,-1.33
10103,4/9/2022 6:02:16 AM,-2.46
10103,4/9/2022 6:02:20 AM,-1.99
10103,4/9/2022 6:02:24 AM,-2.67
10103,4/9/2022 6:02:28 AM,-2.46
10103,4/9/2022 6:02:32 AM,-1.99
10103,4/9/2022 6:02:36 AM,-1.99
10103,4/9/2022 6:02:40 AM,-1.75
10103,4/9/2022 6:02:44 AM,-2.68
10103,4/9/2022 6:02:48 AM,-2.00
10103,4/9/2022 6:02:52 AM,-1.99
10103,4/9/2022 6:02:56 AM,-1.55
10103,4/9/2022 6:03:00 AM,-1.99
10103,4/9/2022 6:03:04 AM,-1.77
10103,4/9/2022 6:03:08 AM,-1.31
10103,4/9/2022 6:03:12 AM,-1.99
10103,4/9/2022 6:03:16 AM,-1.99
10103,4/9/2022 6:03:20 AM,-1.99
10103,4/9/2022 6:03:24 AM,-2.67
10103,4/9/2022 6:03:28 AM,-2.71
10103,4/9/2022 6:03:32 AM,-1.76
10103,4/9/2022 6:03:36 AM,-1.99
10103,4/9/2022 6:03:40 AM,-2.92
10103,4/9/2022 6:03:44 AM,-1.55
10103,4/9/2022 6:03:48 AM,-1.99
10103,4/9/2022 6:03:52 AM,-2.92
10103,4/9/2022 6:03:56 AM,-1.55
10103,4/9/2022 6:04:00 AM,-2.67
10103,4/9/2022 6:04:04 AM,-1.53
10103,4/9/2022 6:04:08 AM,-2.44
10103,4/9/2022 6:04:12 AM,-2.00
10103,4/9/2022 6:04:16 AM,-1.53
10103,4/9/2022 6:04:20 AM,-2.44
10103,4/9/2022 6:04:24 AM,-2.00
10103,4/9/2022 6:04:28 AM,-1.56
10103,4/9/2022 6:04:32 AM,-1.52
10103,4/9/2022 6:04:36 AM,-1.99
10103,4/9/2022 6:04:40 AM,-2.21
10103,4/9/2022 6:04:44 AM,-2.68
10103,4/9/2022 6:04:48 AM,-2.00
10103,4/9/2022 6:04:52 AM,-1.81
10103,4/9/2022 6:04:56 AM,-2.50
10103,4/9/2022 6:05:00 AM,-2.01
10103,4/9/2022 6:05:04 AM,-1.53
10103,4/9/2022 6:05:08 AM,-1.99
10103,4/9/2022 6:05:12 AM,-2.67
10103,4/9/2022 6:05:16 AM,-2.21
10103,4/9/2022 6:05:20 AM,-2.23
10103,4/9/2022 6:05:24 AM,-2.67
10103,4/9/2022 6:05:28 AM,-2.72
10103,4/9/2022 6:05:32 AM,-1.76
10103,4/9/2022 6:05:36 AM,-2.67
10103,4/9/2022 6:05:40 AM,-2.46
10103,4/9/2022 6:05:44 AM,-1.99
10103,4/9/2022 6:05:48 AM,-1.32
10103,4/9/2022 6:05:52 AM,-2.92
10103,4/9/2022 6:05:56 AM,-1.99
10103,4/9/2022 6:06:00 AM,-1.32
10103,4/9/2022 6:06:04 AM,-2.90
10103,4/9/2022 6:06:08 AM,-2.02
10103,4/9/2022 6:06:12 AM,-2.66
10103,4/9/2022 6:06:16 AM,-2.68
10103,4/9/2022 6:06:20 AM,-2.68
10103,4/9/2022 6:06:24 AM,-1.32
10103,4/9/2022 6:06:28 AM,-1.99
10103,4/9/2022 6:06:32 AM,-1.99
10103,4/9/2022 6:06:36 AM,-1.99
10103,4/9/2022 6:06:40 AM,-2.21
10103,4/9/2022 6:06:44 AM,-2.23
10103,4/9/2022 6:06:48 AM,-1.99
10103,4/9/2022 6:06:52 AM,-1.99
10103,4/9/2022 6:06:56 AM,-2.39
10103,4/9/2022 6:07:00 AM,-2.68
10103,4/9/2022 6:07:04 AM,-2.92
10103,4/9/2022 6:07:08 AM,-1.55
10103,4/9/2022 6:07:12 AM,-2.66
10103,4/9/2022 6:07:16 AM,-2.21
10103,4/9/2022 6:07:20 AM,-1.78
10103,4/9/2022 6:07:24 AM,-2.66
10103,4/9/2022 6:07:28 AM,-1.74
10103,4/9/2022 6:07:32 AM,-2.23
10103,4/9/2022 6:07:36 AM,-1.99
10103,4/9/2022 6:07:40 AM,-2.43
10103,4/9/2022 6:07:44 AM,-2.47
10103,4/9/2022 6:07:48 AM,-1.99
10103,4/9/2022 6:07:52 AM,-2.90
10103,4/9/2022 6:07:56 AM,-2.47
10103,4/9/2022 6:08:00 AM,-1.99
10103,4/9/2022 6:08:04 AM,-1.99
10103,4/9/2022 6:08:08 AM,-1.99
10103,4/9/2022 6:08:12 AM,-1.99
10103,4/9/2022 6:08:16 AM,-1.99
10103,4/9/2022 6:08:20 AM,-1.55
10103,4/9/2022 6:08:24 AM,-1.99
10103,4/9/2022 6:08:28 AM,-1.78
10103,4/9/2022 6:08:32 AM,-2.21
10103,4/9/2022 6:08:36 AM,-2.68
10103,4/9/2022 6:08:40 AM,-1.99
10103,4/9/2022 6:08:44 AM,-2.44
10103,4/9/2022 6:08:48 AM,-2.00
10103,4/9/2022 6:08:52 AM,-1.50
10103,4/9/2022 6:08:56 AM,-1.99
10103,4/9/2022 6:09:00 AM,-1.99
10103,4/9/2022 6:09:04 AM,-2.43
10103,4/9/2022 6:09:08 AM,-2.92
10103,4/9/2022 6:09:12 AM,-2.00
10103,4/9/2022 6:09:16 AM,-1.77
10103,4/9/2022 6:09:20 AM,-2.21
10103,4/9/2022 6:09:24 AM,-1.32
10103,4/9/2022 6:09:28 AM,-2.93
10103,4/9/2022 6:09:32 AM,-2.44
10103,4/9/2022 6:09:36 AM,-1.32
10103,4/9/2022 6:09:40 AM,-2.46
10103,4/9/2022 6:09:44 AM,-1.99
10103,4/9/2022 6:09:48 AM,-1.99
10103,4/9/2022 6:09:52 AM,-2.46
10103,4/9/2022 6:09:56 AM,-1.99
10103,4/9/2022 6:10:00 AM,-1.31
10103,4/9/2022 6:10:04 AM,-2.46
10103,4/9/2022 6:10:08 AM,-1.99
10103,4/9/2022 6:10:12 AM,-1.99
10103,4/9/2022 6:10:16 AM,-2.44
10103,4/9/2022 6:10:20 AM,-2.46
10103,4/9/2022 6:10:24 AM,-2.68
10103,4/9/2022 6:10:28 AM,-2.46
10103,4/9/2022 6:10:32 AM,-1.54
10103,4/9/2022 6:10:36 AM,-2.67
10103,4/9/2022 6:10:40 AM,-1.75
10103,4/9/2022 6:10:44 AM,-2.68
10103,4/9/2022 6:10:48 AM,-1.32
10103,4/9/2022 6:10:52 AM,-1.99
10103,4/9/2022 6:10:56 AM,-1.60
10103,4/9/2022 6:11:00 AM,-1.31
10103,4/9/2022 6:11:04 AM,-2.46
10103,4/9/2022 6:11:08 AM,-1.99
10103,4/9/2022 6:11:12 AM,-2.67
10103,4/9/2022 6:11:16 AM,-1.76
10103,4/9/2022 6:11:20 AM,-2.23
10103,4/9/2022 6:11:24 AM,-1.99
10103,4/9/2022 6:11:28 AM,-2.21
10103,4/9/2022 6:11:32 AM,-1.78
10103,4/9/2022 6:11:36 AM,-2.67
10103,4/9/2022 6:11:40 AM,-1.99
10103,4/9/2022 6:11:44 AM,-2.89
10103,4/9/2022 6:11:48 AM,-2.00
10103,4/9/2022 6:11:52 AM,-1.77
10103,4/9/2022 6:11:56 AM,-1.31
10103,4/9/2022 6:12:00 AM,-1.31
10103,4/9/2022 6:12:04 AM,-2.46
10103,4/9/2022 6:12:08 AM,-1.99
10103,4/9/2022 6:12:12 AM,-1.33
10103,4/9/2022 6:12:16 AM,-1.99
10103,4/9/2022 6:12:20 AM,-1.99
10103,4/9/2022 6:12:24 AM,-2.67
10103,4/9/2022 6:12:28 AM,-2.46
10103,4/9/2022 6:12:32 AM,-2.90
10103,4/9/2022 6:12:36 AM,-2.00
10103,4/9/2022 6:12:40 AM,-1.99
10103,4/9/2022 6:12:44 AM,-1.99
10103,4/9/2022 6:12:48 AM,-1.31
10103,4/9/2022 6:12:52 AM,-2.46
10103,4/9/2022 6:12:56 AM,-1.99
10103,4/9/2022 6:13:00 AM,-1.99
10103,4/9/2022 6:13:04 AM,-2.44
10103,4/9/2022 6:13:08 AM,-2.46
10103,4/9/2022 6:13:12 AM,-3.35
10103,4/9/2022 6:13:16 AM,-1.53
10103,4/9/2022 6:13:20 AM,-1.99
10103,4/9/2022 6:13:24 AM,-1.99
10103,4/9/2022 6:13:28 AM,-1.99
10103,4/9/2022 6:13:32 AM,-2.44
10103,4/9/2022 6:13:36 AM,-2.00
10103,4/9/2022 6:13:40 AM,-1.99
10103,4/9/2022 6:13:44 AM,-1.99
10103,4/9/2022 6:13:48 AM,-3.35
10103,4/9/2022 6:13:52 AM,-3.14
10103,4/9/2022 6:13:56 AM,-2.23
10103,4/9/2022 6:14:00 AM,-1.99
10103,4/9/2022 6:14:04 AM,-1.99
10103,4/9/2022 6:14:08 AM,-2.89
10103,4/9/2022 6:14:12 AM,-2.01
10103,4/9/2022 6:14:16 AM,-1.99
10103,4/9/2022 6:14:20 AM,-2.44
10103,4/9/2022 6:14:24 AM,-1.32
10103,4/9/2022 6:14:28 AM,-2.46
10103,4/9/2022 6:14:32 AM,-2.44
10103,4/9/2022 6:14:36 AM,-2.00
10103,4/9/2022 6:14:40 AM,-1.53
10103,4/9/2022 6:14:44 AM,-1.55
10103,4/9/2022 6:14:48 AM,-1.31
10103,4/9/2022 6:14:52 AM,-2.22
10103,4/9/2022 6:14:56 AM,-2.68
10103,4/9/2022 6:15:00 AM,-1.34
10103,4/9/2022 6:15:04 AM,-2.21
10103,4/9/2022 6:15:08 AM,-1.78
10103,4/9/2022 6:15:12 AM,-1.99
10103,4/9/2022 6:15:16 AM,-1.77
10103,4/9/2022 6:15:20 AM,-1.31
10103,4/9/2022 6:15:24 AM,-1.99
10103,4/9/2022 6:15:28 AM,-1.99
10103,4/9/2022 6:15:32 AM,-1.55
10103,4/9/2022 6:15:36 AM,-1.31
10103,4/9/2022 6:15:40 AM,-1.75
10103,4/9/2022 6:15:44 AM,-2.68
10103,4/9/2022 6:15:48 AM,-2.00
10103,4/9/2022 6:15:52 AM,-1.99
10103,4/9/2022 6:15:56 AM,-1.55
10103,4/9/2022 6:16:00 AM,-2.67
10103,4/9/2022 6:16:04 AM,-2.46
10103,4/9/2022 6:16:08 AM,-1.99
10103,4/9/2022 6:16:12 AM,-1.99
10103,4/9/2022 6:16:16 AM,-2.21
10103,4/9/2022 6:16:20 AM,-2.23
10103,4/9/2022 6:16:24 AM,-2.67
10103,4/9/2022 6:16:28 AM,-1.99
10103,4/9/2022 6:16:32 AM,-1.99
10103,4/9/2022 6:16:36 AM,-1.99
10103,4/9/2022 6:16:40 AM,-1.77
10103,4/9/2022 6:16:44 AM,-1.76
10103,4/9/2022 6:16:48 AM,-1.99
10103,4/9/2022 6:16:52 AM,-1.53
10103,4/9/2022 6:16:56 AM,-1.99
10103,4/9/2022 6:17:00 AM,-1.99
10103,4/9/2022 6:17:04 AM,-1.99
10103,4/9/2022 6:17:08 AM,-1.99
10103,4/9/2022 6:17:12 AM,-1.32
10103,4/9/2022 6:17:16 AM,-1.53
10103,4/9/2022 6:17:20 AM,-1.99
10103,4/9/2022 6:17:24 AM,-1.99
10103,4/9/2022 6:17:28 AM,-2.21
10103,4/9/2022 6:17:32 AM,-2.23
10103,4/9/2022 6:17:36 AM,-1.99
10103,4/9/2022 6:17:40 AM,-1.99
10103,4/9/2022 6:17:44 AM,-1.99
10103,4/9/2022 6:17:48 AM,-1.99
10103,4/9/2022 6:17:52 AM,-2.22
10103,4/9/2022 6:17:56 AM,-3.13
10103,4/9/2022 6:18:00 AM,-2.01
10103,4/9/2022 6:18:04 AM,-1.99
10103,4/9/2022 6:18:08 AM,-1.99
10103,4/9/2022 6:18:12 AM,-1.32
10103,4/9/2022 6:18:16 AM,-1.52
10103,4/9/2022 6:18:20 AM,-1.99
10103,4/9/2022 6:18:24 AM,-1.32
10103,4/9/2022 6:18:28 AM,-2.21
10103,4/9/2022 6:18:32 AM,-2.68
10103,4/9/2022 6:18:36 AM,-2.68
10103,4/9/2022 6:18:40 AM,-1.53
10103,4/9/2022 6:18:44 AM,-1.99
10103,4/9/2022 6:18:48 AM,-2.67
10103,4/9/2022 6:18:52 AM,-1.53
10103,4/9/2022 6:18:56 AM,-2.44
10103,4/9/2022 6:19:00 AM,-2.07
10103,4/9/2022 6:19:04 AM,-2.21
10103,4/9/2022 6:19:08 AM,-1.78
10103,4/9/2022 6:19:12 AM,-2.66
10103,4/9/2022 6:19:16 AM,-2.46
10103,4/9/2022 6:19:20 AM,-1.99
10103,4/9/2022 6:19:24 AM,-2.67
10103,4/9/2022 6:19:28 AM,-1.99
10103,4/9/2022 6:19:32 AM,-1.55
10103,4/9/2022 6:19:36 AM,-2.67
10103,4/9/2022 6:19:40 AM,-1.99
10103,4/9/2022 6:19:44 AM,-1.99
10103,4/9/2022 6:19:48 AM,-1.32
10103,4/9/2022 6:19:52 AM,-1.99
10103,4/9/2022 6:19:56 AM,-1.99
10103,4/9/2022 6:20:00 AM,-2.67
10103,4/9/2022 6:20:04 AM,-1.99
10103,4/9/2022 6:20:08 AM,-1.99
10103,4/9/2022 6:20:12 AM,-1.99
10103,4/9/2022 6:20:16 AM,-1.99
10103,4/9/2022 6:20:20 AM,-2.44
10103,4/9/2022 6:20:24 AM,-2.00
10103,4/9/2022 6:20:28 AM,-2.68
10103,4/9/2022 6:20:32 AM,-2.23
10103,4/9/2022 6:20:36 AM,-1.32
10103,4/9/2022 6:20:40 AM,-1.53
10103,4/9/2022 6:20:44 AM,-1.55
10103,4/9/2022 6:20:48 AM,-2.66
10103,4/9/2022 6:20:52 AM,-1.77
10103,4/9/2022 6:20:56 AM,-2.20
10103,4/9/2022 6:21:00 AM,-2.07
10103,4/9/2022 6:21:04 AM,-1.99
10103,4/9/2022 6:21:08 AM,-1.99
10103,4/9/2022 6:21:12 AM,-1.99
10103,4/9/2022 6:21:16 AM,-1.77
10103,4/9/2022 6:21:20 AM,-1.76
10103,4/9/2022 6:21:24 AM,-1.99
10103,4/9/2022 6:21:28 AM,-2.21
10103,4/9/2022 6:21:32 AM,-1.78
10103,4/9/2022 6:21:36 AM,-2.67
10103,4/9/2022 6:21:40 AM,-2.46
10103,4/9/2022 6:21:44 AM,-1.55
10103,4/9/2022 6:21:48 AM,-3.34
10103,4/9/2022 6:21:52 AM,-1.53
10103,4/9/2022 6:21:56 AM,-1.99
10103,4/9/2022 6:22:00 AM,-1.99
10103,4/9/2022 6:22:04 AM,-1.99
10103,4/9/2022 6:22:08 AM,-1.99
10103,4/9/2022 6:22:12 AM,-1.99
10103,4/9/2022 6:22:16 AM,-2.46
10103,4/9/2022 6:22:20 AM,-2.44
10103,4/9/2022 6:22:24 AM,-2.68
10103,4/9/2022 6:22:28 AM,-2.46
10103,4/9/2022 6:22:32 AM,-1.99
10103,4/9/2022 6:22:36 AM,-2.67
10103,4/9/2022 6:22:40 AM,-2.24
10103,4/9/2022 6:22:44 AM,-2.21
10103,4/9/2022 6:22:48 AM,-2.68
10103,4/9/2022 6:22:52 AM,-2.22
10103,4/9/2022 6:22:56 AM,-2.23
10103,4/9/2022 6:23:00 AM,-1.99
10103,4/9/2022 6:23:04 AM,-2.46
10103,4/9/2022 6:23:08 AM,-1.99
10103,4/9/2022 6:23:12 AM,-1.99
10103,4/9/2022 6:23:16 AM,-2.46
10103,4/9/2022 6:23:20 AM,-1.99
10103,4/9/2022 6:23:24 AM,-2.67
10103,4/9/2022 6:23:28 AM,-1.99
10103,4/9/2022 6:23:32 AM,-2.44
10103,4/9/2022 6:23:36 AM,-2.00
10103,4/9/2022 6:23:40 AM,-1.53
10103,4/9/2022 6:23:44 AM,-1.54
10103,4/9/2022 6:23:48 AM,-2.67
10103,4/9/2022 6:23:52 AM,-1.53
10103,4/9/2022 6:23:56 AM,-1.99
10103,4/9/2022 6:24:00 AM,-2.67
10103,4/9/2022 6:24:04 AM,-1.99
10103,4/9/2022 6:24:08 AM,-2.45
10103,4/9/2022 6:24:12 AM,-2.68
10103,4/9/2022 6:24:16 AM,-1.99
10103,4/9/2022 6:24:20 AM,-1.54
10103,4/9/2022 6:24:24 AM,-2.67
10103,4/9/2022 6:24:28 AM,-2.21
10103,4/9/2022 6:24:32 AM,-2.23
10103,4/9/2022 6:24:36 AM,-2.67
10103,4/9/2022 6:24:40 AM,-2.46
10103,4/9/2022 6:24:44 AM,-2.89
10103,4/9/2022 6:24:48 AM,-2.68
10103,4/9/2022 6:24:52 AM,-2.46
10103,4/9/2022 6:24:56 AM,-1.99
10103,4/9/2022 6:25:00 AM,-1.99
10103,4/9/2022 6:25:04 AM,-2.52
10103,4/9/2022 6:25:08 AM,-2.44
10103,4/9/2022 6:25:12 AM,-3.36
10103,4/9/2022 6:25:16 AM,-2.68
10103,4/9/2022 6:25:20 AM,-1.78
10103,4/9/2022 6:25:24 AM,-3.35
10103,4/9/2022 6:25:28 AM,-2.43
10103,4/9/2022 6:25:32 AM,-2.46
10103,4/9/2022 6:25:36 AM,-1.99
10103,4/9/2022 6:25:40 AM,-2.22
10103,4/9/2022 6:25:44 AM,-2.23
10103,4/9/2022 6:25:48 AM,-2.67
10103,4/9/2022 6:25:52 AM,-3.36
10103,4/9/2022 6:25:56 AM,-2.47
10103,4/9/2022 6:26:00 AM,-3.35
10103,4/9/2022 6:26:04 AM,-2.44
10103,4/9/2022 6:26:08 AM,-2.91
10103,4/9/2022 6:26:12 AM,-3.36
10103,4/9/2022 6:26:16 AM,-3.14
10103,4/9/2022 6:26:20 AM,-2.23
10103,4/9/2022 6:26:24 AM,-3.35
10103,4/9/2022 6:26:28 AM,-1.99
10103,4/9/2022 6:26:32 AM,-2.90
10103,4/9/2022 6:26:36 AM,-2.00
10103,4/9/2022 6:26:40 AM,-3.36
10103,4/9/2022 6:26:44 AM,-2.92
10103,4/9/2022 6:26:48 AM,-2.68
10103,4/9/2022 6:26:52 AM,-2.92
10103,4/9/2022 6:26:56 AM,-1.99
10103,4/9/2022 6:27:00 AM,-4.03
10103,4/9/2022 6:27:04 AM,-2.15
10103,4/9/2022 6:27:08 AM,-2.68
10103,4/9/2022 6:27:12 AM,-2.68
10103,4/9/2022 6:27:16 AM,-2.22
10103,4/9/2022 6:27:20 AM,-2.23
10103,4/9/2022 6:27:24 AM,-3.35
10103,4/9/2022 6:27:28 AM,-2.46
10103,4/9/2022 6:27:32 AM,-2.44
10103,4/9/2022 6:27:36 AM,-2.00
10103,4/9/2022 6:27:40 AM,-2.68
10103,4/9/2022 6:27:44 AM,-2.68
10103,4/9/2022 6:27:48 AM,-2.68
10103,4/9/2022 6:27:52 AM,-2.68
10103,4/9/2022 6:27:56 AM,-2.23
10103,4/9/2022 6:28:00 AM,-1.99
10103,4/9/2022 6:28:04 AM,-2.46
10103,4/9/2022 6:28:08 AM,-2.44
10103,4/9/2022 6:28:12 AM,-2.00
10103,4/9/2022 6:28:16 AM,-2.68
10103,4/9/2022 6:28:20 AM,-2.68
10103,4/9/2022 6:28:24 AM,-2.00
10103,4/9/2022 6:28:28 AM,-2.68
10103,4/9/2022 6:28:32 AM,-2.23
10103,4/9/2022 6:28:36 AM,-1.99
10103,4/9/2022 6:28:40 AM,-2.21
10103,4/9/2022 6:28:44 AM,-3.13
10103,4/9/2022 6:28:48 AM,-2.68
10103,4/9/2022 6:28:52 AM,-1.99
10103,4/9/2022 6:28:56 AM,-2.44
10103,4/9/2022 6:29:00 AM,-2.68
10103,4/9/2022 6:29:04 AM,-2.68
10103,4/9/2022 6:29:08 AM,-2.68
10103,4/9/2022 6:29:12 AM,-2.68
10103,4/9/2022 6:29:16 AM,-2.44
10103,4/9/2022 6:29:20 AM,-2.46
10103,4/9/2022 6:29:24 AM,-1.99
10103,4/9/2022 6:29:28 AM,-1.99
10103,4/9/2022 6:29:32 AM,-1.99
10103,4/9/2022 6:29:36 AM,-2.67
10103,4/9/2022 6:29:40 AM,-2.68
10103,4/9/2022 6:29:44 AM,-2.68
10103,4/9/2022 6:29:48 AM,-3.36
10103,4/9/2022 6:29:52 AM,-1.77
10103,4/9/2022 6:29:56 AM,-2.20
10103,4/9/2022 6:30:00 AM,-2.00
10103,4/9/2022 6:30:04 AM,-2.46
10103,4/9/2022 6:30:08 AM,-2.44
10103,4/9/2022 6:30:12 AM,-1.33
10103,4/9/2022 6:30:16 AM,-1.53
10103,4/9/2022 6:30:20 AM,-2.44
10103,4/9/2022 6:30:24 AM,-2.01
10103,4/9/2022 6:30:28 AM,-1.53
10103,4/9/2022 6:30:32 AM,-2.44
10103,4/9/2022 6:30:36 AM,-1.32
10103,4/9/2022 6:30:40 AM,-1.99
10103,4/9/2022 6:30:44 AM,-2.44
10103,4/9/2022 6:30:48 AM,-2.68
10103,4/9/2022 6:30:52 AM,-2.46
10103,4/9/2022 6:30:56 AM,-2.44
10103,4/9/2022 6:31:00 AM,-2.00
10103,4/9/2022 6:31:04 AM,-2.17
10103,4/9/2022 6:31:08 AM,-2.29
10103,4/9/2022 6:31:12 AM,-1.32
10103,4/9/2022 6:31:16 AM,-1.99
10103,4/9/2022 6:31:20 AM,-1.99
10103,4/9/2022 6:31:24 AM,-2.67
10103,4/9/2022 6:31:28 AM,-2.46
10103,4/9/2022 6:31:32 AM,-1.99
10103,4/9/2022 6:31:36 AM,-1.99
10103,4/9/2022 6:31:40 AM,-1.99
10103,4/9/2022 6:31:44 AM,-1.99
10103,4/9/2022 6:31:48 AM,-1.99
10103,4/9/2022 6:31:52 AM,-2.68
10103,4/9/2022 6:31:56 AM,-2.23
10103,4/9/2022 6:32:00 AM,-1.99
10103,4/9/2022 6:32:04 AM,-1.99
10103,4/9/2022 6:32:08 AM,-1.99
10103,4/9/2022 6:32:12 AM,-1.32
10103,4/9/2022 6:32:16 AM,-1.99
10103,4/9/2022 6:32:20 AM,-1.99
10103,4/9/2022 6:32:24 AM,-1.99
10103,4/9/2022 6:32:28 AM,-2.21
10103,4/9/2022 6:32:32 AM,-2.68
10103,4/9/2022 6:32:36 AM,-2.00
10103,4/9/2022 6:32:40 AM,-2.68
10103,4/9/2022 6:32:44 AM,-2.23
10103,4/9/2022 6:32:48 AM,-1.99
10103,4/9/2022 6:32:52 AM,-1.53
10103,4/9/2022 6:32:56 AM,-2.44
10103,4/9/2022 6:33:00 AM,-2.00
10103,4/9/2022 6:33:04 AM,-2.46
10103,4/9/2022 6:33:08 AM,-1.55
10103,4/9/2022 6:33:12 AM,-1.31
10103,4/9/2022 6:33:16 AM,-1.99
10103,4/9/2022 6:33:20 AM,-1.99
10103,4/9/2022 6:33:24 AM,-1.32
10103,4/9/2022 6:33:28 AM,-1.78
10103,4/9/2022 6:33:32 AM,-1.75
10103,4/9/2022 6:33:36 AM,-2.67
10103,4/9/2022 6:33:40 AM,-1.99
10103,4/9/2022 6:33:44 AM,-1.99
10103,4/9/2022 6:33:48 AM,-2.67
10103,4/9/2022 6:33:52 AM,-1.99
10103,4/9/2022 6:33:56 AM,-1.55
10103,4/9/2022 6:34:00 AM,-2.66
10103,4/9/2022 6:34:04 AM,-1.99
10103,4/9/2022 6:34:08 AM,-1.99
10103,4/9/2022 6:34:12 AM,-1.99
10103,4/9/2022 6:34:16 AM,-1.99
10103,4/9/2022 6:34:20 AM,-1.99
10103,4/9/2022 6:34:24 AM,-1.32
10103,4/9/2022 6:34:28 AM,-2.22
10103,4/9/2022 6:34:32 AM,-1.78
10103,4/9/2022 6:34:36 AM,-1.99
10103,4/9/2022 6:34:40 AM,-1.99
10103,4/9/2022 6:34:44 AM,-1.99
10103,4/9/2022 6:34:48 AM,-2.68
10103,4/9/2022 6:34:52 AM,-1.76
10103,4/9/2022 6:34:56 AM,-2.68
10103,4/9/2022 6:35:00 AM,-2.00
10103,4/9/2022 6:35:04 AM,-1.99
10103,4/9/2022 6:35:08 AM,-1.99
10103,4/9/2022 6:35:12 AM,-1.99
10103,4/9/2022 6:35:16 AM,-2.46
10103,4/9/2022 6:35:20 AM,-1.99
10103,4/9/2022 6:35:24 AM,-2.68
10103,4/9/2022 6:35:28 AM,-2.46
10103,4/9/2022 6:35:32 AM,-1.54
10103,4/9/2022 6:35:36 AM,-1.99
10103,4/9/2022 6:35:40 AM,-1.77
10103,4/9/2022 6:35:44 AM,-1.76
10103,4/9/2022 6:35:48 AM,-1.99
10103,4/9/2022 6:35:52 AM,-1.99
10103,4/9/2022 6:35:56 AM,-1.99
10103,4/9/2022 6:36:00 AM,-1.31
10103,4/9/2022 6:36:04 AM,-1.99
10103,4/9/2022 6:36:08 AM,-1.99
10103,4/9/2022 6:36:12 AM,-1.32
10103,4/9/2022 6:36:16 AM,-1.53
10103,4/9/2022 6:36:20 AM,-2.44
10103,4/9/2022 6:36:24 AM,-3.36
10103,4/9/2022 6:36:28 AM,-2.46
10103,4/9/2022 6:36:32 AM,-1.99
10103,4/9/2022 6:36:36 AM,-1.99
10103,4/9/2022 6:36:40 AM,-1.99
10103,4/9/2022 6:36:44 AM,-1.99
10103,4/9/2022 6:36:48 AM,-0.75
10103,4/9/2022 6:36:52 AM,-2.22
10103,4/9/2022 6:36:56 AM,-2.23
10103,4/9/2022 6:37:00 AM,-1.31
10103,4/9/2022 6:37:04 AM,-2.90
10103,4/9/2022 6:37:08 AM,-2.46
10103,4/9/2022 6:37:12 AM,-1.32
10103,4/9/2022 6:37:16 AM,-1.99
10103,4/9/2022 6:37:20 AM,-1.99
10103,4/9/2022 6:37:24 AM,-1.99
10103,4/9/2022 6:37:28 AM,-1.99
10103,4/9/2022 6:37:32 AM,-1.99
10103,4/9/2022 6:37:36 AM,-1.99
10103,4/9/2022 6:37:40 AM,-1.53
10103,4/9/2022 6:37:44 AM,-2.44
10103,4/9/2022 6:37:48 AM,-2.00
10103,4/9/2022 6:37:52 AM,-2.68
10103,4/9/2022 6:37:56 AM,-1.78
10103,4/9/2022 6:38:00 AM,-2.67
10103,4/9/2022 6:38:04 AM,-1.53
10103,4/9/2022 6:38:08 AM,-1.99
10103,4/9/2022 6:38:12 AM,-1.99
10103,4/9/2022 6:38:16 AM,-1.99
10103,4/9/2022 6:38:20 AM,-1.99
10103,4/9/2022 6:38:24 AM,-1.99
10103,4/9/2022 6:38:28 AM,-1.77
10103,4/9/2022 6:38:32 AM,-1.76
10103,4/9/2022 6:38:36 AM,-1.31
10103,4/9/2022 6:38:40 AM,-1.99
10103,4/9/2022 6:38:44 AM,-2.44
10103,4/9/2022 6:38:48 AM,-1.32
10103,4/9/2022 6:38:52 AM,-1.99
10103,4/9/2022 6:38:56 AM,-1.99
10103,4/9/2022 6:39:00 AM,-1.99
10103,4/9/2022 6:39:04 AM,-2.22
10103,4/9/2022 6:39:08 AM,-2.68
10103,4/9/2022 6:39:12 AM,-2.00
10103,4/9/2022 6:39:16 AM,-1.07
10103,4/9/2022 6:39:20 AM,-1.54
10103,4/9/2022 6:39:24 AM,-1.99
10103,4/9/2022 6:39:28 AM,-1.99
10103,4/9/2022 6:39:32 AM,-1.55
10103,4/9/2022 6:39:36 AM,-1.99
10103,4/9/2022 6:39:40 AM,-1.53
10103,4/9/2022 6:39:44 AM,-1.99
10103,4/9/2022 6:39:48 AM,-1.99
10103,4/9/2022 6:39:52 AM,-1.75
10103,4/9/2022 6:39:56 AM,-2.23
10103,4/9/2022 6:40:00 AM,-1.99
10103,4/9/2022 6:40:04 AM,-1.77
10103,4/9/2022 6:40:08 AM,-1.76
10103,4/9/2022 6:40:12 AM,-0.64
10103,4/9/2022 6:40:16 AM,-1.53
10103,4/9/2022 6:40:20 AM,-1.10
10103,4/9/2022 6:40:24 AM,-1.30
10103,4/9/2022 6:40:28 AM,-2.21
10103,4/9/2022 6:40:32 AM,-2.68
10103,4/9/2022 6:40:36 AM,-2.00
10103,4/9/2022 6:40:40 AM,-1.06
10103,4/9/2022 6:40:44 AM,-1.99
10103,4/9/2022 6:40:48 AM,-1.31
10103,4/9/2022 6:40:52 AM,-1.99
10103,4/9/2022 6:40:56 AM,-1.99
10103,4/9/2022 6:41:00 AM,-1.99
10103,4/9/2022 6:41:04 AM,-1.53
10103,4/9/2022 6:41:08 AM,-1.60
10103,4/9/2022 6:41:12 AM,-1.31
10103,4/9/2022 6:41:16 AM,-1.53
10103,4/9/2022 6:41:20 AM,-2.44
10103,4/9/2022 6:41:24 AM,-2.00
10103,4/9/2022 6:41:28 AM,-1.53
10103,4/9/2022 6:41:32 AM,-1.55
10103,4/9/2022 6:41:36 AM,-1.99
10103,4/9/2022 6:41:40 AM,-2.21
10103,4/9/2022 6:41:44 AM,-2.23
10103,4/9/2022 6:41:48 AM,-1.31
10103,4/9/2022 6:41:52 AM,-1.53
10103,4/9/2022 6:41:56 AM,-1.55
10103,4/9/2022 6:42:00 AM,-1.99
10103,4/9/2022 6:42:04 AM,-2.46
10103,4/9/2022 6:42:08 AM,-1.54
10103,4/9/2022 6:42:12 AM,-1.31
10103,4/9/2022 6:42:16 AM,-1.99
10103,4/9/2022 6:42:20 AM,-1.99
10103,4/9/2022 6:42:24 AM,-2.67
10103,4/9/2022 6:42:28 AM,-0.84
10103,4/9/2022 6:42:32 AM,-1.76
10103,4/9/2022 6:42:36 AM,-1.31
10103,4/9/2022 6:42:40 AM,-2.24
10103,4/9/2022 6:42:44 AM,-1.31
10103,4/9/2022 6:42:48 AM,-2.67
10103,4/9/2022 6:42:52 AM,-1.31
10103,4/9/2022 6:42:56 AM,-2.20
10103,4/9/2022 6:43:00 AM,-1.32
10103,4/9/2022 6:43:04 AM,-2.21
10103,4/9/2022 6:43:08 AM,-2.23
10103,4/9/2022 6:43:12 AM,-1.32
10103,4/9/2022 6:43:16 AM,-1.53
10103,4/9/2022 6:43:20 AM,-1.99
10103,4/9/2022 6:43:24 AM,-1.99
10103,4/9/2022 6:43:28 AM,-2.46
10103,4/9/2022 6:43:32 AM,-1.99
10103,4/9/2022 6:43:36 AM,-1.99
10103,4/9/2022 6:43:40 AM,-1.53
10103,4/9/2022 6:43:44 AM,-1.99
10103,4/9/2022 6:43:48 AM,-1.32
10103,4/9/2022 6:43:52 AM,-2.21
10103,4/9/2022 6:43:56 AM,-2.23
10103,4/9/2022 6:44:00 AM,-1.99
10103,4/9/2022 6:44:04 AM,-2.24
10103,4/9/2022 6:44:08 AM,-2.65
10103,4/9/2022 6:44:12 AM,-1.35
10103,4/9/2022 6:44:16 AM,-1.99
10103,4/9/2022 6:44:20 AM,-1.55
10103,4/9/2022 6:44:24 AM,-1.31
10103,4/9/2022 6:44:28 AM,-1.53
10103,4/9/2022 6:44:32 AM,-1.54
10103,4/9/2022 6:44:36 AM,-1.99
10103,4/9/2022 6:44:40 AM,-1.78
10103,4/9/2022 6:44:44 AM,-2.20
10103,4/9/2022 6:44:48 AM,-1.32
10103,4/9/2022 6:44:52 AM,-2.20
10103,4/9/2022 6:44:56 AM,-2.68
10103,4/9/2022 6:45:00 AM,-2.00
10103,4/9/2022 6:45:04 AM,-1.99
10103,4/9/2022 6:45:08 AM,-1.99
10103,4/9/2022 6:45:12 AM,-2.57
10103,4/9/2022 6:45:16 AM,-1.99
10103,4/9/2022 6:45:20 AM,-1.99
10103,4/9/2022 6:45:24 AM,-2.67
10103,4/9/2022 6:45:28 AM,-1.53
10103,4/9/2022 6:45:32 AM,-1.99
10103,4/9/2022 6:45:36 AM,-1.32
10103,4/9/2022 6:45:40 AM,-2.46
10103,4/9/2022 6:45:44 AM,-1.99
10103,4/9/2022 6:45:48 AM,-1.32
10103,4/9/2022 6:45:52 AM,-2.68
10103,4/9/2022 6:45:56 AM,-1.79
10103,4/9/2022 6:46:00 AM,-1.99
10103,4/9/2022 6:46:04 AM,-1.75
10103,4/9/2022 6:46:08 AM,-2.23
10103,4/9/2022 6:46:12 AM,-1.32
10103,4/9/2022 6:46:16 AM,-1.53
10103,4/9/2022 6:46:20 AM,-1.99
10103,4/9/2022 6:46:24 AM,-1.99
10103,4/9/2022 6:46:28 AM,-1.78
10103,4/9/2022 6:46:32 AM,-2.20
10103,4/9/2022 6:46:36 AM,-2.00
10103,4/9/2022 6:46:40 AM,-1.99
10103,4/9/2022 6:46:44 AM,-1.99
10103,4/9/2022 6:46:48 AM,-1.99
10103,4/9/2022 6:46:52 AM,-1.77
10103,4/9/2022 6:46:56 AM,-1.76
10103,4/9/2022 6:47:00 AM,-1.99
10103,4/9/2022 6:47:04 AM,-1.99
10103,4/9/2022 6:47:08 AM,-2.44
10103,4/9/2022 6:47:12 AM,-2.68
10103,4/9/2022 6:47:16 AM,-1.99
10103,4/9/2022 6:47:20 AM,-2.43
10103,4/9/2022 6:47:24 AM,-2.00
10103,4/9/2022 6:47:28 AM,-2.21
10103,4/9/2022 6:47:32 AM,-1.78
10103,4/9/2022 6:47:36 AM,-2.67
10103,4/9/2022 6:47:40 AM,-2.46
10103,4/9/2022 6:47:44 AM,-2.89
10103,4/9/2022 6:47:48 AM,-1.32
10103,4/9/2022 6:47:52 AM,-1.77
10103,4/9/2022 6:47:56 AM,-1.75
10103,4/9/2022 6:48:00 AM,-1.99
10103,4/9/2022 6:48:04 AM,-1.77
10103,4/9/2022 6:48:08 AM,-1.76
10103,4/9/2022 6:48:12 AM,-1.99
10103,4/9/2022 6:48:16 AM,-1.53
10103,4/9/2022 6:48:20 AM,-2.44
10103,4/9/2022 6:48:24 AM,-2.68
10103,4/9/2022 6:48:28 AM,-1.53
10103,4/9/2022 6:48:32 AM,-2.44
10103,4/9/2022 6:48:36 AM,-2.00
10103,4/9/2022 6:48:40 AM,-1.53
10103,4/9/2022 6:48:44 AM,-1.54
10103,4/9/2022 6:48:48 AM,-2.67
10103,4/9/2022 6:48:52 AM,-1.31
10103,4/9/2022 6:48:56 AM,-1.31
10103,4/9/2022 6:49:00 AM,-1.99
10103,4/9/2022 6:49:04 AM,-1.99
10103,4/9/2022 6:49:08 AM,-1.99
10103,4/9/2022 6:49:12 AM,-2.67
10103,4/9/2022 6:49:16 AM,-1.53
10103,4/9/2022 6:49:20 AM,-1.99
10103,4/9/2022 6:49:24 AM,-1.31
10103,4/9/2022 6:49:28 AM,-1.99
10103,4/9/2022 6:49:32 AM,-1.54
10103,4/9/2022 6:49:36 AM,-1.99
10103,4/9/2022 6:49:40 AM,-1.31
10103,4/9/2022 6:49:44 AM,-1.31
10103,4/9/2022 6:49:48 AM,-1.99
10103,4/9/2022 6:49:52 AM,-1.99
10103,4/9/2022 6:49:56 AM,-2.44
10103,4/9/2022 6:50:00 AM,-1.32
10103,4/9/2022 6:50:04 AM,-1.31
10103,4/9/2022 6:50:08 AM,-1.76
10103,4/9/2022 6:50:12 AM,-1.99
10103,4/9/2022 6:50:16 AM,-1.99
10103,4/9/2022 6:50:20 AM,-1.99
10103,4/9/2022 6:50:24 AM,-0.63
10103,4/9/2022 6:50:28 AM,-1.99
10103,4/9/2022 6:50:32 AM,-1.99
10103,4/9/2022 6:50:36 AM,-1.31
10103,4/9/2022 6:50:40 AM,-1.99
10103,4/9/2022 6:50:44 AM,-1.99
10103,4/9/2022 6:50:48 AM,-1.31
10103,4/9/2022 6:50:52 AM,-1.99
10103,4/9/2022 6:50:56 AM,-1.55
10103,4/9/2022 6:51:00 AM,-2.67
10103,4/9/2022 6:51:04 AM,-2.92
10103,4/9/2022 6:51:08 AM,-1.99
10103,4/9/2022 6:51:12 AM,-1.32
10103,4/9/2022 6:51:16 AM,-1.48
10103,4/9/2022 6:51:20 AM,-1.99
10103,4/9/2022 6:51:24 AM,-1.99
10103,4/9/2022 6:51:28 AM,-1.78
10103,4/9/2022 6:51:32 AM,-1.76
10103,4/9/2022 6:51:36 AM,-2.67
10103,4/9/2022 6:51:40 AM,-1.99
10103,4/9/2022 6:51:44 AM,-1.99
10103,4/9/2022 6:51:48 AM,-1.99
10103,4/9/2022 6:51:52 AM,-2.68
10103,4/9/2022 6:51:56 AM,-3.13
10103,4/9/2022 6:52:00 AM,-2.68
10103,4/9/2022 6:52:04 AM,-1.77
10103,4/9/2022 6:52:08 AM,-1.76
10103,4/9/2022 6:52:12 AM,-1.99
10103,4/9/2022 6:52:16 AM,-1.77
10103,4/9/2022 6:52:20 AM,-1.76
10103,4/9/2022 6:52:24 AM,-1.99
10103,4/9/2022 6:52:28 AM,-1.99
10103,4/9/2022 6:52:32 AM,-2.44
10103,4/9/2022 6:52:36 AM,-2.68
10103,4/9/2022 6:52:40 AM,-1.99
10103,4/9/2022 6:52:44 AM,-1.10
10103,4/9/2022 6:52:48 AM,-1.98
10103,4/9/2022 6:52:52 AM,-1.31
10103,4/9/2022 6:52:56 AM,-0.86
10103,4/9/2022 6:53:00 AM,-2.66
10103,4/9/2022 6:53:04 AM,-2.22
10103,4/9/2022 6:53:08 AM,-2.23
10103,4/9/2022 6:53:12 AM,-1.32
10103,4/9/2022 6:53:16 AM,-2.23
10103,4/9/2022 6:53:20 AM,-1.76
10103,4/9/2022 6:53:24 AM,-1.99
10103,4/9/2022 6:53:28 AM,-1.99
10103,4/9/2022 6:53:32 AM,-1.99
10103,4/9/2022 6:53:36 AM,-1.31
10103,4/9/2022 6:53:40 AM,-1.53
10103,4/9/2022 6:53:44 AM,-2.44
10103,4/9/2022 6:53:48 AM,-0.64
10103,4/9/2022 6:53:52 AM,-1.53
10103,4/9/2022 6:53:56 AM,-1.99
10103,4/9/2022 6:54:00 AM,-1.99
10103,4/9/2022 6:54:04 AM,-1.99
10103,4/9/2022 6:54:08 AM,-1.99
10103,4/9/2022 6:54:12 AM,-1.99
10103,4/9/2022 6:54:16 AM,-1.77
10103,4/9/2022 6:54:20 AM,-1.76
10103,4/9/2022 6:54:24 AM,-1.99
10103,4/9/2022 6:54:28 AM,-1.53
10103,4/9/2022 6:54:32 AM,-1.54
10103,4/9/2022 6:54:36 AM,-1.99
10103,4/9/2022 6:54:40 AM,-1.99
10103,4/9/2022 6:54:44 AM,-1.55
10103,4/9/2022 6:54:48 AM,-1.31
10103,4/9/2022 6:54:52 AM,-1.31
10103,4/9/2022 6:54:56 AM,-2.20
10103,4/9/2022 6:55:00 AM,-2.00
10103,4/9/2022 6:55:04 AM,-2.44
10103,4/9/2022 6:55:08 AM,-2.91
10103,4/9/2022 6:55:12 AM,-2.00
10103,4/9/2022 6:55:16 AM,-1.50
10103,4/9/2022 6:55:20 AM,-1.99
10103,4/9/2022 6:55:24 AM,-3.35
10103,4/9/2022 6:55:28 AM,-2.24
10103,4/9/2022 6:55:32 AM,-1.76
10103,4/9/2022 6:55:36 AM,-1.99
10103,4/9/2022 6:55:40 AM,-1.77
10103,4/9/2022 6:55:44 AM,-2.21
10103,4/9/2022 6:55:48 AM,-1.32
10103,4/9/2022 6:55:52 AM,-2.24
10103,4/9/2022 6:55:56 AM,-2.65
10103,4/9/2022 6:56:00 AM,-1.33
10103,4/9/2022 6:56:04 AM,-1.99
10103,4/9/2022 6:56:08 AM,-1.99
10103,4/9/2022 6:56:12 AM,-1.32
10103,4/9/2022 6:56:16 AM,-1.77
10103,4/9/2022 6:56:20 AM,-1.76
10103,4/9/2022 6:56:24 AM,-1.32
10103,4/9/2022 6:56:28 AM,-1.99
10103,4/9/2022 6:56:32 AM,-1.54
10103,4/9/2022 6:56:36 AM,-1.99
10103,4/9/2022 6:56:40 AM,-1.53
10103,4/9/2022 6:56:44 AM,-1.55
10103,4/9/2022 6:56:48 AM,-1.31
10103,4/9/2022 6:56:52 AM,-1.99
10103,4/9/2022 6:56:56 AM,-1.99
10103,4/9/2022 6:57:00 AM,-0.74
10103,4/9/2022 6:57:04 AM,-1.99
10103,4/9/2022 6:57:08 AM,-1.99
10103,4/9/2022 6:57:12 AM,-1.99
10103,4/9/2022 6:57:16 AM,-1.99
10103,4/9/2022 6:57:20 AM,-1.54
10103,4/9/2022 6:57:24 AM,-1.99
10103,4/9/2022 6:57:28 AM,-1.53
10103,4/9/2022 6:57:32 AM,-1.99
10103,4/9/2022 6:57:36 AM,-1.99
10103,4/9/2022 6:57:40 AM,-1.53
10103,4/9/2022 6:57:44 AM,-1.54
10103,4/9/2022 6:57:48 AM,-1.99
10103,4/9/2022 6:57:52 AM,-1.77
10103,4/9/2022 6:57:56 AM,-2.20
10103,4/9/2022 6:58:00 AM,-2.00
10103,4/9/2022 6:58:04 AM,-1.77
10103,4/9/2022 6:58:08 AM,-0.86
10103,4/9/2022 6:58:12 AM,-1.97
10103,4/9/2022 6:58:16 AM,-1.75
10103,4/9/2022 6:58:20 AM,-1.78
10103,4/9/2022 6:58:24 AM,-1.99
10103,4/9/2022 6:58:28 AM,-1.99
10103,4/9/2022 6:58:32 AM,-1.99
10103,4/9/2022 6:58:36 AM,-1.99
10103,4/9/2022 6:58:40 AM,-1.99
10103,4/9/2022 6:58:44 AM,-1.55
10103,4/9/2022 6:58:48 AM,-1.99
10103,4/9/2022 6:58:52 AM,-2.21
10103,4/9/2022 6:58:56 AM,-2.23
10103,4/9/2022 6:59:00 AM,-1.99
10103,4/9/2022 6:59:04 AM,-3.14
10103,4/9/2022 6:59:08 AM,-2.68
10103,4/9/2022 6:59:12 AM,-2.00
10103,4/9/2022 6:59:16 AM,-1.80
10103,4/9/2022 6:59:20 AM,-1.31
10103,4/9/2022 6:59:24 AM,-1.99
10103,4/9/2022 6:59:28 AM,-1.53
10103,4/9/2022 6:59:32 AM,-1.99
10103,4/9/2022 6:59:36 AM,-1.32
10103,4/9/2022 6:59:40 AM,-1.53
10103,4/9/2022 6:59:44 AM,-2.44
10103,4/9/2022 6:59:48 AM,-1.33
10103,4/9/2022 6:59:52 AM,-1.53
10103,4/9/2022 6:59:56 AM,-1.55
10103,4/9/2022 7:00:00 AM,-1.99
10103,4/9/2022 7:00:04 AM,-1.99
10103,4/9/2022 7:00:08 AM,-1.99
10103,4/9/2022 7:00:12 AM,-1.32
10103,4/9/2022 7:00:16 AM,-1.99
10103,4/9/2022 7:00:20 AM,-1.55
10103,4/9/2022 7:00:24 AM,-1.99
10103,4/9/2022 7:00:28 AM,-1.53
10103,4/9/2022 7:00:32 AM,-2.44
10103,4/9/2022 7:00:36 AM,-1.32
10103,4/9/2022 7:00:40 AM,-1.53
10103,4/9/2022 7:00:44 AM,-1.55
10103,4/9/2022 7:00:48 AM,-1.99
10103,4/9/2022 7:00:52 AM,-2.46
10103,4/9/2022 7:00:56 AM,-1.99
10103,4/9/2022 7:01:00 AM,-2.68
10103,4/9/2022 7:01:04 AM,-1.99
10103,4/9/2022 7:01:08 AM,-1.99
10103,4/9/2022 7:01:12 AM,-1.99
10103,4/9/2022 7:01:16 AM,-1.99
10103,4/9/2022 7:01:20 AM,-1.54
10103,4/9/2022 7:01:24 AM,-1.99
10103,4/9/2022 7:01:28 AM,-1.77
10103,4/9/2022 7:01:32 AM,-2.21
10103,4/9/2022 7:01:36 AM,-2.68
10103,4/9/2022 7:01:40 AM,-1.99
10103,4/9/2022 7:01:44 AM,-1.99
10103,4/9/2022 7:01:48 AM,-1.31
10103,4/9/2022 7:01:52 AM,-1.77
10103,4/9/2022 7:01:56 AM,-1.31
10103,4/9/2022 7:02:00 AM,-1.99
10103,4/9/2022 7:02:04 AM,-1.99
10103,4/9/2022 7:02:08 AM,-2.45
10103,4/9/2022 7:02:12 AM,-2.00
10103,4/9/2022 7:02:16 AM,-1.77
10103,4/9/2022 7:02:20 AM,-1.31
10103,4/9/2022 7:02:24 AM,-1.31
10103,4/9/2022 7:02:28 AM,-1.77
10103,4/9/2022 7:02:32 AM,-1.76
10103,4/9/2022 7:02:36 AM,-2.67
10103,4/9/2022 7:02:40 AM,-1.99
10103,4/9/2022 7:02:44 AM,-1.99
10103,4/9/2022 7:02:48 AM,-1.32
10103,4/9/2022 7:02:52 AM,-2.46
10103,4/9/2022 7:02:56 AM,-1.55
10103,4/9/2022 7:03:00 AM,-1.99
10103,4/9/2022 7:03:04 AM,-2.22
10103,4/9/2022 7:03:08 AM,-1.78
10103,4/9/2022 7:03:12 AM,-1.31
10103,4/9/2022 7:03:16 AM,-1.31
10103,4/9/2022 7:03:20 AM,-1.76
10103,4/9/2022 7:03:24 AM,-1.99
10103,4/9/2022 7:03:28 AM,-1.53
10103,4/9/2022 7:03:32 AM,-2.44
10103,4/9/2022 7:03:36 AM,-2.68
10103,4/9/2022 7:03:40 AM,-1.77
10103,4/9/2022 7:03:44 AM,-1.76
10103,4/9/2022 7:03:48 AM,-1.99
10103,4/9/2022 7:03:52 AM,-1.53
10103,4/9/2022 7:03:56 AM,-1.99
10103,4/9/2022 7:04:00 AM,-1.99
10103,4/9/2022 7:04:04 AM,-1.77
10103,4/9/2022 7:04:08 AM,-1.76
10103,4/9/2022 7:04:12 AM,-1.99
10103,4/9/2022 7:04:16 AM,-1.53
10103,4/9/2022 7:04:20 AM,-1.99
10103,4/9/2022 7:04:24 AM,-1.99
10103,4/9/2022 7:04:28 AM,-1.99
10103,4/9/2022 7:04:32 AM,-1.54
10103,4/9/2022 7:04:36 AM,-0.63
10103,4/9/2022 7:04:40 AM,-1.78
10103,4/9/2022 7:04:44 AM,-2.20
10103,4/9/2022 7:04:48 AM,-2.00
10103,4/9/2022 7:04:52 AM,-1.99
10103,4/9/2022 7:04:56 AM,-1.55
10103,4/9/2022 7:05:00 AM,-1.31
10103,4/9/2022 7:05:04 AM,-1.75
10103,4/9/2022 7:05:08 AM,-1.78
10103,4/9/2022 7:05:12 AM,-1.99
10103,4/9/2022 7:05:16 AM,-1.99
10103,4/9/2022 7:05:20 AM,-1.59
10103,4/9/2022 7:05:24 AM,-1.99
10103,4/9/2022 7:05:28 AM,-1.99
10103,4/9/2022 7:05:32 AM,-1.54
10103,4/9/2022 7:05:36 AM,-1.99
10103,4/9/2022 7:05:40 AM,-2.22
10103,4/9/2022 7:05:44 AM,-1.78
10103,4/9/2022 7:05:48 AM,-1.99
10103,4/9/2022 7:05:52 AM,-1.99
10103,4/9/2022 7:05:56 AM,-1.55
10103,4/9/2022 7:06:00 AM,-1.99
10103,4/9/2022 7:06:04 AM,-1.99
10103,4/9/2022 7:06:08 AM,-1.54
10103,4/9/2022 7:06:12 AM,-1.99
10103,4/9/2022 7:06:16 AM,-1.77
10103,4/9/2022 7:06:20 AM,-1.31
10103,4/9/2022 7:06:24 AM,-1.31
10103,4/9/2022 7:06:28 AM,-1.99
10103,4/9/2022 7:06:32 AM,-1.99
10103,4/9/2022 7:06:36 AM,-2.67
10103,4/9/2022 7:06:40 AM,-1.99
10103,4/9/2022 7:06:44 AM,-1.99
10103,4/9/2022 7:06:48 AM,-1.31
10103,4/9/2022 7:06:52 AM,-1.99
10103,4/9/2022 7:06:56 AM,-1.55
10103,4/9/2022 7:07:00 AM,-1.99
10103,4/9/2022 7:07:04 AM,-1.77
10103,4/9/2022 7:07:08 AM,-1.76
10103,4/9/2022 7:07:12 AM,-1.99
10103,4/9/2022 7:07:16 AM,-2.22
10103,4/9/2022 7:07:20 AM,-2.23
10103,4/9/2022 7:07:24 AM,-2.67
10103,4/9/2022 7:07:28 AM,-2.21
10103,4/9/2022 7:07:32 AM,-2.23
10103,4/9/2022 7:07:36 AM,-0.64
10103,4/9/2022 7:07:40 AM,-2.46
10103,4/9/2022 7:07:44 AM,-1.99
10103,4/9/2022 7:07:48 AM,-1.31
10103,4/9/2022 7:07:52 AM,-2.24
10103,4/9/2022 7:07:56 AM,-1.76
10103,4/9/2022 7:08:00 AM,-1.99
10103,4/9/2022 7:08:04 AM,-1.29
10103,4/9/2022 7:08:08 AM,-1.33
10103,4/9/2022 7:08:12 AM,-1.30
10103,4/9/2022 7:08:16 AM,-1.77
10103,4/9/2022 7:08:20 AM,-1.31
10103,4/9/2022 7:08:24 AM,-1.98
10103,4/9/2022 7:08:28 AM,-2.68
10103,4/9/2022 7:08:32 AM,-2.23
10103,4/9/2022 7:08:36 AM,-2.67
10103,4/9/2022 7:08:40 AM,-1.77
10103,4/9/2022 7:08:44 AM,-1.76
10103,4/9/2022 7:08:48 AM,-2.67
10103,4/9/2022 7:08:52 AM,-1.31
10103,4/9/2022 7:08:56 AM,-1.76
10103,4/9/2022 7:09:00 AM,-1.32
10103,4/9/2022 7:09:04 AM,-2.46
10103,4/9/2022 7:09:08 AM,-2.44
10103,4/9/2022 7:09:12 AM,-2.00
10103,4/9/2022 7:09:16 AM,-1.53
10103,4/9/2022 7:09:20 AM,-1.99
10103,4/9/2022 7:09:24 AM,-2.67
10103,4/9/2022 7:09:28 AM,-2.46
10103,4/9/2022 7:09:32 AM,-1.55
10103,4/9/2022 7:09:36 AM,-1.98
10103,4/9/2022 7:09:40 AM,-2.15
10103,4/9/2022 7:09:44 AM,-1.35
10103,4/9/2022 7:09:48 AM,-1.98
10103,4/9/2022 7:09:52 AM,-1.77
10103,4/9/2022 7:09:56 AM,-1.31
10103,4/9/2022 7:10:00 AM,-1.99
10103,4/9/2022 7:10:04 AM,-1.99
10103,4/9/2022 7:10:08 AM,-1.54
10103,4/9/2022 7:10:12 AM,-1.98
10103,4/9/2022 7:10:16 AM,-2.46
10103,4/9/2022 7:10:20 AM,-1.99
10103,4/9/2022 7:10:24 AM,-1.99
10103,4/9/2022 7:10:28 AM,-1.78
10103,4/9/2022 7:10:32 AM,-1.31
10103,4/9/2022 7:10:36 AM,-2.67
10103,4/9/2022 7:10:40 AM,-1.99
10103,4/9/2022 7:10:44 AM,-1.99
10103,4/9/2022 7:10:48 AM,-1.32
10103,4/9/2022 7:10:52 AM,-1.75
10103,4/9/2022 7:10:56 AM,-2.23
10103,4/9/2022 7:11:00 AM,-1.32
10103,4/9/2022 7:11:04 AM,-1.99
10103,4/9/2022 7:11:08 AM,-1.99
10103,4/9/2022 7:11:12 AM,-1.99
10103,4/9/2022 7:11:16 AM,-1.99
10103,4/9/2022 7:11:20 AM,-2.44
10103,4/9/2022 7:11:24 AM,-2.00
10103,4/9/2022 7:11:28 AM,-1.53
10103,4/9/2022 7:11:32 AM,-1.55
10103,4/9/2022 7:11:36 AM,-1.31
10103,4/9/2022 7:11:40 AM,-1.83
10103,4/9/2022 7:11:44 AM,-1.31
10103,4/9/2022 7:11:48 AM,-1.99
10103,4/9/2022 7:11:52 AM,-1.53
10103,4/9/2022 7:11:56 AM,-1.55
10103,4/9/2022 7:12:00 AM,-1.31
10103,4/9/2022 7:12:04 AM,-2.46
10103,4/9/2022 7:12:08 AM,-1.99
10103,4/9/2022 7:12:12 AM,-1.32
10103,4/9/2022 7:12:16 AM,-1.53
10103,4/9/2022 7:12:20 AM,-1.99
10103,4/9/2022 7:12:24 AM,-1.32
10103,4/9/2022 7:12:28 AM,-1.78
10103,4/9/2022 7:12:32 AM,-1.31
10103,4/9/2022 7:12:36 AM,-0.63
10103,4/9/2022 7:12:40 AM,-1.31
10103,4/9/2022 7:12:44 AM,-1.31
10103,4/9/2022 7:12:48 AM,-0.63
10103,4/9/2022 7:12:52 AM,-1.06
10103,4/9/2022 7:12:56 AM,-1.55
10103,4/9/2022 7:13:00 AM,-1.31
10103,4/9/2022 7:13:04 AM,-1.31
10103,4/9/2022 7:13:08 AM,-1.31
10103,4/9/2022 7:13:12 AM,-1.31
10103,4/9/2022 7:13:16 AM,-1.31
10103,4/9/2022 7:13:20 AM,-1.31
10103,4/9/2022 7:13:24 AM,-1.31
10103,4/9/2022 7:13:28 AM,-1.31
10103,4/9/2022 7:13:32 AM,-1.76
10103,4/9/2022 7:13:36 AM,-0.63
10103,4/9/2022 7:13:40 AM,-1.77
10103,4/9/2022 7:13:44 AM,-1.31
10103,4/9/2022 7:13:48 AM,-1.31
10103,4/9/2022 7:13:52 AM,-1.31
10103,4/9/2022 7:13:56 AM,-1.76
10103,4/9/2022 7:14:00 AM,-2.68
10103,4/9/2022 7:14:04 AM,-1.31
10103,4/9/2022 7:14:08 AM,-1.31
10103,4/9/2022 7:14:12 AM,-1.99
10103,4/9/2022 7:14:16 AM,-0.86
10103,4/9/2022 7:14:20 AM,-0.84
10103,4/9/2022 7:14:24 AM,-1.31
10103,4/9/2022 7:14:28 AM,-1.31
10103,4/9/2022 7:14:32 AM,-0.86
10103,4/9/2022 7:14:36 AM,-2.67
10103,4/9/2022 7:14:40 AM,-1.53
10103,4/9/2022 7:14:44 AM,-1.54
10103,4/9/2022 7:14:48 AM,-0.63
10103,4/9/2022 7:14:52 AM,-1.77
10103,4/9/2022 7:14:56 AM,-1.31
10103,4/9/2022 7:15:00 AM,-0.63
10103,4/9/2022 7:15:04 AM,-1.31
10103,4/9/2022 7:15:08 AM,-1.31
10103,4/9/2022 7:15:12 AM,-0.63
10103,4/9/2022 7:15:16 AM,-1.31
10103,4/9/2022 7:15:20 AM,-1.76
10103,4/9/2022 7:15:24 AM,-1.99
10103,4/9/2022 7:15:28 AM,-1.31
10103,4/9/2022 7:15:32 AM,-1.76
10103,4/9/2022 7:15:36 AM,-1.99
10103,4/9/2022 7:15:40 AM,-2.52
10103,4/9/2022 7:15:44 AM,-1.99
10103,4/9/2022 7:15:48 AM,-1.31
10103,4/9/2022 7:15:52 AM,-1.99
10103,4/9/2022 7:15:56 AM,-2.44
10103,4/9/2022 7:16:00 AM,-1.32
10103,4/9/2022 7:16:04 AM,-1.53
10103,4/9/2022 7:16:08 AM,-1.99
10103,4/9/2022 7:16:12 AM,-1.99
10103,4/9/2022 7:16:16 AM,-1.31
10103,4/9/2022 7:16:20 AM,-1.76
10103,4/9/2022 7:16:24 AM,-1.31
10103,4/9/2022 7:16:28 AM,-1.31
10103,4/9/2022 7:16:32 AM,-2.20
10103,4/9/2022 7:16:36 AM,-2.68
10103,4/9/2022 7:16:40 AM,-1.99
10103,4/9/2022 7:16:44 AM,-1.55
10103,4/9/2022 7:16:48 AM,-1.99
10103,4/9/2022 7:16:52 AM,-1.77
10103,4/9/2022 7:16:56 AM,-1.76
10103,4/9/2022 7:17:00 AM,-1.99
10103,4/9/2022 7:17:04 AM,-1.99
10103,4/9/2022 7:17:08 AM,-1.99
10103,4/9/2022 7:17:12 AM,-1.32
10103,4/9/2022 7:17:16 AM,-2.46
10103,4/9/2022 7:17:20 AM,-2.44
10103,4/9/2022 7:17:24 AM,-1.32
10103,4/9/2022 7:17:28 AM,-1.75
10103,4/9/2022 7:17:32 AM,-1.79
10103,4/9/2022 7:17:36 AM,-1.99
10103,4/9/2022 7:17:40 AM,-1.99
10103,4/9/2022 7:17:44 AM,-1.99
10103,4/9/2022 7:17:48 AM,-1.99
10103,4/9/2022 7:17:52 AM,-1.99
10103,4/9/2022 7:17:56 AM,-1.99
10103,4/9/2022 7:18:00 AM,-1.99
10103,4/9/2022 7:18:04 AM,-2.22
10103,4/9/2022 7:18:08 AM,-2.23
10103,4/9/2022 7:18:12 AM,-2.67
10103,4/9/2022 7:18:16 AM,-1.75
10103,4/9/2022 7:18:20 AM,-2.23
10103,4/9/2022 7:18:24 AM,-1.99
10103,4/9/2022 7:18:28 AM,-1.99
10103,4/9/2022 7:18:32 AM,-1.99
10103,4/9/2022 7:18:36 AM,-1.99
10103,4/9/2022 7:18:40 AM,-2.21
10103,4/9/2022 7:18:44 AM,-1.78
10103,4/9/2022 7:18:48 AM,-1.99
10103,4/9/2022 7:18:52 AM,-1.99
10103,4/9/2022 7:18:56 AM,-1.55
10103,4/9/2022 7:19:00 AM,-1.99
10103,4/9/2022 7:19:04 AM,-1.31
10103,4/9/2022 7:19:08 AM,-1.31
10103,4/9/2022 7:19:12 AM,-1.99
10103,4/9/2022 7:19:16 AM,-2.22
10103,4/9/2022 7:19:20 AM,-2.23
10103,4/9/2022 7:19:24 AM,-1.31
10103,4/9/2022 7:19:28 AM,-2.43
10103,4/9/2022 7:19:32 AM,-2.46
10103,4/9/2022 7:19:36 AM,-1.31
10103,4/9/2022 7:19:40 AM,-1.99
10103,4/9/2022 7:19:44 AM,-1.99
10103,4/9/2022 7:19:48 AM,-1.99
10103,4/9/2022 7:19:52 AM,-1.99
10103,4/9/2022 7:19:56 AM,-1.99
10103,4/9/2022 7:20:00 AM,-1.99
10103,4/9/2022 7:20:04 AM,-1.77
10103,4/9/2022 7:20:08 AM,-1.76
10103,4/9/2022 7:20:12 AM,-1.99
10103,4/9/2022 7:20:16 AM,-2.22
10103,4/9/2022 7:20:20 AM,-1.78
10103,4/9/2022 7:20:24 AM,-2.67
10103,4/9/2022 7:20:28 AM,-2.24
10103,4/9/2022 7:20:32 AM,-1.31
10103,4/9/2022 7:20:36 AM,-1.31
10103,4/9/2022 7:20:40 AM,-1.99
10103,4/9/2022 7:20:44 AM,-2.44
10103,4/9/2022 7:20:48 AM,-2.68
10103,4/9/2022 7:20:52 AM,-1.75
10103,4/9/2022 7:20:56 AM,-2.23
10103,4/9/2022 7:21:00 AM,-1.99
10103,4/9/2022 7:21:04 AM,-2.52
10103,4/9/2022 7:21:08 AM,-1.99
10103,4/9/2022 7:21:12 AM,-2.67
10103,4/9/2022 7:21:16 AM,-1.77
10103,4/9/2022 7:21:20 AM,-1.76
10103,4/9/2022 7:21:24 AM,-1.99
10103,4/9/2022 7:21:28 AM,-1.78
10103,4/9/2022 7:21:32 AM,-2.21
10103,4/9/2022 7:21:36 AM,-2.00
10103,4/9/2022 7:21:40 AM,-1.31
10103,4/9/2022 7:21:44 AM,-1.76
10103,4/9/2022 7:21:48 AM,-1.99
10103,4/9/2022 7:21:52 AM,-1.99
10103,4/9/2022 7:21:56 AM,-1.55
10103,4/9/2022 7:22:00 AM,-2.67
10103,4/9/2022 7:22:04 AM,-2.46
10103,4/9/2022 7:22:08 AM,-2.44
10103,4/9/2022 7:22:12 AM,-2.01
10103,4/9/2022 7:22:16 AM,-2.21
10103,4/9/2022 7:22:20 AM,-2.23
10103,4/9/2022 7:22:24 AM,-1.99
10103,4/9/2022 7:22:28 AM,-2.21
10103,4/9/2022 7:22:32 AM,-2.23
10103,4/9/2022 7:22:36 AM,-1.99
10103,4/9/2022 7:22:40 AM,-1.77
10103,4/9/2022 7:22:44 AM,-1.76
10103,4/9/2022 7:22:48 AM,-1.32
10103,4/9/2022 7:22:52 AM,-1.31
10103,4/9/2022 7:22:56 AM,-2.20
10103,4/9/2022 7:23:00 AM,-1.33
10103,4/9/2022 7:23:04 AM,-1.77
10103,4/9/2022 7:23:08 AM,-1.76
10103,4/9/2022 7:23:12 AM,-2.67
10103,4/9/2022 7:23:16 AM,-1.75
10103,4/9/2022 7:23:20 AM,-2.68
10103,4/9/2022 7:23:24 AM,-2.68
10103,4/9/2022 7:23:28 AM,-1.53
10103,4/9/2022 7:23:32 AM,-2.44
10103,4/9/2022 7:23:36 AM,-2.00
10103,4/9/2022 7:23:40 AM,-1.99
10103,4/9/2022 7:23:44 AM,-1.99
10103,4/9/2022 7:23:48 AM,-1.99
10103,4/9/2022 7:23:52 AM,-1.53
10103,4/9/2022 7:23:56 AM,-1.99
10103,4/9/2022 7:24:00 AM,-1.99
10103,4/9/2022 7:24:04 AM,-1.99
10103,4/9/2022 7:24:08 AM,-1.54
10103,4/9/2022 7:24:12 AM,-2.66
10103,4/9/2022 7:24:16 AM,-2.52
10103,4/9/2022 7:24:20 AM,-1.55
10103,4/9/2022 7:24:24 AM,-1.31
10103,4/9/2022 7:24:28 AM,-1.53
10103,4/9/2022 7:24:32 AM,-1.54
10103,4/9/2022 7:24:36 AM,-0.63
10103,4/9/2022 7:24:40 AM,-1.31
10103,4/9/2022 7:24:44 AM,-1.75
10103,4/9/2022 7:24:48 AM,-1.99
10103,4/9/2022 7:24:52 AM,-1.99
10103,4/9/2022 7:24:56 AM,-1.99
10103,4/9/2022 7:25:00 AM,-1.99
10103,4/9/2022 7:25:04 AM,-2.46
10103,4/9/2022 7:25:08 AM,-1.55
10103,4/9/2022 7:25:12 AM,-1.31
10103,4/9/2022 7:25:16 AM,-1.31
10103,4/9/2022 7:25:20 AM,-1.31
10103,4/9/2022 7:25:24 AM,-1.31
10103,4/9/2022 7:25:28 AM,-1.53
10103,4/9/2022 7:25:32 AM,-1.55
10103,4/9/2022 7:25:36 AM,-1.99
10103,4/9/2022 7:25:40 AM,-1.77
10103,4/9/2022 7:25:44 AM,-1.71
10103,4/9/2022 7:25:48 AM,-1.99
10103,4/9/2022 7:25:52 AM,-1.99
10103,4/9/2022 7:25:56 AM,-2.44
10103,4/9/2022 7:26:00 AM,-2.00
10103,4/9/2022 7:26:04 AM,-1.31
10103,4/9/2022 7:26:08 AM,-1.31
10103,4/9/2022 7:26:12 AM,-1.98
10103,4/9/2022 7:26:16 AM,-2.24
10103,4/9/2022 7:26:20 AM,-1.76
10103,4/9/2022 7:26:24 AM,-1.99
10103,4/9/2022 7:26:28 AM,-1.78
10103,4/9/2022 7:26:32 AM,-1.76
10103,4/9/2022 7:26:36 AM,-1.32
10103,4/9/2022 7:26:40 AM,-1.78
10103,4/9/2022 7:26:44 AM,-1.31
10103,4/9/2022 7:26:48 AM,-1.99
10103,4/9/2022 7:26:52 AM,-2.21
10103,4/9/2022 7:26:56 AM,-1.79
10103,4/9/2022 7:27:00 AM,-2.66
10103,4/9/2022 7:27:04 AM,-1.99
10103,4/9/2022 7:27:08 AM,-1.55
10103,4/9/2022 7:27:12 AM,-1.31
10103,4/9/2022 7:27:16 AM,-1.99
10103,4/9/2022 7:27:20 AM,-1.55
10103,4/9/2022 7:27:24 AM,-1.31
10103,4/9/2022 7:27:28 AM,-2.46
10103,4/9/2022 7:27:32 AM,-1.54
10103,4/9/2022 7:27:36 AM,-1.31
10103,4/9/2022 7:27:40 AM,-1.77
10103,4/9/2022 7:27:44 AM,-1.76
10103,4/9/2022 7:27:48 AM,-1.31
10103,4/9/2022 7:27:52 AM,-2.22
10103,4/9/2022 7:27:56 AM,-2.23
10103,4/9/2022 7:28:00 AM,-1.99
10103,4/9/2022 7:28:04 AM,-1.53
10103,4/9/2022 7:28:08 AM,-1.99
10103,4/9/2022 7:28:12 AM,-1.32
10103,4/9/2022 7:28:16 AM,-1.99
10103,4/9/2022 7:28:20 AM,-2.44
10103,4/9/2022 7:28:24 AM,-1.32
10103,4/9/2022 7:28:28 AM,-1.53
10103,4/9/2022 7:28:32 AM,-2.45
10103,4/9/2022 7:28:36 AM,-2.00
10103,4/9/2022 7:28:40 AM,-1.77
10103,4/9/2022 7:28:44 AM,-1.76
10103,4/9/2022 7:28:48 AM,-1.99
10103,4/9/2022 7:28:52 AM,-1.99
10103,4/9/2022 7:28:56 AM,-1.99
10103,4/9/2022 7:29:00 AM,-1.99
10103,4/9/2022 7:29:04 AM,-1.77
10103,4/9/2022 7:29:08 AM,-1.31
10103,4/9/2022 7:29:12 AM,-1.99
10103,4/9/2022 7:29:16 AM,-1.31
10103,4/9/2022 7:29:20 AM,-1.76
10103,4/9/2022 7:29:24 AM,-1.31
10103,4/9/2022 7:29:28 AM,-1.77
10103,4/9/2022 7:29:32 AM,-1.76
10103,4/9/2022 7:29:36 AM,-1.31
10103,4/9/2022 7:29:40 AM,-1.99
10103,4/9/2022 7:29:44 AM,-2.40
10103,4/9/2022 7:29:48 AM,-2.00
10103,4/9/2022 7:29:52 AM,-1.77
10103,4/9/2022 7:29:56 AM,-1.31
10103,4/9/2022 7:30:00 AM,-1.31
10103,4/9/2022 7:30:04 AM,-1.99
10103,4/9/2022 7:30:08 AM,-1.99
10103,4/9/2022 7:30:12 AM,-0.64
10103,4/9/2022 7:30:16 AM,-1.99
10103,4/9/2022 7:30:20 AM,-1.54
10103,4/9/2022 7:30:24 AM,-1.31
10103,4/9/2022 7:30:28 AM,-1.77
10103,4/9/2022 7:30:32 AM,-1.76
10103,4/9/2022 7:30:36 AM,-2.67
10103,4/9/2022 7:30:40 AM,-2.21
10103,4/9/2022 7:30:44 AM,-2.23
10103,4/9/2022 7:30:48 AM,-1.99
10103,4/9/2022 7:30:52 AM,-1.99
10103,4/9/2022 7:30:56 AM,-1.55
10103,4/9/2022 7:31:00 AM,-1.99
10103,4/9/2022 7:31:04 AM,-2.46
10103,4/9/2022 7:31:08 AM,-2.44
10103,4/9/2022 7:31:12 AM,-1.33
10103,4/9/2022 7:31:16 AM,-1.99
10103,4/9/2022 7:31:20 AM,-1.09
10103,4/9/2022 7:31:24 AM,-1.98
10103,4/9/2022 7:31:28 AM,-1.78
10103,4/9/2022 7:31:32 AM,-1.31
10103,4/9/2022 7:31:36 AM,-2.67
10103,4/9/2022 7:31:40 AM,-1.53
10103,4/9/2022 7:31:44 AM,-1.10
10103,4/9/2022 7:31:48 AM,-1.84
10103,4/9/2022 7:31:52 AM,-2.68
10103,4/9/2022 7:31:56 AM,-1.79
10103,4/9/2022 7:32:00 AM,-1.31
10103,4/9/2022 7:32:04 AM,-1.53
10103,4/9/2022 7:32:08 AM,-2.44
10103,4/9/2022 7:32:12 AM,-2.00
10103,4/9/2022 7:32:16 AM,-1.53
10103,4/9/2022 7:32:20 AM,-1.99
10103,4/9/2022 7:32:24 AM,-2.67
10103,4/9/2022 7:32:28 AM,-1.99
10103,4/9/2022 7:32:32 AM,-1.54
10103,4/9/2022 7:32:36 AM,-1.31
10103,4/9/2022 7:32:40 AM,-1.75
10103,4/9/2022 7:32:44 AM,-2.23
10103,4/9/2022 7:32:48 AM,-0.64
10103,4/9/2022 7:32:52 AM,-1.99
10103,4/9/2022 7:32:56 AM,-1.99
10103,4/9/2022 7:33:00 AM,-1.99
10103,4/9/2022 7:33:04 AM,-1.75
10103,4/9/2022 7:33:08 AM,-2.23
10103,4/9/2022 7:33:12 AM,-1.99
10103,4/9/2022 7:33:16 AM,-2.70
10103,4/9/2022 7:33:20 AM,-1.76
10103,4/9/2022 7:33:24 AM,-1.99
10103,4/9/2022 7:33:28 AM,-1.99
10103,4/9/2022 7:33:32 AM,-1.99
10103,4/9/2022 7:33:36 AM,-1.99
10103,4/9/2022 7:33:40 AM,-1.99
10103,4/9/2022 7:33:44 AM,-1.99
10103,4/9/2022 7:33:48 AM,-1.99
10103,4/9/2022 7:33:52 AM,-2.90
10103,4/9/2022 7:33:56 AM,-2.03
10103,4/9/2022 7:34:00 AM,-1.99
10103,4/9/2022 7:34:04 AM,-1.99
10103,4/9/2022 7:34:08 AM,-1.54
10103,4/9/2022 7:34:12 AM,-2.66
10103,4/9/2022 7:34:16 AM,-1.31
10103,4/9/2022 7:34:20 AM,-1.76
10103,4/9/2022 7:34:24 AM,-1.99
10103,4/9/2022 7:34:28 AM,-2.24
10103,4/9/2022 7:34:32 AM,-1.76
10103,4/9/2022 7:34:36 AM,-2.67
10103,4/9/2022 7:34:40 AM,-1.99
10103,4/9/2022 7:34:44 AM,-1.99
10103,4/9/2022 7:34:48 AM,-1.32
10103,4/9/2022 7:34:52 AM,-2.22
10103,4/9/2022 7:34:56 AM,-1.78
10103,4/9/2022 7:35:00 AM,-1.99
10103,4/9/2022 7:35:04 AM,-2.46
10103,4/9/2022 7:35:08 AM,-1.55
10103,4/9/2022 7:35:12 AM,-2.65
10103,4/9/2022 7:35:16 AM,-2.46
10103,4/9/2022 7:35:20 AM,-1.99
10103,4/9/2022 7:35:24 AM,-1.32
10103,4/9/2022 7:35:28 AM,-1.99
10103,4/9/2022 7:35:32 AM,-1.99
10103,4/9/2022 7:35:36 AM,-2.67
10103,4/9/2022 7:35:40 AM,-1.77
10103,4/9/2022 7:35:44 AM,-2.21
10103,4/9/2022 7:35:48 AM,-2.68
10103,4/9/2022 7:35:52 AM,-2.24
10103,4/9/2022 7:35:56 AM,-1.75
10103,4/9/2022 7:36:00 AM,-1.99
10103,4/9/2022 7:36:04 AM,-1.75
10103,4/9/2022 7:36:08 AM,-2.23
10103,4/9/2022 7:36:12 AM,-1.32
10103,4/9/2022 7:36:16 AM,-1.99
10103,4/9/2022 7:36:20 AM,-1.55
10103,4/9/2022 7:36:24 AM,-3.34
10103,4/9/2022 7:36:28 AM,-1.75
10103,4/9/2022 7:36:32 AM,-2.68
10103,4/9/2022 7:36:36 AM,-1.32
10103,4/9/2022 7:36:40 AM,-1.78
10103,4/9/2022 7:36:44 AM,-1.76
10103,4/9/2022 7:36:48 AM,-1.99
10103,4/9/2022 7:36:52 AM,-1.77
10103,4/9/2022 7:36:56 AM,-1.31
10103,4/9/2022 7:37:00 AM,-1.98
10103,4/9/2022 7:37:04 AM,-1.77
10103,4/9/2022 7:37:08 AM,-1.76
10103,4/9/2022 7:37:12 AM,-1.32
10103,4/9/2022 7:37:16 AM,-1.31
10103,4/9/2022 7:37:20 AM,-1.76
10103,4/9/2022 7:37:24 AM,-1.32
10103,4/9/2022 7:37:28 AM,-1.56
10103,4/9/2022 7:37:32 AM,-1.51
10103,4/9/2022 7:37:36 AM,-0.64
10103,4/9/2022 7:37:40 AM,-1.99
10103,4/9/2022 7:37:44 AM,-1.99
10103,4/9/2022 7:37:48 AM,-1.99
10103,4/9/2022 7:37:52 AM,-0.84
10103,4/9/2022 7:37:56 AM,-1.75
10103,4/9/2022 7:38:00 AM,-1.99
10103,4/9/2022 7:38:04 AM,-1.77
10103,4/9/2022 7:38:08 AM,-1.31
10103,4/9/2022 7:38:12 AM,-1.31
10103,4/9/2022 7:38:16 AM,-1.77
10103,4/9/2022 7:38:20 AM,-1.76
10103,4/9/2022 7:38:24 AM,-1.31
10103,4/9/2022 7:38:28 AM,-1.06
10103,4/9/2022 7:38:32 AM,-1.99
10103,4/9/2022 7:38:36 AM,-1.32
10103,4/9/2022 7:38:40 AM,-1.78
10103,4/9/2022 7:38:44 AM,-1.31
10103,4/9/2022 7:38:48 AM,-1.31
10103,4/9/2022 7:38:52 AM,-1.99
10103,4/9/2022 7:38:56 AM,-1.99
10103,4/9/2022 7:39:00 AM,-2.67
10103,4/9/2022 7:39:04 AM,-1.53
10103,4/9/2022 7:39:08 AM,-1.55
10103,4/9/2022 7:39:12 AM,-1.31
10103,4/9/2022 7:39:16 AM,-1.53
10103,4/9/2022 7:39:20 AM,-1.10
10103,4/9/2022 7:39:24 AM,-2.65
10103,4/9/2022 7:39:28 AM,-1.99
10103,4/9/2022 7:39:32 AM,-1.99
10103,4/9/2022 7:39:36 AM,-1.99
10103,4/9/2022 7:39:40 AM,-1.53
10103,4/9/2022 7:39:44 AM,-1.99
10103,4/9/2022 7:39:48 AM,-1.99
10103,4/9/2022 7:39:52 AM,-2.68
10103,4/9/2022 7:39:56 AM,-1.78
10103,4/9/2022 7:40:00 AM,-1.99
10103,4/9/2022 7:40:04 AM,-1.53
10103,4/9/2022 7:40:08 AM,-1.55
10103,4/9/2022 7:40:12 AM,-1.98
10103,4/9/2022 7:40:16 AM,-1.75
10103,4/9/2022 7:40:20 AM,-2.23
10103,4/9/2022 7:40:24 AM,-1.99
10103,4/9/2022 7:40:28 AM,-1.99
10103,4/9/2022 7:40:32 AM,-2.45
10103,4/9/2022 7:40:36 AM,-2.00
10103,4/9/2022 7:40:40 AM,-1.99
10103,4/9/2022 7:40:44 AM,-2.44
10103,4/9/2022 7:40:48 AM,-2.00
10103,4/9/2022 7:40:52 AM,-1.53
10103,4/9/2022 7:40:56 AM,-1.10
10103,4/9/2022 7:41:00 AM,-1.99
10103,4/9/2022 7:41:04 AM,-1.55
10103,4/9/2022 7:41:08 AM,-0.62
10103,4/9/2022 7:41:12 AM,-1.98
10103,4/9/2022 7:41:16 AM,-0.85
10103,4/9/2022 7:41:20 AM,-1.76
10103,4/9/2022 7:41:24 AM,-1.31
10103,4/9/2022 7:41:28 AM,-1.77
10103,4/9/2022 7:41:32 AM,-1.31
10103,4/9/2022 7:41:36 AM,-1.31
10103,4/9/2022 7:41:40 AM,-1.77
10103,4/9/2022 7:41:44 AM,-1.31
10103,4/9/2022 7:41:48 AM,-1.31
10103,4/9/2022 7:41:52 AM,-0.78
10103,4/9/2022 7:41:56 AM,-2.20
10103,4/9/2022 7:42:00 AM,-2.00
10103,4/9/2022 7:42:04 AM,-1.77
10103,4/9/2022 7:42:08 AM,-1.76
10103,4/9/2022 7:42:12 AM,-1.99
10103,4/9/2022 7:42:16 AM,-1.99
10103,4/9/2022 7:42:20 AM,-1.54
10103,4/9/2022 7:42:24 AM,-1.31
10103,4/9/2022 7:42:28 AM,-1.99
10103,4/9/2022 7:42:32 AM,-1.54
10103,4/9/2022 7:42:36 AM,-1.31
10103,4/9/2022 7:42:40 AM,-1.31
10103,4/9/2022 7:42:44 AM,-1.31
10103,4/9/2022 7:42:48 AM,-1.99
10103,4/9/2022 7:42:52 AM,-1.99
10103,4/9/2022 7:42:56 AM,-2.44
10103,4/9/2022 7:43:00 AM,-1.32
10103,4/9/2022 7:43:04 AM,-1.55
10103,4/9/2022 7:43:08 AM,-1.07
10103,4/9/2022 7:43:12 AM,-1.31
10103,4/9/2022 7:43:16 AM,-1.31
10103,4/9/2022 7:43:20 AM,-1.31
10103,4/9/2022 7:43:24 AM,-1.99
10103,4/9/2022 7:43:28 AM,-1.53
10103,4/9/2022 7:43:32 AM,-1.54
10103,4/9/2022 7:43:36 AM,-1.99
10103,4/9/2022 7:43:40 AM,-1.53
10103,4/9/2022 7:43:44 AM,-1.99
10103,4/9/2022 7:43:48 AM,-1.99
10103,4/9/2022 7:43:52 AM,-1.53
10103,4/9/2022 7:43:56 AM,-1.10
10103,4/9/2022 7:44:00 AM,-1.98
10103,4/9/2022 7:44:04 AM,-2.22
10103,4/9/2022 7:44:08 AM,-2.23
10103,4/9/2022 7:44:12 AM,-2.67
10103,4/9/2022 7:44:16 AM,-2.16
10103,4/9/2022 7:44:20 AM,-2.23
10103,4/9/2022 7:44:24 AM,-1.31
10103,4/9/2022 7:44:28 AM,-1.77
10103,4/9/2022 7:44:32 AM,-2.21
10103,4/9/2022 7:44:36 AM,-0.64
10103,4/9/2022 7:44:40 AM,-1.99
10103,4/9/2022 7:44:44 AM,-1.99
10103,4/9/2022 7:44:48 AM,-1.31
10103,4/9/2022 7:44:52 AM,-1.53
10103,4/9/2022 7:44:56 AM,-1.99
10103,4/9/2022 7:45:00 AM,-1.31
10103,4/9/2022 7:45:04 AM,-1.31
10103,4/9/2022 7:45:08 AM,-1.76
10103,4/9/2022 7:45:12 AM,-1.99
10103,4/9/2022 7:45:16 AM,-0.85
10103,4/9/2022 7:45:20 AM,-1.31
10103,4/9/2022 7:45:24 AM,-1.31
10103,4/9/2022 7:45:28 AM,-1.75
10103,4/9/2022 7:45:32 AM,-2.23
10103,4/9/2022 7:45:36 AM,-1.31
10103,4/9/2022 7:45:40 AM,-1.31
10103,4/9/2022 7:45:44 AM,-0.86
10103,4/9/2022 7:45:48 AM,-1.98
10103,4/9/2022 7:45:52 AM,-1.81
10103,4/9/2022 7:45:56 AM,-1.70
10103,4/9/2022 7:46:00 AM,-2.67
10103,4/9/2022 7:46:04 AM,-2.24
10103,4/9/2022 7:46:08 AM,-2.21
10103,4/9/2022 7:46:12 AM,-2.00
10103,4/9/2022 7:46:16 AM,-1.99
10103,4/9/2022 7:46:20 AM,-1.55
10103,4/9/2022 7:46:24 AM,-1.31
10103,4/9/2022 7:46:28 AM,-1.53
10103,4/9/2022 7:46:32 AM,-1.99
10103,4/9/2022 7:46:36 AM,-1.99
10103,4/9/2022 7:46:40 AM,-1.28
10103,4/9/2022 7:46:44 AM,-2.23
10103,4/9/2022 7:46:48 AM,-1.32
10103,4/9/2022 7:46:52 AM,-2.24
10103,4/9/2022 7:46:56 AM,-1.76
10103,4/9/2022 7:47:00 AM,-1.99
10103,4/9/2022 7:47:04 AM,-1.99
10103,4/9/2022 7:47:08 AM,-1.99
10103,4/9/2022 7:47:12 AM,-1.32
10103,4/9/2022 7:47:16 AM,-1.77
10103,4/9/2022 7:47:20 AM,-1.76
10103,4/9/2022 7:47:24 AM,-1.99
10103,4/9/2022 7:47:28 AM,-1.78
10103,4/9/2022 7:47:32 AM,-1.76
10103,4/9/2022 7:47:36 AM,-1.99
10103,4/9/2022 7:47:40 AM,-1.99
10103,4/9/2022 7:47:44 AM,-2.44
10103,4/9/2022 7:47:48 AM,-2.68
10103,4/9/2022 7:47:52 AM,-2.25
10103,4/9/2022 7:47:56 AM,-1.31
10103,4/9/2022 7:48:00 AM,-2.66
10103,4/9/2022 7:48:04 AM,-1.78
10103,4/9/2022 7:48:08 AM,-1.76
10103,4/9/2022 7:48:12 AM,-1.99
10103,4/9/2022 7:48:16 AM,-1.75
10103,4/9/2022 7:48:20 AM,-1.78
10103,4/9/2022 7:48:24 AM,-1.31
10103,4/9/2022 7:48:28 AM,-1.99
10103,4/9/2022 7:48:32 AM,-1.99
10103,4/9/2022 7:48:36 AM,-2.66
10103,4/9/2022 7:48:40 AM,-1.31
10103,4/9/2022 7:48:44 AM,-1.31
10103,4/9/2022 7:48:48 AM,-1.99
10103,4/9/2022 7:48:52 AM,-1.53
10103,4/9/2022 7:48:56 AM,-1.99
10103,4/9/2022 7:49:00 AM,-1.99
10103,4/9/2022 7:49:04 AM,-1.99
10103,4/9/2022 7:49:08 AM,-1.55
10103,4/9/2022 7:49:12 AM,-1.98
10103,4/9/2022 7:49:16 AM,-1.77
10103,4/9/2022 7:49:20 AM,-1.31
10103,4/9/2022 7:49:24 AM,-1.99
10103,4/9/2022 7:49:28 AM,-1.53
10103,4/9/2022 7:49:32 AM,-1.99
10103,4/9/2022 7:49:36 AM,-1.99
10103,4/9/2022 7:49:40 AM,-1.77
10103,4/9/2022 7:49:44 AM,-2.20
10103,4/9/2022 7:49:48 AM,-2.00
10103,4/9/2022 7:49:52 AM,-2.21
10103,4/9/2022 7:49:56 AM,-2.23
10103,4/9/2022 7:50:00 AM,-1.99
10103,4/9/2022 7:50:04 AM,-1.99
10103,4/9/2022 7:50:08 AM,-1.55
10103,4/9/2022 7:50:12 AM,-1.98
10103,4/9/2022 7:50:16 AM,-1.78
10103,4/9/2022 7:50:20 AM,-1.76
10103,4/9/2022 7:50:24 AM,-2.67
10103,4/9/2022 7:50:28 AM,-1.78
10103,4/9/2022 7:50:32 AM,-1.76
10103,4/9/2022 7:50:36 AM,-1.99
10103,4/9/2022 7:50:40 AM,-2.46
10103,4/9/2022 7:50:44 AM,-1.99
10103,4/9/2022 7:50:48 AM,-1.32
10103,4/9/2022 7:50:52 AM,-1.77
10103,4/9/2022 7:50:56 AM,-1.76
10103,4/9/2022 7:51:00 AM,-1.32
10103,4/9/2022 7:51:04 AM,-1.99
10103,4/9/2022 7:51:08 AM,-1.55
10103,4/9/2022 7:51:12 AM,-1.98
10103,4/9/2022 7:51:16 AM,-1.96
10103,4/9/2022 7:51:20 AM,-2.03
10103,4/9/2022 7:51:24 AM,-1.99
10103,4/9/2022 7:51:28 AM,-1.78
10103,4/9/2022 7:51:32 AM,-1.76
10103,4/9/2022 7:51:36 AM,-1.32
10103,4/9/2022 7:51:40 AM,-1.53
10103,4/9/2022 7:51:44 AM,-1.55
10103,4/9/2022 7:51:48 AM,-2.67
10103,4/9/2022 7:51:52 AM,-1.78
10103,4/9/2022 7:51:56 AM,-1.75
10103,4/9/2022 7:52:00 AM,-1.99
10103,4/9/2022 7:52:04 AM,-1.99
10103,4/9/2022 7:52:08 AM,-1.99
10103,4/9/2022 7:52:12 AM,-1.99
10103,4/9/2022 7:52:16 AM,-1.99
10103,4/9/2022 7:52:20 AM,-1.54
10103,4/9/2022 7:52:24 AM,-1.99
10103,4/9/2022 7:52:28 AM,-1.31
10103,4/9/2022 7:52:32 AM,-1.76
10103,4/9/2022 7:52:36 AM,-1.99
10103,4/9/2022 7:52:40 AM,-0.85
10103,4/9/2022 7:52:44 AM,-1.31
10103,4/9/2022 7:52:48 AM,-1.31
10103,4/9/2022 7:52:52 AM,-1.77
10103,4/9/2022 7:52:56 AM,-1.76
10103,4/9/2022 7:53:00 AM,-1.99
10103,4/9/2022 7:53:04 AM,-1.31
10103,4/9/2022 7:53:08 AM,-1.76
10103,4/9/2022 7:53:12 AM,-1.32
10103,4/9/2022 7:53:16 AM,-1.77
10103,4/9/2022 7:53:20 AM,-1.31
10103,4/9/2022 7:53:24 AM,-1.99
10103,4/9/2022 7:53:28 AM,-1.99
10103,4/9/2022 7:53:32 AM,-1.54
10103,4/9/2022 7:53:36 AM,-1.31
10103,4/9/2022 7:53:40 AM,-1.77
10103,4/9/2022 7:53:44 AM,-1.76
10103,4/9/2022 7:53:48 AM,-1.31
10103,4/9/2022 7:53:52 AM,-1.99
10103,4/9/2022 7:53:56 AM,-1.99
10103,4/9/2022 7:54:00 AM,-0.63
10103,4/9/2022 7:54:04 AM,-2.22
10103,4/9/2022 7:54:08 AM,-2.23
10103,4/9/2022 7:54:12 AM,-1.99
10103,4/9/2022 7:54:16 AM,-1.83
10103,4/9/2022 7:54:20 AM,-1.75
10103,4/9/2022 7:54:24 AM,-1.99
10103,4/9/2022 7:54:28 AM,-2.21
10103,4/9/2022 7:54:32 AM,-2.23
10103,4/9/2022 7:54:36 AM,-1.32
10103,4/9/2022 7:54:40 AM,-1.99
10103,4/9/2022 7:54:44 AM,-1.99
10103,4/9/2022 7:54:48 AM,-1.31
10103,4/9/2022 7:54:52 AM,-1.99
10103,4/9/2022 7:54:56 AM,-1.55
10103,4/9/2022 7:55:00 AM,-1.31
10103,4/9/2022 7:55:04 AM,-1.78
10103,4/9/2022 7:55:08 AM,-1.31
10103,4/9/2022 7:55:12 AM,-1.99
10103,4/9/2022 7:55:16 AM,-1.99
10103,4/9/2022 7:55:20 AM,-1.99
10103,4/9/2022 7:55:24 AM,-1.99
10103,4/9/2022 7:55:28 AM,-1.75
10103,4/9/2022 7:55:32 AM,-2.23
10103,4/9/2022 7:55:36 AM,-1.99
10103,4/9/2022 7:55:40 AM,-1.99
10103,4/9/2022 7:55:44 AM,-1.99
10103,4/9/2022 7:55:48 AM,-1.31
10103,4/9/2022 7:55:52 AM,-1.77
10103,4/9/2022 7:55:56 AM,-1.31
10103,4/9/2022 7:56:00 AM,-1.99
10103,4/9/2022 7:56:04 AM,-2.46
10103,4/9/2022 7:56:08 AM,-1.19
10103,4/9/2022 7:56:12 AM,-2.65
10103,4/9/2022 7:56:16 AM,-1.77
10103,4/9/2022 7:56:20 AM,-1.31
10103,4/9/2022 7:56:24 AM,-1.99
10103,4/9/2022 7:56:28 AM,-1.77
10103,4/9/2022 7:56:32 AM,-1.31
10103,4/9/2022 7:56:36 AM,-1.31
10103,4/9/2022 7:56:40 AM,-1.75
10103,4/9/2022 7:56:44 AM,-1.78
10103,4/9/2022 7:56:48 AM,-1.99
10103,4/9/2022 7:56:52 AM,-1.99
10103,4/9/2022 7:56:56 AM,-1.99
10103,4/9/2022 7:57:00 AM,-1.32
10103,4/9/2022 7:57:04 AM,-1.53
10103,4/9/2022 7:57:08 AM,-1.99
10103,4/9/2022 7:57:12 AM,-2.67
10103,4/9/2022 7:57:16 AM,-1.77
10103,4/9/2022 7:57:20 AM,-1.76
10103,4/9/2022 7:57:24 AM,-1.99
10103,4/9/2022 7:57:28 AM,-1.53
10103,4/9/2022 7:57:32 AM,-1.10
10103,4/9/2022 7:57:36 AM,-1.30
10103,4/9/2022 7:57:40 AM,-1.99
10103,4/9/2022 7:57:44 AM,-1.99
10103,4/9/2022 7:57:48 AM,-2.67
10103,4/9/2022 7:57:52 AM,-2.24
10103,4/9/2022 7:57:56 AM,-2.20
10103,4/9/2022 7:58:00 AM,-2.00
10103,4/9/2022 7:58:04 AM,-2.22
10103,4/9/2022 7:58:08 AM,-2.23
10103,4/9/2022 7:58:12 AM,-1.99
10103,4/9/2022 7:58:16 AM,-1.53
10103,4/9/2022 7:58:20 AM,-2.44
10103,4/9/2022 7:58:24 AM,-1.32
10103,4/9/2022 7:58:28 AM,-1.77
10103,4/9/2022 7:58:32 AM,-1.31
10103,4/9/2022 7:58:36 AM,-0.63
10103,4/9/2022 7:58:40 AM,-1.53
10103,4/9/2022 7:58:44 AM,-1.99
10103,4/9/2022 7:58:48 AM,-1.99
10103,4/9/2022 7:58:52 AM,-1.31
10103,4/9/2022 7:58:56 AM,-1.76
10103,4/9/2022 7:59:00 AM,-1.32
10103,4/9/2022 7:59:04 AM,-1.55
10103,4/9/2022 7:59:08 AM,-1.07
10103,4/9/2022 7:59:12 AM,-1.98
10103,4/9/2022 7:59:16 AM,-2.46
10103,4/9/2022 7:59:20 AM,-1.99
10103,4/9/2022 7:59:24 AM,-1.99
10103,4/9/2022 7:59:28 AM,-1.99
10103,4/9/2022 7:59:32 AM,-1.99
10103,4/9/2022 7:59:36 AM,-2.67
10103,4/9/2022 7:59:40 AM,-1.53
10103,4/9/2022 7:59:44 AM,-1.55
10103,4/9/2022 7:59:48 AM,-1.99
10103,4/9/2022 7:59:52 AM,-2.21
10103,4/9/2022 7:59:56 AM,-1.79
10103,4/9/2022 8:00:00 AM,-1.98
10103,4/9/2022 8:00:04 AM,-1.99
10103,4/9/2022 8:00:08 AM,-1.99
10103,4/9/2022 8:00:12 AM,-2.67
10103,4/9/2022 8:00:16 AM,-1.77
10103,4/9/2022 8:00:20 AM,-1.31
10103,4/9/2022 8:00:24 AM,-1.99
10103,4/9/2022 8:00:28 AM,-1.99
10103,4/9/2022 8:00:32 AM,-1.99
10103,4/9/2022 8:00:36 AM,-1.99
10103,4/9/2022 8:00:40 AM,-1.53
10103,4/9/2022 8:00:44 AM,-1.55
10103,4/9/2022 8:00:48 AM,-1.31
10103,4/9/2022 8:00:52 AM,-1.31
10103,4/9/2022 8:00:56 AM,-1.31
10103,4/9/2022 8:01:00 AM,-0.63
10103,4/9/2022 8:01:04 AM,-1.77
10103,4/9/2022 8:01:08 AM,-1.76
10103,4/9/2022 8:01:12 AM,-2.67
10103,4/9/2022 8:01:16 AM,-1.31
10103,4/9/2022 8:01:20 AM,-1.76
10103,4/9/2022 8:01:24 AM,-1.32
10103,4/9/2022 8:01:28 AM,-1.31
10103,4/9/2022 8:01:32 AM,-1.31
10103,4/9/2022 8:01:36 AM,-1.31
10103,4/9/2022 8:01:40 AM,-2.21
10103,4/9/2022 8:01:44 AM,-1.78
10103,4/9/2022 8:01:48 AM,-1.31
10103,4/9/2022 8:01:52 AM,-1.53
10103,4/9/2022 8:01:56 AM,-2.44
10103,4/9/2022 8:02:00 AM,-1.32
10103,4/9/2022 8:02:04 AM,-2.46
10103,4/9/2022 8:02:08 AM,-1.59
10103,4/9/2022 8:02:12 AM,-1.98
10103,4/9/2022 8:02:16 AM,-1.77
10103,4/9/2022 8:02:20 AM,-1.76
10103,4/9/2022 8:02:24 AM,-1.99
10103,4/9/2022 8:02:28 AM,-1.78
10103,4/9/2022 8:02:32 AM,-1.31
10103,4/9/2022 8:02:36 AM,-1.31
10103,4/9/2022 8:02:40 AM,-2.21
10103,4/9/2022 8:02:44 AM,-2.23
10103,4/9/2022 8:02:48 AM,-1.32
10103,4/9/2022 8:02:52 AM,-1.77
10103,4/9/2022 8:02:56 AM,-1.76
10103,4/9/2022 8:03:00 AM,-1.32
10103,4/9/2022 8:03:04 AM,-1.31
10103,4/9/2022 8:03:08 AM,-1.75
10103,4/9/2022 8:03:12 AM,-1.99
10103,4/9/2022 8:03:16 AM,-1.53
10103,4/9/2022 8:03:20 AM,-1.54
10103,4/9/2022 8:03:24 AM,-1.31
10103,4/9/2022 8:03:28 AM,-1.53
10103,4/9/2022 8:03:32 AM,-1.99
10103,4/9/2022 8:03:36 AM,-1.99
10103,4/9/2022 8:03:40 AM,-1.31
10103,4/9/2022 8:03:44 AM,-1.31
10103,4/9/2022 8:03:48 AM,-1.99
10103,4/9/2022 8:03:52 AM,-1.53
10103,4/9/2022 8:03:56 AM,-1.99
10103,4/9/2022 8:04:00 AM,-1.32
10103,4/9/2022 8:04:04 AM,-2.68
10103,4/9/2022 8:04:08 AM,-2.23
10103,4/9/2022 8:04:12 AM,-1.32
10103,4/9/2022 8:04:16 AM,-2.49
10103,4/9/2022 8:04:20 AM,-1.99
10103,4/9/2022 8:04:24 AM,-1.99
10103,4/9/2022 8:04:28 AM,-1.78
10103,4/9/2022 8:04:32 AM,-1.76
10103,4/9/2022 8:04:36 AM,-2.68
10103,4/9/2022 8:04:40 AM,-1.99
10103,4/9/2022 8:04:44 AM,-1.99
10103,4/9/2022 8:04:48 AM,-1.99
10103,4/9/2022 8:04:52 AM,-2.46
10103,4/9/2022 8:04:56 AM,-2.44
10103,4/9/2022 8:05:00 AM,-1.32
10103,4/9/2022 8:05:04 AM,-1.31
10103,4/9/2022 8:05:08 AM,-1.76
10103,4/9/2022 8:05:12 AM,-2.67
10103,4/9/2022 8:05:16 AM,-1.77
10103,4/9/2022 8:05:20 AM,-1.31
10103,4/9/2022 8:05:24 AM,-1.99
10103,4/9/2022 8:05:28 AM,-2.24
10103,4/9/2022 8:05:32 AM,-1.31
10103,4/9/2022 8:05:36 AM,-1.31
10103,4/9/2022 8:05:40 AM,-2.46
10103,4/9/2022 8:05:44 AM,-1.99
10103,4/9/2022 8:05:48 AM,-2.68
10103,4/9/2022 8:05:52 AM,-1.31
10103,4/9/2022 8:05:56 AM,-1.76
10103,4/9/2022 8:06:00 AM,-1.31
10103,4/9/2022 8:06:04 AM,-1.99
10103,4/9/2022 8:06:08 AM,-1.99
10103,4/9/2022 8:06:12 AM,-1.99
10103,4/9/2022 8:06:16 AM,-1.53
10103,4/9/2022 8:06:20 AM,-1.99
10103,4/9/2022 8:06:24 AM,-1.31
10103,4/9/2022 8:06:28 AM,-1.31
10103,4/9/2022 8:06:32 AM,-1.76
10103,4/9/2022 8:06:36 AM,-1.31
10103,4/9/2022 8:06:40 AM,-1.77
10103,4/9/2022 8:06:44 AM,-1.76
10103,4/9/2022 8:06:48 AM,-1.99
10103,4/9/2022 8:06:52 AM,-1.31
10103,4/9/2022 8:06:56 AM,-1.31
10103,4/9/2022 8:07:00 AM,-0.63
10103,4/9/2022 8:07:04 AM,-1.31
10103,4/9/2022 8:07:08 AM,-1.31
10103,4/9/2022 8:07:12 AM,-0.63
10103,4/9/2022 8:07:16 AM,-1.53
10103,4/9/2022 8:07:20 AM,-2.45
10103,4/9/2022 8:07:24 AM,-2.00
10103,4/9/2022 8:07:28 AM,-1.31
10103,4/9/2022 8:07:32 AM,-1.31
10103,4/9/2022 8:07:36 AM,-1.31
10103,4/9/2022 8:07:40 AM,-1.31
10103,4/9/2022 8:07:44 AM,-1.76
10103,4/9/2022 8:07:48 AM,-1.31
10103,4/9/2022 8:07:52 AM,-1.31
10103,4/9/2022 8:07:56 AM,-1.31
10103,4/9/2022 8:08:00 AM,-1.31
10103,4/9/2022 8:08:04 AM,-1.55
10103,4/9/2022 8:08:08 AM,-1.08
10103,4/9/2022 8:08:12 AM,-1.31
10103,4/9/2022 8:08:16 AM,-0.85
10103,4/9/2022 8:08:20 AM,-1.76
10103,4/9/2022 8:08:24 AM,-1.31
10103,4/9/2022 8:08:28 AM,-1.53
10103,4/9/2022 8:08:32 AM,-1.57
10103,4/9/2022 8:08:36 AM,-1.31
10103,4/9/2022 8:08:40 AM,-2.24
10103,4/9/2022 8:08:44 AM,-0.86
10103,4/9/2022 8:08:48 AM,-1.30
10103,4/9/2022 8:08:52 AM,-1.77
10103,4/9/2022 8:08:56 AM,-1.31
10103,4/9/2022 8:09:00 AM,-1.31
10103,4/9/2022 8:09:04 AM,-1.99
10103,4/9/2022 8:09:08 AM,-1.54
10103,4/9/2022 8:09:12 AM,-1.99
10103,4/9/2022 8:09:16 AM,-1.99
10103,4/9/2022 8:09:20 AM,-2.44
10103,4/9/2022 8:09:24 AM,-2.00
10103,4/9/2022 8:09:28 AM,-1.75
10103,4/9/2022 8:09:32 AM,-1.33
10103,4/9/2022 8:09:36 AM,-1.98
10103,4/9/2022 8:09:40 AM,-1.77
10103,4/9/2022 8:09:44 AM,-1.31
10103,4/9/2022 8:09:48 AM,-1.31
10103,4/9/2022 8:09:52 AM,-1.99
10103,4/9/2022 8:09:56 AM,-1.99
10103,4/9/2022 8:10:00 AM,-1.99
10103,4/9/2022 8:10:04 AM,-1.99
10103,4/9/2022 8:10:08 AM,-1.99
10103,4/9/2022 8:10:12 AM,-1.99
10103,4/9/2022 8:10:16 AM,-0.79
10103,4/9/2022 8:10:20 AM,-1.76
10103,4/9/2022 8:10:24 AM,-1.99
10103,4/9/2022 8:10:28 AM,-1.31
10103,4/9/2022 8:10:32 AM,-1.31
10103,4/9/2022 8:10:36 AM,-0.63
10103,4/9/2022 8:10:40 AM,-1.31
10103,4/9/2022 8:10:44 AM,-1.31
10103,4/9/2022 8:10:48 AM,-1.31
10103,4/9/2022 8:10:52 AM,-1.31
10103,4/9/2022 8:10:56 AM,-1.31
10103,4/9/2022 8:11:00 AM,-1.31
10103,4/9/2022 8:11:04 AM,-0.85
10103,4/9/2022 8:11:08 AM,-1.31
10103,4/9/2022 8:11:12 AM,-1.31
10103,4/9/2022 8:11:16 AM,-0.85
10103,4/9/2022 8:11:20 AM,-1.31
10103,4/9/2022 8:11:24 AM,-1.31
10103,4/9/2022 8:11:28 AM,-1.31
10103,4/9/2022 8:11:32 AM,-0.86
10103,4/9/2022 8:11:36 AM,-0.62
10103,4/9/2022 8:11:40 AM,-1.77
10103,4/9/2022 8:11:44 AM,-1.31
10103,4/9/2022 8:11:48 AM,-0.63
10103,4/9/2022 8:11:52 AM,-1.53
10103,4/9/2022 8:11:56 AM,-1.55
10103,4/9/2022 8:12:00 AM,-1.31
10103,4/9/2022 8:12:04 AM,-1.53
10103,4/9/2022 8:12:08 AM,-1.09
10103,4/9/2022 8:12:12 AM,-2.65
10103,4/9/2022 8:12:16 AM,-2.21
10103,4/9/2022 8:12:20 AM,-1.07
10103,4/9/2022 8:12:24 AM,-1.31
10103,4/9/2022 8:12:28 AM,-1.99
10103,4/9/2022 8:12:32 AM,-1.09
10103,4/9/2022 8:12:36 AM,-1.30
10103,4/9/2022 8:12:40 AM,-1.31
10103,4/9/2022 8:12:44 AM,-1.31
10103,4/9/2022 8:12:48 AM,-2.67
10103,4/9/2022 8:12:52 AM,-1.31
10103,4/9/2022 8:12:56 AM,-1.31
10103,4/9/2022 8:13:00 AM,-1.31
10103,4/9/2022 8:13:04 AM,-1.31
10103,4/9/2022 8:13:08 AM,-0.86
10103,4/9/2022 8:13:12 AM,-1.98
10103,4/9/2022 8:13:16 AM,-2.24
10103,4/9/2022 8:13:20 AM,-2.21
10103,4/9/2022 8:13:24 AM,-1.32
10103,4/9/2022 8:13:28 AM,-1.78
10103,4/9/2022 8:13:32 AM,-1.31
10103,4/9/2022 8:13:36 AM,-1.98
10103,4/9/2022 8:13:40 AM,-1.53
10103,4/9/2022 8:13:44 AM,-1.99
10103,4/9/2022 8:13:48 AM,-1.32
10103,4/9/2022 8:13:52 AM,-1.77
10103,4/9/2022 8:13:56 AM,-2.20
10103,4/9/2022 8:14:00 AM,-1.32
10103,4/9/2022 8:14:04 AM,-1.99
10103,4/9/2022 8:14:08 AM,-1.54
10103,4/9/2022 8:14:12 AM,-1.31
10103,4/9/2022 8:14:16 AM,-2.21
10103,4/9/2022 8:14:20 AM,-1.87
10103,4/9/2022 8:14:24 AM,-1.31
10103,4/9/2022 8:14:28 AM,-1.99
10103,4/9/2022 8:14:32 AM,-1.99
10103,4/9/2022 8:14:36 AM,-1.99
10103,4/9/2022 8:14:40 AM,-1.99
10103,4/9/2022 8:14:44 AM,-1.99
10103,4/9/2022 8:14:48 AM,-1.32
10103,4/9/2022 8:14:52 AM,-1.77
10103,4/9/2022 8:14:56 AM,-1.76
10103,4/9/2022 8:15:00 AM,-2.66
10103,4/9/2022 8:15:04 AM,-1.99
10103,4/9/2022 8:15:08 AM,-1.99
10103,4/9/2022 8:15:12 AM,-0.64
10103,4/9/2022 8:15:16 AM,-2.21
10103,4/9/2022 8:15:20 AM,-1.78
10103,4/9/2022 8:15:24 AM,-1.99
10103,4/9/2022 8:15:28 AM,-1.78
10103,4/9/2022 8:15:32 AM,-1.76
10103,4/9/2022 8:15:36 AM,-1.32
10103,4/9/2022 8:15:40 AM,-2.68
10103,4/9/2022 8:15:44 AM,-1.78
10103,4/9/2022 8:15:48 AM,-1.99
10103,4/9/2022 8:15:52 AM,-2.21
10103,4/9/2022 8:15:56 AM,-2.23
10103,4/9/2022 8:16:00 AM,-1.32
10103,4/9/2022 8:16:04 AM,-2.46
10103,4/9/2022 8:16:08 AM,-2.44
10103,4/9/2022 8:16:12 AM,-2.68
10103,4/9/2022 8:16:16 AM,-2.15
10103,4/9/2022 8:16:20 AM,-2.23
10103,4/9/2022 8:16:24 AM,-1.99
10103,4/9/2022 8:16:28 AM,-1.78
10103,4/9/2022 8:16:32 AM,-1.31
10103,4/9/2022 8:16:36 AM,-1.99
10103,4/9/2022 8:16:40 AM,-1.56
10103,4/9/2022 8:16:44 AM,-1.52
10103,4/9/2022 8:16:48 AM,-2.67
10103,4/9/2022 8:16:52 AM,-1.99
10103,4/9/2022 8:16:56 AM,-2.44
10103,4/9/2022 8:17:00 AM,-2.00
10103,4/9/2022 8:17:04 AM,-1.77
10103,4/9/2022 8:17:08 AM,-1.31
10103,4/9/2022 8:17:12 AM,-1.31
10103,4/9/2022 8:17:16 AM,-2.21
10103,4/9/2022 8:17:20 AM,-2.23
10103,4/9/2022 8:17:24 AM,-1.32
10103,4/9/2022 8:17:28 AM,-2.46
10103,4/9/2022 8:17:32 AM,-1.99
10103,4/9/2022 8:17:36 AM,-1.31
10103,4/9/2022 8:17:40 AM,-1.31
10103,4/9/2022 8:17:44 AM,-1.76
10103,4/9/2022 8:17:48 AM,-1.99
10103,4/9/2022 8:17:52 AM,-1.99
10103,4/9/2022 8:17:56 AM,-2.44
10103,4/9/2022 8:18:00 AM,-2.00
10103,4/9/2022 8:18:04 AM,-1.99
10103,4/9/2022 8:18:08 AM,-2.45
10103,4/9/2022 8:18:12 AM,-2.68
10103,4/9/2022 8:18:16 AM,-1.77
10103,4/9/2022 8:18:20 AM,-2.21
10103,4/9/2022 8:18:24 AM,-2.00
10103,4/9/2022 8:18:28 AM,-1.99
10103,4/9/2022 8:18:32 AM,-1.99
10103,4/9/2022 8:18:36 AM,-1.99
10103,4/9/2022 8:18:40 AM,-1.99
10103,4/9/2022 8:18:44 AM,-1.99
10103,4/9/2022 8:18:48 AM,-1.31
10103,4/9/2022 8:18:52 AM,-1.77
10103,4/9/2022 8:18:56 AM,-1.31
10103,4/9/2022 8:19:00 AM,-2.67
10103,4/9/2022 8:19:04 AM,-1.77
10103,4/9/2022 8:19:08 AM,-1.76
10103,4/9/2022 8:19:12 AM,-1.99
10103,4/9/2022 8:19:16 AM,-1.76
10103,4/9/2022 8:19:20 AM,-2.23
10103,4/9/2022 8:19:24 AM,-2.67
10103,4/9/2022 8:19:28 AM,-1.31
10103,4/9/2022 8:19:32 AM,-1.76
10103,4/9/2022 8:19:36 AM,-1.99
10103,4/9/2022 8:19:40 AM,-1.55
10103,4/9/2022 8:19:44 AM,-1.52
10103,4/9/2022 8:19:48 AM,-1.99
10103,4/9/2022 8:19:52 AM,-1.99
10103,4/9/2022 8:19:56 AM,-1.99
10103,4/9/2022 8:20:00 AM,-1.99
10103,4/9/2022 8:20:04 AM,-1.77
10103,4/9/2022 8:20:08 AM,-1.76
10103,4/9/2022 8:20:12 AM,-1.32
10103,4/9/2022 8:20:16 AM,-1.81
10103,4/9/2022 8:20:20 AM,-1.70
10103,4/9/2022 8:20:24 AM,-1.31
10103,4/9/2022 8:20:28 AM,-1.53
10103,4/9/2022 8:20:32 AM,-1.99
10103,4/9/2022 8:20:36 AM,-2.64
10103,4/9/2022 8:20:40 AM,-1.31
10103,4/9/2022 8:20:44 AM,-1.76
10103,4/9/2022 8:20:48 AM,-1.99
10103,4/9/2022 8:20:52 AM,-1.12
10103,4/9/2022 8:20:56 AM,-1.01
10103,4/9/2022 8:21:00 AM,-1.31
10103,4/9/2022 8:21:04 AM,-2.50
10103,4/9/2022 8:21:08 AM,-2.37
10103,4/9/2022 8:21:12 AM,-2.08
10103,4/9/2022 8:21:16 AM,-2.68
10103,4/9/2022 8:21:20 AM,-2.35
10103,4/9/2022 8:21:24 AM,-1.35
10103,4/9/2022 8:21:28 AM,-1.43
10103,4/9/2022 8:21:32 AM,-1.62
10103,4/9/2022 8:21:36 AM,-2.59
10103,4/9/2022 8:21:40 AM,-1.99
10103,4/9/2022 8:21:44 AM,-1.99
10103,4/9/2022 8:21:48 AM,-1.99
10103,4/9/2022 8:21:52 AM,-1.31
10103,4/9/2022 8:21:56 AM,-1.68
10103,4/9/2022 8:22:00 AM,-2.63
10103,4/9/2022 8:22:04 AM,-1.80
10103,4/9/2022 8:22:08 AM,-1.71
10103,4/9/2022 8:22:12 AM,-1.99
10103,4/9/2022 8:22:16 AM,-1.81
10103,4/9/2022 8:22:20 AM,-1.71
10103,4/9/2022 8:22:24 AM,-1.99
10103,4/9/2022 8:22:28 AM,-2.68
10103,4/9/2022 8:22:32 AM,-2.29
10103,4/9/2022 8:22:36 AM,-1.99
10103,4/9/2022 8:22:40 AM,-1.83
10103,4/9/2022 8:22:44 AM,-1.67
10103,4/9/2022 8:22:48 AM,-1.34
10103,4/9/2022 8:22:52 AM,-1.81
10103,4/9/2022 8:22:56 AM,-1.71
10103,4/9/2022 8:23:00 AM,-1.99
10103,4/9/2022 8:23:04 AM,-1.83
10103,4/9/2022 8:23:08 AM,-1.31
10103,4/9/2022 8:23:12 AM,-1.89
10103,4/9/2022 8:23:16 AM,-2.15
10103,4/9/2022 8:23:20 AM,-2.31
10103,4/9/2022 8:23:24 AM,-1.99
10103,4/9/2022 8:23:28 AM,-1.99
10103,4/9/2022 8:23:32 AM,-2.37
10103,4/9/2022 8:23:36 AM,-1.42
10103,4/9/2022 8:23:40 AM,-1.48
10103,4/9/2022 8:23:44 AM,-1.99
10103,4/9/2022 8:23:48 AM,-1.99
10103,4/9/2022 8:23:52 AM,-2.53
10103,4/9/2022 8:23:56 AM,-1.99
10103,4/9/2022 8:24:00 AM,-1.39
10103,4/9/2022 8:24:04 AM,-2.14
10103,4/9/2022 8:24:08 AM,-2.30
10103,4/9/2022 8:24:12 AM,-1.43
10103,4/9/2022 8:24:16 AM,-1.99
10103,4/9/2022 8:24:20 AM,-1.99
10103,4/9/2022 8:24:24 AM,-1.99
10103,4/9/2022 8:24:28 AM,-1.99
10103,4/9/2022 8:24:32 AM,-1.99
10103,4/9/2022 8:24:36 AM,-1.99
10103,4/9/2022 8:24:40 AM,-1.85
10103,4/9/2022 8:24:44 AM,-1.64
10103,4/9/2022 8:24:48 AM,-2.64
10103,4/9/2022 8:24:52 AM,-2.17
10103,4/9/2022 8:24:56 AM,-1.90
10103,4/9/2022 8:25:00 AM,-1.98
10103,4/9/2022 8:25:04 AM,-1.99
10103,4/9/2022 8:25:08 AM,-1.63
10103,4/9/2022 8:25:12 AM,-2.56
10103,4/9/2022 8:25:16 AM,-1.99
10103,4/9/2022 8:25:20 AM,-2.42
10103,4/9/2022 8:25:24 AM,-0.74
10103,4/9/2022 8:25:28 AM,-2.56
10103,4/9/2022 8:25:32 AM,-1.99
10103,4/9/2022 8:25:36 AM,-1.34
10103,4/9/2022 8:25:40 AM,-2.18
10103,4/9/2022 8:25:44 AM,-1.90
10103,4/9/2022 8:25:48 AM,-1.98
10103,4/9/2022 8:25:52 AM,-1.48
10103,4/9/2022 8:25:56 AM,-1.99
10103,4/9/2022 8:26:00 AM,-1.99
10103,4/9/2022 8:26:04 AM,-1.80
10103,4/9/2022 8:26:08 AM,-1.31
10103,4/9/2022 8:26:12 AM,-1.92
10103,4/9/2022 8:26:16 AM,-1.31
10103,4/9/2022 8:26:20 AM,-1.67
10103,4/9/2022 8:26:24 AM,-1.99
10103,4/9/2022 8:26:28 AM,-1.31
10103,4/9/2022 8:26:32 AM,-1.72
10103,4/9/2022 8:26:36 AM,-1.34
10103,4/9/2022 8:26:40 AM,-1.48
10103,4/9/2022 8:26:44 AM,-1.65
10103,4/9/2022 8:26:48 AM,-0.68
10103,4/9/2022 8:26:52 AM,-1.50
10103,4/9/2022 8:26:56 AM,-1.61
10103,4/9/2022 8:27:00 AM,-0.67
10103,4/9/2022 8:27:04 AM,-2.49
10103,4/9/2022 8:27:08 AM,-2.37
10103,4/9/2022 8:27:12 AM,-1.04
10103,4/9/2022 8:27:16 AM,-1.31
10103,4/9/2022 8:27:20 AM,-1.31
10103,4/9/2022 8:27:24 AM,-1.31
10103,4/9/2022 8:27:28 AM,-1.87
10103,4/9/2022 8:27:32 AM,-1.31
10103,4/9/2022 8:27:36 AM,-1.31
10103,4/9/2022 8:27:40 AM,-1.31
10103,4/9/2022 8:27:44 AM,-1.69
10103,4/9/2022 8:27:48 AM,-1.99
10103,4/9/2022 8:27:52 AM,-1.81
10103,4/9/2022 8:27:56 AM,-1.31
10103,4/9/2022 8:28:00 AM,-1.99
10103,4/9/2022 8:28:04 AM,-2.24
10103,4/9/2022 8:28:08 AM,-1.31
10103,4/9/2022 8:28:12 AM,-1.31
10103,4/9/2022 8:28:16 AM,-1.99
10103,4/9/2022 8:28:20 AM,-1.99
10103,4/9/2022 8:28:24 AM,-1.99
10103,4/9/2022 8:28:28 AM,-1.78
10103,4/9/2022 8:28:32 AM,-1.31
10103,4/9/2022 8:28:36 AM,-1.31
10103,4/9/2022 8:28:40 AM,-2.24
10103,4/9/2022 8:28:44 AM,-2.20
10103,4/9/2022 8:28:48 AM,-2.00
10103,4/9/2022 8:28:52 AM,-2.11
10103,4/9/2022 8:28:56 AM,-1.90
10103,4/9/2022 8:29:00 AM,-1.95
10103,4/9/2022 8:29:04 AM,-1.99
10103,4/9/2022 8:29:08 AM,-1.99
10103,4/9/2022 8:29:12 AM,-1.99
10103,4/9/2022 8:29:16 AM,-0.97
10103,4/9/2022 8:29:20 AM,-1.99
10103,4/9/2022 8:29:24 AM,-1.99
10103,4/9/2022 8:29:28 AM,-1.60
10103,4/9/2022 8:29:32 AM,-1.92
10103,4/9/2022 8:29:36 AM,-1.31
10103,4/9/2022 8:29:40 AM,-0.80
10103,4/9/2022 8:29:44 AM,-1.31
10103,4/9/2022 8:29:48 AM,-1.31
10103,4/9/2022 8:29:52 AM,-1.83
10103,4/9/2022 8:29:56 AM,-1.31
10103,4/9/2022 8:30:00 AM,-1.97
10103,4/9/2022 8:30:04 AM,-1.99
10103,4/9/2022 8:30:08 AM,-1.58
10103,4/9/2022 8:30:12 AM,-1.31
10103,4/9/2022 8:30:16 AM,-1.99
10103,4/9/2022 8:30:20 AM,-1.99
10103,4/9/2022 8:30:24 AM,-1.39
10103,4/9/2022 8:30:28 AM,-1.87
10103,4/9/2022 8:30:32 AM,-1.31
10103,4/9/2022 8:30:36 AM,-1.31
10103,4/9/2022 8:30:40 AM,-1.31
10103,4/9/2022 8:30:44 AM,-1.76
10103,4/9/2022 8:30:48 AM,-1.32
10103,4/9/2022 8:30:52 AM,-1.53
10103,4/9/2022 8:30:56 AM,-1.55
10103,4/9/2022 8:31:00 AM,-1.99
10103,4/9/2022 8:31:04 AM,-1.99
10103,4/9/2022 8:31:08 AM,-1.99
10103,4/9/2022 8:31:12 AM,-2.57
10103,4/9/2022 8:31:16 AM,-1.46
10103,4/9/2022 8:31:20 AM,-1.99
10103,4/9/2022 8:31:24 AM,-1.99
10103,4/9/2022 8:31:28 AM,-2.44
10103,4/9/2022 8:31:32 AM,-0.91
10103,4/9/2022 8:31:36 AM,-1.88
10103,4/9/2022 8:31:40 AM,-1.31
10103,4/9/2022 8:31:44 AM,-1.62
10103,4/9/2022 8:31:48 AM,-1.37
10103,4/9/2022 8:31:52 AM,-1.87
10103,4/9/2022 8:31:56 AM,-1.62
10103,4/9/2022 8:32:00 AM,-1.99
10103,4/9/2022 8:32:04 AM,-1.86
10103,4/9/2022 8:32:08 AM,-2.02
10103,4/9/2022 8:32:12 AM,-2.09
10103,4/9/2022 8:32:16 AM,-1.44
10103,4/9/2022 8:32:20 AM,-1.99
10103,4/9/2022 8:32:24 AM,-2.61
10103,4/9/2022 8:32:28 AM,-1.89
10103,4/9/2022 8:32:32 AM,-1.31
10103,4/9/2022 8:32:36 AM,-1.31
10103,4/9/2022 8:32:40 AM,-1.31
10103,4/9/2022 8:32:44 AM,-1.31
10103,4/9/2022 8:32:48 AM,-1.31
10103,4/9/2022 8:32:52 AM,-1.99
10103,4/9/2022 8:32:56 AM,-1.99
10103,4/9/2022 8:33:00 AM,-1.99
10103,4/9/2022 8:33:04 AM,-0.85
10103,4/9/2022 8:33:08 AM,-2.21
10103,4/9/2022 8:33:12 AM,-2.68
10103,4/9/2022 8:33:16 AM,-1.55
10103,4/9/2022 8:33:20 AM,-1.53
10103,4/9/2022 8:33:24 AM,-1.99
10103,4/9/2022 8:33:28 AM,-1.99
10103,4/9/2022 8:33:32 AM,-1.99
10103,4/9/2022 8:33:36 AM,-1.31
10103,4/9/2022 8:33:40 AM,-1.77
10103,4/9/2022 8:33:44 AM,-1.76
10103,4/9/2022 8:33:48 AM,-2.67
10103,4/9/2022 8:33:52 AM,-1.99
10103,4/9/2022 8:33:56 AM,-1.55
10103,4/9/2022 8:34:00 AM,-1.31
10103,4/9/2022 8:34:04 AM,-1.77
10103,4/9/2022 8:34:08 AM,-1.31
10103,4/9/2022 8:34:12 AM,-1.31
10103,4/9/2022 8:34:16 AM,-1.77
10103,4/9/2022 8:34:20 AM,-2.20
10103,4/9/2022 8:34:24 AM,-2.00
10103,4/9/2022 8:34:28 AM,-1.31
10103,4/9/2022 8:34:32 AM,-1.31
10103,4/9/2022 8:34:36 AM,-1.31
10103,4/9/2022 8:34:40 AM,-1.55
10103,4/9/2022 8:34:44 AM,-0.18
10103,4/9/2022 8:34:48 AM,-0.62
10103,4/9/2022 8:34:52 AM,-1.77
10103,4/9/2022 8:34:56 AM,-1.76
10103,4/9/2022 8:35:00 AM,-1.32
10103,4/9/2022 8:35:04 AM,-1.99
10103,4/9/2022 8:35:08 AM,-1.54
10103,4/9/2022 8:35:12 AM,-1.99
10103,4/9/2022 8:35:16 AM,-1.53
10103,4/9/2022 8:35:20 AM,-1.54
10103,4/9/2022 8:35:24 AM,-1.31
10103,4/9/2022 8:35:28 AM,-2.21
10103,4/9/2022 8:35:32 AM,-1.78
10103,4/9/2022 8:35:36 AM,-1.31
10103,4/9/2022 8:35:40 AM,-1.53
10103,4/9/2022 8:35:44 AM,-1.99
10103,4/9/2022 8:35:48 AM,-1.31
10103,4/9/2022 8:35:52 AM,-1.31
10103,4/9/2022 8:35:56 AM,-1.31
10103,4/9/2022 8:36:00 AM,-1.31
10103,4/9/2022 8:36:04 AM,-1.31
10103,4/9/2022 8:36:08 AM,-1.31
10103,4/9/2022 8:36:12 AM,-1.31
10103,4/9/2022 8:36:16 AM,-1.53
10103,4/9/2022 8:36:20 AM,-1.10
10103,4/9/2022 8:36:24 AM,-1.30
10103,4/9/2022 8:36:28 AM,-1.52
10103,4/9/2022 8:36:32 AM,-1.56
10103,4/9/2022 8:36:36 AM,-0.63
10103,4/9/2022 8:36:40 AM,-1.31
10103,4/9/2022 8:36:44 AM,-1.76
10103,4/9/2022 8:36:48 AM,-1.31
10103,4/9/2022 8:36:52 AM,-1.77
10103,4/9/2022 8:36:56 AM,-1.31
10103,4/9/2022 8:37:00 AM,-0.63
10103,4/9/2022 8:37:04 AM,-1.53
10103,4/9/2022 8:37:08 AM,-1.55
10103,4/9/2022 8:37:12 AM,-1.31
10103,4/9/2022 8:37:16 AM,-1.53
10103,4/9/2022 8:37:20 AM,-1.09
10103,4/9/2022 8:37:24 AM,-1.30
10103,4/9/2022 8:37:28 AM,-0.62
10103,4/9/2022 8:37:32 AM,-1.97
10103,4/9/2022 8:37:36 AM,-0.64
10103,4/9/2022 8:37:40 AM,-1.53
10103,4/9/2022 8:37:44 AM,-1.55
10103,4/9/2022 8:37:48 AM,-1.99
10103,4/9/2022 8:37:52 AM,-1.53
10103,4/9/2022 8:37:56 AM,-1.55
10103,4/9/2022 8:38:00 AM,-0.63
10103,4/9/2022 8:38:04 AM,-1.53
10103,4/9/2022 8:38:08 AM,-1.54
10103,4/9/2022 8:38:12 AM,-1.31
10103,4/9/2022 8:38:16 AM,-1.07
10103,4/9/2022 8:38:20 AM,-1.99
10103,4/9/2022 8:38:24 AM,-2.67
10103,4/9/2022 8:38:28 AM,-0.84
10103,4/9/2022 8:38:32 AM,-0.86
10103,4/9/2022 8:38:36 AM,-1.98
10103,4/9/2022 8:38:40 AM,-1.53
10103,4/9/2022 8:38:44 AM,-2.44
10103,4/9/2022 8:38:48 AM,-0.64
10103,4/9/2022 8:38:52 AM,-1.53
10103,4/9/2022 8:38:56 AM,-1.55
10103,4/9/2022 8:39:00 AM,-1.31
10103,4/9/2022 8:39:04 AM,-1.07
10103,4/9/2022 8:39:08 AM,-1.55
10103,4/9/2022 8:39:12 AM,-1.98
10103,4/9/2022 8:39:16 AM,-1.53
10103,4/9/2022 8:39:20 AM,-1.99
10103,4/9/2022 8:39:24 AM,-1.32
10103,4/9/2022 8:39:28 AM,-0.83
10103,4/9/2022 8:39:32 AM,-1.31
10103,4/9/2022 8:39:36 AM,-1.31
10103,4/9/2022 8:39:40 AM,-1.31
10103,4/9/2022 8:39:44 AM,-1.76
10103,4/9/2022 8:39:48 AM,-1.32
10103,4/9/2022 8:39:52 AM,-1.31
10103,4/9/2022 8:39:56 AM,-1.31
10103,4/9/2022 8:40:00 AM,-1.31
10103,4/9/2022 8:40:04 AM,-1.77
10103,4/9/2022 8:40:08 AM,-1.31
10103,4/9/2022 8:40:12 AM,-0.63
10103,4/9/2022 8:40:16 AM,-1.31
10103,4/9/2022 8:40:20 AM,-0.86
10103,4/9/2022 8:40:24 AM,-1.30
10103,4/9/2022 8:40:28 AM,-1.53
10103,4/9/2022 8:40:32 AM,-1.99
10103,4/9/2022 8:40:36 AM,-1.32
10103,4/9/2022 8:40:40 AM,-1.78
10103,4/9/2022 8:40:44 AM,-1.31
10103,4/9/2022 8:40:48 AM,-1.31
10103,4/9/2022 8:40:52 AM,-0.62
10103,4/9/2022 8:40:56 AM,-1.07
10103,4/9/2022 8:41:00 AM,-1.31
10103,4/9/2022 8:41:04 AM,-2.21
10103,4/9/2022 8:41:08 AM,-1.78
10103,4/9/2022 8:41:12 AM,-2.63
10103,4/9/2022 8:41:16 AM,-1.77
10103,4/9/2022 8:41:20 AM,-1.31
10103,4/9/2022 8:41:24 AM,-1.31
10103,4/9/2022 8:41:28 AM,-1.78
10103,4/9/2022 8:41:32 AM,-0.88
10103,4/9/2022 8:41:36 AM,-1.30
10103,4/9/2022 8:41:40 AM,-1.77
10103,4/9/2022 8:41:44 AM,-1.31
10103,4/9/2022 8:41:48 AM,-1.99
10103,4/9/2022 8:41:52 AM,-1.78
10103,4/9/2022 8:41:56 AM,-1.31
10103,4/9/2022 8:42:00 AM,-1.31
10103,4/9/2022 8:42:04 AM,-1.31
10103,4/9/2022 8:42:08 AM,-1.76
10103,4/9/2022 8:42:12 AM,-1.32
10103,4/9/2022 8:42:16 AM,-1.53
10103,4/9/2022 8:42:20 AM,-1.99
10103,4/9/2022 8:42:24 AM,-2.68
10103,4/9/2022 8:42:28 AM,-1.31
10103,4/9/2022 8:42:32 AM,-1.76
10103,4/9/2022 8:42:36 AM,-1.31
10103,4/9/2022 8:42:40 AM,-1.31
10103,4/9/2022 8:42:44 AM,-1.31
10103,4/9/2022 8:42:48 AM,-1.31
10103,4/9/2022 8:42:52 AM,-1.31
10103,4/9/2022 8:42:56 AM,-1.31
10103,4/9/2022 8:43:00 AM,-1.99
10103,4/9/2022 8:43:04 AM,-1.09
10103,4/9/2022 8:43:08 AM,-1.08
10103,4/9/2022 8:43:12 AM,-1.31
10103,4/9/2022 8:43:16 AM,-1.31
10103,4/9/2022 8:43:20 AM,-0.86
10103,4/9/2022 8:43:24 AM,-1.30
10103,4/9/2022 8:43:28 AM,-1.53
10103,4/9/2022 8:43:32 AM,-1.09
10103,4/9/2022 8:43:36 AM,-1.99
10103,4/9/2022 8:43:40 AM,-1.07
10103,4/9/2022 8:43:44 AM,-1.54
10103,4/9/2022 8:43:48 AM,-1.31
10103,4/9/2022 8:43:52 AM,-1.31
10103,4/9/2022 8:43:56 AM,-1.31
10103,4/9/2022 8:44:00 AM,-1.31
10103,4/9/2022 8:44:04 AM,-1.09
10103,4/9/2022 8:44:08 AM,-1.08
10103,4/9/2022 8:44:12 AM,-1.99
10103,4/9/2022 8:44:16 AM,-1.31
10103,4/9/2022 8:44:20 AM,-1.31
10103,4/9/2022 8:44:24 AM,-1.99
10103,4/9/2022 8:44:28 AM,-1.09
10103,4/9/2022 8:44:32 AM,-1.08
10103,4/9/2022 8:44:36 AM,-1.31
10103,4/9/2022 8:44:40 AM,-1.31
10103,4/9/2022 8:44:44 AM,-1.31
10103,4/9/2022 8:44:48 AM,-1.31
10103,4/9/2022 8:44:52 AM,-1.31
10103,4/9/2022 8:44:56 AM,-1.31
10103,4/9/2022 8:45:00 AM,-1.31
10103,4/9/2022 8:45:04 AM,-1.07
10103,4/9/2022 8:45:08 AM,-1.99
10103,4/9/2022 8:45:12 AM,-1.32
10103,4/9/2022 8:45:16 AM,-1.31
10103,4/9/2022 8:45:20 AM,-1.31
10103,4/9/2022 8:45:24 AM,-1.31
10103,4/9/2022 8:45:28 AM,-1.31
10103,4/9/2022 8:45:32 AM,-1.31
10103,4/9/2022 8:45:36 AM,-1.31
10103,4/9/2022 8:45:40 AM,-1.31
10103,4/9/2022 8:45:44 AM,-1.31
10103,4/9/2022 8:45:48 AM,-0.63
10103,4/9/2022 8:45:52 AM,-1.09
10103,4/9/2022 8:45:56 AM,-1.07
10103,4/9/2022 8:46:00 AM,-1.99
10103,4/9/2022 8:46:04 AM,-1.31
10103,4/9/2022 8:46:08 AM,-1.31
10103,4/9/2022 8:46:12 AM,-1.31
10103,4/9/2022 8:46:16 AM,-1.77
10103,4/9/2022 8:46:20 AM,-1.31
10103,4/9/2022 8:46:24 AM,-1.99
10103,4/9/2022 8:46:28 AM,-1.55
10103,4/9/2022 8:46:32 AM,-1.07
10103,4/9/2022 8:46:36 AM,-1.31
10103,4/9/2022 8:46:40 AM,-1.31
10103,4/9/2022 8:46:44 AM,-1.31
10103,4/9/2022 8:46:48 AM,-1.31
10103,4/9/2022 8:46:52 AM,-1.45
10103,4/9/2022 8:46:56 AM,-1.67
10103,4/9/2022 8:47:00 AM,-1.31
10103,4/9/2022 8:47:04 AM,-1.45
10103,4/9/2022 8:47:08 AM,-1.99
10103,4/9/2022 8:47:12 AM,-1.40
10103,4/9/2022 8:47:16 AM,-1.31
10103,4/9/2022 8:47:20 AM,-1.31
10103,4/9/2022 8:47:24 AM,-0.69
10103,4/9/2022 8:47:28 AM,-1.90
10103,4/9/2022 8:47:32 AM,-1.31
10103,4/9/2022 8:47:36 AM,-1.31
10103,4/9/2022 8:47:40 AM,-1.31
10103,4/9/2022 8:47:44 AM,-1.64
10103,4/9/2022 8:47:48 AM,-1.99
10103,4/9/2022 8:47:52 AM,-1.71
10103,4/9/2022 8:47:56 AM,-1.04
10103,4/9/2022 8:48:00 AM,0.05
10103,4/9/2022 8:48:04 AM,-1.09
10103,4/9/2022 8:48:08 AM,-1.08
10103,4/9/2022 8:48:12 AM,-1.31
10103,4/9/2022 8:48:16 AM,-1.53
10103,4/9/2022 8:48:20 AM,-1.54
10103,4/9/2022 8:48:24 AM,-1.31
10103,4/9/2022 8:48:28 AM,-0.62
10103,4/9/2022 8:48:32 AM,-0.62
10103,4/9/2022 8:48:36 AM,-1.98
10103,4/9/2022 8:48:40 AM,-1.31
10103,4/9/2022 8:48:44 AM,-1.75
10103,4/9/2022 8:48:48 AM,-1.31
10103,4/9/2022 8:48:52 AM,-1.53
10103,4/9/2022 8:48:56 AM,-1.10
10103,4/9/2022 8:49:00 AM,-1.30
10103,4/9/2022 8:49:04 AM,-1.77
10103,4/9/2022 8:49:08 AM,-1.76
10103,4/9/2022 8:49:12 AM,-1.32
10103,4/9/2022 8:49:16 AM,-1.09
10103,4/9/2022 8:49:20 AM,-1.07
10103,4/9/2022 8:49:24 AM,-1.31
10103,4/9/2022 8:49:28 AM,-0.84
10103,4/9/2022 8:49:32 AM,-1.76
10103,4/9/2022 8:49:36 AM,-1.31
10103,4/9/2022 8:49:40 AM,-1.53
10103,4/9/2022 8:49:44 AM,-1.55
10103,4/9/2022 8:49:48 AM,-1.31
10103,4/9/2022 8:49:52 AM,-1.53
10103,4/9/2022 8:49:56 AM,-1.55
10103,4/9/2022 8:50:00 AM,-1.99
10103,4/9/2022 8:50:04 AM,-0.85
10103,4/9/2022 8:50:08 AM,-1.31
10103,4/9/2022 8:50:12 AM,-1.31
10103,4/9/2022 8:50:16 AM,-1.09
10103,4/9/2022 8:50:20 AM,-1.07
10103,4/9/2022 8:50:24 AM,-1.31
10103,4/9/2022 8:50:28 AM,-1.53
10103,4/9/2022 8:50:32 AM,-1.54
10103,4/9/2022 8:50:36 AM,-1.99
10103,4/9/2022 8:50:40 AM,-1.09
10103,4/9/2022 8:50:44 AM,-1.52
10103,4/9/2022 8:50:48 AM,-1.31
10103,4/9/2022 8:50:52 AM,-1.09
10103,4/9/2022 8:50:56 AM,-1.07
10103,4/9/2022 8:51:00 AM,-1.99
10103,4/9/2022 8:51:04 AM,-0.84
10103,4/9/2022 8:51:08 AM,-1.76
10103,4/9/2022 8:51:12 AM,-1.99
10103,4/9/2022 8:51:16 AM,-1.31
10103,4/9/2022 8:51:20 AM,-1.31
10103,4/9/2022 8:51:24 AM,-1.99
10103,4/9/2022 8:51:28 AM,-1.56
10103,4/9/2022 8:51:32 AM,-1.07
10103,4/9/2022 8:51:36 AM,-1.31
10103,4/9/2022 8:51:40 AM,-1.75
10103,4/9/2022 8:51:44 AM,-1.78
10103,4/9/2022 8:51:48 AM,-1.99
10103,4/9/2022 8:51:52 AM,-1.56
10103,4/9/2022 8:51:56 AM,-1.51
10103,4/9/2022 8:52:00 AM,-2.67
10103,4/9/2022 8:52:04 AM,-1.75
10103,4/9/2022 8:52:08 AM,-1.78
10103,4/9/2022 8:52:12 AM,-1.31
10103,4/9/2022 8:52:16 AM,-1.55
10103,4/9/2022 8:52:20 AM,-1.52
10103,4/9/2022 8:52:24 AM,-2.67
10103,4/9/2022 8:52:28 AM,-1.53
10103,4/9/2022 8:52:32 AM,-1.54
10103,4/9/2022 8:52:36 AM,-1.31
10103,4/9/2022 8:52:40 AM,-1.78
10103,4/9/2022 8:52:44 AM,-1.31
10103,4/9/2022 8:52:48 AM,-1.31
10103,4/9/2022 8:52:52 AM,-1.53
10103,4/9/2022 8:52:56 AM,-1.99
10103,4/9/2022 8:53:00 AM,-1.99
10103,4/9/2022 8:53:04 AM,-1.31
10103,4/9/2022 8:53:08 AM,-1.76
10103,4/9/2022 8:53:12 AM,-1.32
10103,4/9/2022 8:53:16 AM,-1.99
10103,4/9/2022 8:53:20 AM,-1.99
10103,4/9/2022 8:53:24 AM,-1.99
10103,4/9/2022 8:53:28 AM,-1.78
10103,4/9/2022 8:53:32 AM,-1.31
10103,4/9/2022 8:53:36 AM,-1.99
10103,4/9/2022 8:53:40 AM,-1.77
10103,4/9/2022 8:53:44 AM,-1.31
10103,4/9/2022 8:53:48 AM,-1.31
10103,4/9/2022 8:53:52 AM,-1.31
10103,4/9/2022 8:53:56 AM,-1.75
10103,4/9/2022 8:54:00 AM,-1.32
10103,4/9/2022 8:54:04 AM,-1.31
10103,4/9/2022 8:54:08 AM,-1.31
10103,4/9/2022 8:54:12 AM,-1.31
10103,4/9/2022 8:54:16 AM,-1.77
10103,4/9/2022 8:54:20 AM,-2.20
10103,4/9/2022 8:54:24 AM,-2.00
10103,4/9/2022 8:54:28 AM,-1.78
10103,4/9/2022 8:54:32 AM,-1.31
10103,4/9/2022 8:54:36 AM,-1.99
10103,4/9/2022 8:54:40 AM,-1.99
10103,4/9/2022 8:54:44 AM,-1.10
10103,4/9/2022 8:54:48 AM,-1.98
10103,4/9/2022 8:54:52 AM,-1.53
10103,4/9/2022 8:54:56 AM,-1.55
10103,4/9/2022 8:55:00 AM,-1.99
10103,4/9/2022 8:55:04 AM,-2.21
10103,4/9/2022 8:55:08 AM,-1.34
10103,4/9/2022 8:55:12 AM,-1.98
10103,4/9/2022 8:55:16 AM,-2.21
10103,4/9/2022 8:55:20 AM,-2.23
10103,4/9/2022 8:55:24 AM,-1.99
10103,4/9/2022 8:55:28 AM,-1.09
10103,4/9/2022 8:55:32 AM,-1.06
10103,4/9/2022 8:55:36 AM,-1.99
10103,4/9/2022 8:55:40 AM,-1.09
10103,4/9/2022 8:55:44 AM,-1.97
10103,4/9/2022 8:55:48 AM,-2.00
10103,4/9/2022 8:55:52 AM,-1.75
10103,4/9/2022 8:55:56 AM,-2.23
10103,4/9/2022 8:56:00 AM,-1.32
10103,4/9/2022 8:56:04 AM,-0.84
10103,4/9/2022 8:56:08 AM,-1.76
10103,4/9/2022 8:56:12 AM,-1.32
10103,4/9/2022 8:56:16 AM,-1.31
10103,4/9/2022 8:56:20 AM,-1.76
10103,4/9/2022 8:56:24 AM,-1.31
10103,4/9/2022 8:56:28 AM,-1.77
10103,4/9/2022 8:56:32 AM,-1.76
10103,4/9/2022 8:56:36 AM,-1.99
10103,4/9/2022 8:56:40 AM,-1.31
10103,4/9/2022 8:56:44 AM,-1.76
10103,4/9/2022 8:56:48 AM,-1.99
10103,4/9/2022 8:56:52 AM,-1.99
10103,4/9/2022 8:56:56 AM,-1.99
10103,4/9/2022 8:57:00 AM,-2.68
10103,4/9/2022 8:57:04 AM,-1.53
10103,4/9/2022 8:57:08 AM,-1.54
10103,4/9/2022 8:57:12 AM,-1.99
10103,4/9/2022 8:57:16 AM,-1.80
10103,4/9/2022 8:57:20 AM,-1.31
10103,4/9/2022 8:57:24 AM,-1.31
10103,4/9/2022 8:57:28 AM,-1.99
10103,4/9/2022 8:57:32 AM,-1.99
10103,4/9/2022 8:57:36 AM,-1.31
10103,4/9/2022 8:57:40 AM,-1.31
10103,4/9/2022 8:57:44 AM,-1.76
10103,4/9/2022 8:57:48 AM,-1.31
10103,4/9/2022 8:57:52 AM,-1.31
10103,4/9/2022 8:57:56 AM,-1.76
10103,4/9/2022 8:58:00 AM,-1.99
10103,4/9/2022 8:58:04 AM,-2.22
10103,4/9/2022 8:58:08 AM,-2.68
10103,4/9/2022 8:58:12 AM,-2.00
10103,4/9/2022 8:58:16 AM,-2.24
10103,4/9/2022 8:58:20 AM,-1.76
10103,4/9/2022 8:58:24 AM,-1.31
10103,4/9/2022 8:58:28 AM,-2.46
10103,4/9/2022 8:58:32 AM,-2.45
10103,4/9/2022 8:58:36 AM,-2.00
10103,4/9/2022 8:58:40 AM,-1.53
10103,4/9/2022 8:58:44 AM,-1.99
10103,4/9/2022 8:58:48 AM,-1.99
10103,4/9/2022 8:58:52 AM,-2.46
10103,4/9/2022 8:58:56 AM,-2.39
10103,4/9/2022 8:59:00 AM,-1.32
10103,4/9/2022 8:59:04 AM,-2.68
10103,4/9/2022 8:59:08 AM,-1.78
10103,4/9/2022 8:59:12 AM,-1.31
10103,4/9/2022 8:59:16 AM,-1.99
10103,4/9/2022 8:59:20 AM,-1.54
10103,4/9/2022 8:59:24 AM,-2.67
10103,4/9/2022 8:59:28 AM,-1.53
10103,4/9/2022 8:59:32 AM,-1.54
10103,4/9/2022 8:59:36 AM,-1.31
10103,4/9/2022 8:59:40 AM,-1.99
10103,4/9/2022 8:59:44 AM,-1.99
10103,4/9/2022 8:59:48 AM,-1.99
10103,4/9/2022 8:59:52 AM,-1.09
10103,4/9/2022 8:59:56 AM,-1.07
10103,4/9/2022 9:00:00 AM,-1.99
10103,4/9/2022 9:00:04 AM,-2.68
10103,4/9/2022 9:00:08 AM,-1.78
10103,4/9/2022 9:00:12 AM,-1.31
10103,4/9/2022 9:00:16 AM,-2.46
10103,4/9/2022 9:00:20 AM,-1.99
10103,4/9/2022 9:00:24 AM,-1.31
10103,4/9/2022 9:00:28 AM,-2.46
10103,4/9/2022 9:00:32 AM,-2.44
10103,4/9/2022 9:00:36 AM,-2.68
10103,4/9/2022 9:00:40 AM,-2.46
10103,4/9/2022 9:00:44 AM,-1.55
10103,4/9/2022 9:00:48 AM,-2.67
10103,4/9/2022 9:00:52 AM,-1.99
10103,4/9/2022 9:00:56 AM,-1.55
10103,4/9/2022 9:01:00 AM,-1.31
10103,4/9/2022 9:01:04 AM,-1.77
10103,4/9/2022 9:01:08 AM,-1.31
10103,4/9/2022 9:01:12 AM,-1.99
10103,4/9/2022 9:01:16 AM,-2.46
10103,4/9/2022 9:01:20 AM,-1.54
10103,4/9/2022 9:01:24 AM,-1.31
10103,4/9/2022 9:01:28 AM,-1.53
10103,4/9/2022 9:01:32 AM,-1.99
10103,4/9/2022 9:01:36 AM,-1.99
10103,4/9/2022 9:01:40 AM,-1.07
10103,4/9/2022 9:01:44 AM,-1.99
10103,4/9/2022 9:01:48 AM,-1.32
10103,4/9/2022 9:01:52 AM,-2.24
10103,4/9/2022 9:01:56 AM,-1.31
10103,4/9/2022 9:02:00 AM,-1.99
10103,4/9/2022 9:02:04 AM,-1.29
10103,4/9/2022 9:02:08 AM,-2.23
10103,4/9/2022 9:02:12 AM,-1.99
10103,4/9/2022 9:02:16 AM,-1.53
10103,4/9/2022 9:02:20 AM,-1.55
10103,4/9/2022 9:02:24 AM,-1.99
10103,4/9/2022 9:02:28 AM,-1.99
10103,4/9/2022 9:02:32 AM,-1.54
10103,4/9/2022 9:02:36 AM,-2.67
10103,4/9/2022 9:02:40 AM,-1.77
10103,4/9/2022 9:02:44 AM,-1.76
10103,4/9/2022 9:02:48 AM,-1.99
10103,4/9/2022 9:02:52 AM,-1.31
10103,4/9/2022 9:02:56 AM,-1.76
10103,4/9/2022 9:03:00 AM,-1.99
10103,4/9/2022 9:03:04 AM,-1.31
10103,4/9/2022 9:03:08 AM,-1.31
10103,4/9/2022 9:03:12 AM,-1.31
10103,4/9/2022 9:03:16 AM,-1.31
10103,4/9/2022 9:03:20 AM,-1.76
10103,4/9/2022 9:03:24 AM,-1.99
10103,4/9/2022 9:03:28 AM,-1.99
10103,4/9/2022 9:03:32 AM,-1.55
10103,4/9/2022 9:03:36 AM,-1.99
10103,4/9/2022 9:03:40 AM,-1.77
10103,4/9/2022 9:03:44 AM,-1.31
10103,4/9/2022 9:03:48 AM,-1.99
10103,4/9/2022 9:03:52 AM,-1.99
10103,4/9/2022 9:03:56 AM,-1.99
10103,4/9/2022 9:04:00 AM,-1.99
10103,4/9/2022 9:04:04 AM,-1.31
10103,4/9/2022 9:04:08 AM,-1.31
10103,4/9/2022 9:04:12 AM,-1.31
10103,4/9/2022 9:04:16 AM,-0.84
10103,4/9/2022 9:04:20 AM,-1.31
10103,4/9/2022 9:04:24 AM,-1.31
10103,4/9/2022 9:04:28 AM,-1.06
10103,4/9/2022 9:04:32 AM,-1.10
10103,4/9/2022 9:04:36 AM,-1.98
10103,4/9/2022 9:04:40 AM,-1.53
10103,4/9/2022 9:04:44 AM,-1.99
10103,4/9/2022 9:04:48 AM,-1.32
10103,4/9/2022 9:04:52 AM,-1.31
10103,4/9/2022 9:04:56 AM,-1.31
10103,4/9/2022 9:05:00 AM,-1.31
10103,4/9/2022 9:05:04 AM,-1.53
10103,4/9/2022 9:05:08 AM,-1.99
10103,4/9/2022 9:05:12 AM,-1.99
10103,4/9/2022 9:05:16 AM,-1.78
10103,4/9/2022 9:05:20 AM,-1.31
10103,4/9/2022 9:05:24 AM,-1.99
10103,4/9/2022 9:05:28 AM,-2.46
10103,4/9/2022 9:05:32 AM,-1.99
10103,4/9/2022 9:05:36 AM,-1.99
10103,4/9/2022 9:05:40 AM,-2.24
10103,4/9/2022 9:05:44 AM,-1.76
10103,4/9/2022 9:05:48 AM,-1.32
10103,4/9/2022 9:05:52 AM,-1.99
10103,4/9/2022 9:05:56 AM,-1.99
10103,4/9/2022 9:06:00 AM,-1.32
10103,4/9/2022 9:06:04 AM,-1.75
10103,4/9/2022 9:06:08 AM,-2.23
10103,4/9/2022 9:06:12 AM,-1.32
10103,4/9/2022 9:06:16 AM,-1.53
10103,4/9/2022 9:06:20 AM,-1.55
10103,4/9/2022 9:06:24 AM,-2.67
10103,4/9/2022 9:06:28 AM,-2.46
10103,4/9/2022 9:06:32 AM,-1.55
10103,4/9/2022 9:06:36 AM,-1.31
10103,4/9/2022 9:06:40 AM,-1.99
10103,4/9/2022 9:06:44 AM,-1.99
10103,4/9/2022 9:06:48 AM,-1.99
10103,4/9/2022 9:06:52 AM,-1.53
10103,4/9/2022 9:06:56 AM,-1.99
10103,4/9/2022 9:07:00 AM,-1.32
10103,4/9/2022 9:07:04 AM,-1.70
10103,4/9/2022 9:07:08 AM,-2.30
10103,4/9/2022 9:07:12 AM,-1.50
10103,4/9/2022 9:07:16 AM,-2.55
10103,4/9/2022 9:07:20 AM,-1.63
10103,4/9/2022 9:07:24 AM,-2.52
10103,4/9/2022 9:07:28 AM,-2.09
10103,4/9/2022 9:07:32 AM,-2.68
10103,4/9/2022 9:07:36 AM,-2.08
10103,4/9/2022 9:07:40 AM,-1.99
10103,4/9/2022 9:07:44 AM,-1.99
10103,4/9/2022 9:07:48 AM,-1.99
10103,4/9/2022 9:07:52 AM,-1.31
10103,4/9/2022 9:07:56 AM,-1.31
10103,4/9/2022 9:08:00 AM,-1.99
10103,4/9/2022 9:08:04 AM,-1.75
10103,4/9/2022 9:08:08 AM,-2.23
10103,4/9/2022 9:08:12 AM,-1.32
10103,4/9/2022 9:08:16 AM,-1.77
10103,4/9/2022 9:08:20 AM,-1.76
10103,4/9/2022 9:08:24 AM,-1.32
10103,4/9/2022 9:08:28 AM,-1.09
10103,4/9/2022 9:08:32 AM,-1.07
10103,4/9/2022 9:08:36 AM,-1.31
10103,4/9/2022 9:08:40 AM,-2.21
10103,4/9/2022 9:08:44 AM,-1.79
10103,4/9/2022 9:08:48 AM,-1.31
10103,4/9/2022 9:08:52 AM,-1.31
10103,4/9/2022 9:08:56 AM,-1.31
10103,4/9/2022 9:09:00 AM,-1.99
10103,4/9/2022 9:09:04 AM,-1.31
10103,4/9/2022 9:09:08 AM,-1.07
10103,4/9/2022 9:09:12 AM,-2.31
10103,4/9/2022 9:09:16 AM,-1.47
10103,4/9/2022 9:09:20 AM,-1.64
10103,4/9/2022 9:09:24 AM,-1.92
10103,4/9/2022 9:09:28 AM,-1.99
10103,4/9/2022 9:09:32 AM,-1.31
10103,4/9/2022 9:09:36 AM,-1.26
10103,4/9/2022 9:09:40 AM,-1.58
10103,4/9/2022 9:09:44 AM,-2.02
10103,4/9/2022 9:09:48 AM,-2.54
10103,4/9/2022 9:09:52 AM,-1.99
10103,4/9/2022 9:09:56 AM,-1.66
10103,4/9/2022 9:10:00 AM,-1.92
10103,4/9/2022 9:10:04 AM,-1.84
10103,4/9/2022 9:10:08 AM,-1.31
10103,4/9/2022 9:10:12 AM,-1.31
10103,4/9/2022 9:10:16 AM,-1.99
10103,4/9/2022 9:10:20 AM,-1.64
10103,4/9/2022 9:10:24 AM,-1.93
10103,4/9/2022 9:10:28 AM,-1.99
10103,4/9/2022 9:10:32 AM,-1.99
10103,4/9/2022 9:10:36 AM,-1.38
10103,4/9/2022 9:10:40 AM,-1.99
10103,4/9/2022 9:10:44 AM,-1.99
10103,4/9/2022 9:10:48 AM,-1.99
10103,4/9/2022 9:10:52 AM,-1.31
10103,4/9/2022 9:10:56 AM,-1.31
10103,4/9/2022 9:11:00 AM,-2.56
10103,4/9/2022 9:11:04 AM,-2.14
10103,4/9/2022 9:11:08 AM,-2.08
10103,4/9/2022 9:11:12 AM,-1.89
10103,4/9/2022 9:11:16 AM,-1.44
10103,4/9/2022 9:11:20 AM,-2.35
10103,4/9/2022 9:11:24 AM,-2.09
10103,4/9/2022 9:11:28 AM,-1.41
10103,4/9/2022 9:11:32 AM,-1.99
10103,4/9/2022 9:11:36 AM,-1.99
10103,4/9/2022 9:11:40 AM,-1.86
10103,4/9/2022 9:11:44 AM,-1.31
10103,4/9/2022 9:11:48 AM,-1.91
10103,4/9/2022 9:11:52 AM,-2.14
10103,4/9/2022 9:11:56 AM,-2.06
10103,4/9/2022 9:12:00 AM,-1.94
10103,4/9/2022 9:12:04 AM,-1.99
10103,4/9/2022 9:12:08 AM,-2.70
10103,4/9/2022 9:12:12 AM,-2.78
10103,4/9/2022 9:12:16 AM,-1.99
10103,4/9/2022 9:12:20 AM,-1.65
10103,4/9/2022 9:12:24 AM,-2.50
10103,4/9/2022 9:12:28 AM,-2.11
10103,4/9/2022 9:12:32 AM,-2.33
10103,4/9/2022 9:12:36 AM,-1.99
10103,4/9/2022 9:12:40 AM,-1.31
10103,4/9/2022 9:12:44 AM,-1.63
10103,4/9/2022 9:12:48 AM,-1.99
10103,4/9/2022 9:12:52 AM,-1.87
10103,4/9/2022 9:12:56 AM,-1.31
10103,4/9/2022 9:13:00 AM,-1.89
10103,4/9/2022 9:13:04 AM,-1.99
10103,4/9/2022 9:13:08 AM,-2.34
10103,4/9/2022 9:13:12 AM,-2.68
10103,4/9/2022 9:13:16 AM,-1.58
10103,4/9/2022 9:13:20 AM,-1.98
10103,4/9/2022 9:13:24 AM,-1.92
10103,4/9/2022 9:13:28 AM,-2.68
10103,4/9/2022 9:13:32 AM,-2.36
10103,4/9/2022 9:13:36 AM,-1.99
10103,4/9/2022 9:13:40 AM,-1.45
10103,4/9/2022 9:13:44 AM,-1.99
10103,4/9/2022 9:13:48 AM,-1.99
10103,4/9/2022 9:13:52 AM,-1.99
10103,4/9/2022 9:13:56 AM,-1.99
10103,4/9/2022 9:14:00 AM,-1.99
10103,4/9/2022 9:14:04 AM,-2.14
10103,4/9/2022 9:14:08 AM,-2.32
10103,4/9/2022 9:14:12 AM,-1.41
10103,4/9/2022 9:14:16 AM,-1.57
10103,4/9/2022 9:14:20 AM,-2.33
10103,4/9/2022 9:14:24 AM,-1.99
10103,4/9/2022 9:14:28 AM,-1.87
10103,4/9/2022 9:14:32 AM,-1.68
10103,4/9/2022 9:14:36 AM,-1.41
10103,4/9/2022 9:14:40 AM,-2.56
10103,4/9/2022 9:14:44 AM,-1.99
10103,4/9/2022 9:14:48 AM,-1.99
10103,4/9/2022 9:14:52 AM,-1.31
10103,4/9/2022 9:14:56 AM,-1.64
10103,4/9/2022 9:15:00 AM,-2.60
10103,4/9/2022 9:15:04 AM,-2.13
10103,4/9/2022 9:15:08 AM,-2.34
10103,4/9/2022 9:15:12 AM,-1.99
10103,4/9/2022 9:15:16 AM,-1.99
10103,4/9/2022 9:15:20 AM,-1.63
10103,4/9/2022 9:15:24 AM,-1.90
10103,4/9/2022 9:15:28 AM,-2.51
10103,4/9/2022 9:15:32 AM,-1.64
10103,4/9/2022 9:15:36 AM,-1.99
10103,4/9/2022 9:15:40 AM,-2.13
10103,4/9/2022 9:15:44 AM,-2.33
10103,4/9/2022 9:15:48 AM,-1.99
10103,4/9/2022 9:15:52 AM,-1.99
10103,4/9/2022 9:15:56 AM,-1.99
10103,4/9/2022 9:16:00 AM,-3.21
10103,4/9/2022 9:16:04 AM,-1.99
10103,4/9/2022 9:16:08 AM,-2.72
10103,4/9/2022 9:16:12 AM,-2.24
10103,4/9/2022 9:16:16 AM,-2.24
10103,4/9/2022 9:16:20 AM,-3.02
10103,4/9/2022 9:16:24 AM,-2.07
10103,4/9/2022 9:16:28 AM,-2.20
10103,4/9/2022 9:16:32 AM,-3.00
10103,4/9/2022 9:16:36 AM,-3.31
10103,4/9/2022 9:16:40 AM,-2.84
10103,4/9/2022 9:16:44 AM,-2.82
10103,4/9/2022 9:16:48 AM,-2.59
10103,4/9/2022 9:16:52 AM,-1.99
10103,4/9/2022 9:16:56 AM,-1.99
10103,4/9/2022 9:17:00 AM,-1.99
10103,4/9/2022 9:17:04 AM,-1.45
10103,4/9/2022 9:17:08 AM,-2.33
10103,4/9/2022 9:17:12 AM,-1.52
10103,4/9/2022 9:17:16 AM,-2.54
10103,4/9/2022 9:17:20 AM,-1.99
10103,4/9/2022 9:17:24 AM,-1.99
10103,4/9/2022 9:17:28 AM,-2.56
10103,4/9/2022 9:17:32 AM,-2.33
10103,4/9/2022 9:17:36 AM,-2.08
10103,4/9/2022 9:17:40 AM,-2.11
10103,4/9/2022 9:17:44 AM,-2.36
10103,4/9/2022 9:17:48 AM,-1.99
10103,4/9/2022 9:17:52 AM,-2.14
10103,4/9/2022 9:17:56 AM,-2.30
10103,4/9/2022 9:18:00 AM,-3.35
10103,4/9/2022 9:18:04 AM,-2.46
10103,4/9/2022 9:18:08 AM,-2.44
10103,4/9/2022 9:18:12 AM,-2.68
10103,4/9/2022 9:18:16 AM,-2.21
10103,4/9/2022 9:18:20 AM,-2.23
10103,4/9/2022 9:18:24 AM,-1.99
10103,4/9/2022 9:18:28 AM,-2.43
10103,4/9/2022 9:18:32 AM,-2.91
10103,4/9/2022 9:18:36 AM,-2.00
10103,4/9/2022 9:18:40 AM,-3.14
10103,4/9/2022 9:18:44 AM,-2.23
10103,4/9/2022 9:18:48 AM,-1.99
10103,4/9/2022 9:18:52 AM,-2.68
10103,4/9/2022 9:18:56 AM,-2.68
10103,4/9/2022 9:19:00 AM,-1.32
10103,4/9/2022 9:19:04 AM,-2.46
10103,4/9/2022 9:19:08 AM,-1.99
10103,4/9/2022 9:19:12 AM,-3.34
10103,4/9/2022 9:19:16 AM,-3.14
10103,4/9/2022 9:19:20 AM,-2.23
10103,4/9/2022 9:19:24 AM,-1.99
10103,4/9/2022 9:19:28 AM,-1.99
10103,4/9/2022 9:19:32 AM,-1.55
10103,4/9/2022 9:19:36 AM,-3.34
10103,4/9/2022 9:19:40 AM,-1.99
10103,4/9/2022 9:19:44 AM,-1.99
10103,4/9/2022 9:19:48 AM,-2.67
10103,4/9/2022 9:19:52 AM,-2.68
10103,4/9/2022 9:19:56 AM,-2.23
10103,4/9/2022 9:20:00 AM,-1.99
10103,4/9/2022 9:20:04 AM,-1.99
10103,4/9/2022 9:20:08 AM,-2.44
10103,4/9/2022 9:20:12 AM,-2.68
10103,4/9/2022 9:20:16 AM,-2.46
10103,4/9/2022 9:20:20 AM,-2.89
10103,4/9/2022 9:20:24 AM,-2.01
10103,4/9/2022 9:20:28 AM,-2.21
10103,4/9/2022 9:20:32 AM,-2.23
10103,4/9/2022 9:20:36 AM,-1.31
10103,4/9/2022 9:20:40 AM,-2.68
10103,4/9/2022 9:20:44 AM,-2.23
10103,4/9/2022 9:20:48 AM,-3.36
10103,4/9/2022 9:20:52 AM,-2.43
10103,4/9/2022 9:20:56 AM,-2.47
10103,4/9/2022 9:21:00 AM,-1.99
10103,4/9/2022 9:21:04 AM,-2.21
10103,4/9/2022 9:21:08 AM,-2.68
10103,4/9/2022 9:21:12 AM,-2.68
10103,4/9/2022 9:21:16 AM,-1.99
10103,4/9/2022 9:21:20 AM,-2.44
10103,4/9/2022 9:21:24 AM,-2.68
10103,4/9/2022 9:21:28 AM,-1.99
10103,4/9/2022 9:21:32 AM,-2.44
10103,4/9/2022 9:21:36 AM,-2.68
10103,4/9/2022 9:21:40 AM,-3.14
10103,4/9/2022 9:21:44 AM,-2.68
10103,4/9/2022 9:21:48 AM,-3.36
10103,4/9/2022 9:21:52 AM,-2.68
10103,4/9/2022 9:21:56 AM,-2.68
10103,4/9/2022 9:22:00 AM,-2.68
10103,4/9/2022 9:22:04 AM,-2.46
10103,4/9/2022 9:22:08 AM,-1.99
10103,4/9/2022 9:22:12 AM,-1.99
10103,4/9/2022 9:22:16 AM,-2.92
10103,4/9/2022 9:22:20 AM,-2.44
10103,4/9/2022 9:22:24 AM,-2.00
10103,4/9/2022 9:22:28 AM,-2.68
10103,4/9/2022 9:22:32 AM,-2.23
10103,4/9/2022 9:22:36 AM,-2.67
10103,4/9/2022 9:22:40 AM,-2.92
10103,4/9/2022 9:22:44 AM,-2.44
10103,4/9/2022 9:22:48 AM,-2.68
10103,4/9/2022 9:22:52 AM,-2.44
10103,4/9/2022 9:22:56 AM,-2.92
10103,4/9/2022 9:23:00 AM,-2.68
10103,4/9/2022 9:23:04 AM,-3.14
10103,4/9/2022 9:23:08 AM,-2.68
10103,4/9/2022 9:23:12 AM,-2.68
10103,4/9/2022 9:23:16 AM,-2.22
10103,4/9/2022 9:23:20 AM,-2.68
10103,4/9/2022 9:23:24 AM,-2.68
10103,4/9/2022 9:23:28 AM,-2.46
10103,4/9/2022 9:23:32 AM,-2.44
10103,4/9/2022 9:23:36 AM,-2.00
10103,4/9/2022 9:23:40 AM,-3.16
10103,4/9/2022 9:23:44 AM,-2.68
10103,4/9/2022 9:23:48 AM,-2.00
10103,4/9/2022 9:23:52 AM,-2.46
10103,4/9/2022 9:23:56 AM,-2.44
10103,4/9/2022 9:24:00 AM,-2.68
10103,4/9/2022 9:24:04 AM,-3.14
10103,4/9/2022 9:24:08 AM,-3.13
10103,4/9/2022 9:24:12 AM,-2.01
10103,4/9/2022 9:24:16 AM,-2.68
10103,4/9/2022 9:24:20 AM,-2.23
10103,4/9/2022 9:24:24 AM,-3.36
10103,4/9/2022 9:24:28 AM,-2.68
10103,4/9/2022 9:24:32 AM,-3.13
10103,4/9/2022 9:24:36 AM,-2.68
10103,4/9/2022 9:24:40 AM,-2.68
10103,4/9/2022 9:24:44 AM,-2.68
10103,4/9/2022 9:24:48 AM,-2.68
10103,4/9/2022 9:24:52 AM,-2.68
10103,4/9/2022 9:24:56 AM,-2.68
10103,4/9/2022 9:25:00 AM,-2.68
10103,4/9/2022 9:25:04 AM,-2.90
10103,4/9/2022 9:25:08 AM,-2.91
10103,4/9/2022 9:25:12 AM,-2.68
10103,4/9/2022 9:25:16 AM,-2.22
10103,4/9/2022 9:25:20 AM,-2.23
10103,4/9/2022 9:25:24 AM,-1.99
10103,4/9/2022 9:25:28 AM,-2.46
10103,4/9/2022 9:25:32 AM,-2.44
10103,4/9/2022 9:25:36 AM,-2.68
10103,4/9/2022 9:25:40 AM,-2.90
10103,4/9/2022 9:25:44 AM,-3.36
10103,4/9/2022 9:25:48 AM,-3.36
10103,4/9/2022 9:25:52 AM,-2.68
10103,4/9/2022 9:25:56 AM,-2.68
10103,4/9/2022 9:26:00 AM,-2.68
10103,4/9/2022 9:26:04 AM,-2.68
10103,4/9/2022 9:26:08 AM,-2.68
10103,4/9/2022 9:26:12 AM,-3.36
10103,4/9/2022 9:26:16 AM,-2.68
10103,4/9/2022 9:26:20 AM,-2.68
10103,4/9/2022 9:26:24 AM,-2.00
10103,4/9/2022 9:26:28 AM,-3.14
10103,4/9/2022 9:26:32 AM,-2.68
10103,4/9/2022 9:26:36 AM,-3.36
10103,4/9/2022 9:26:40 AM,-3.64
10103,4/9/2022 9:26:44 AM,-2.68
10103,4/9/2022 9:26:48 AM,-2.68
10103,4/9/2022 9:26:52 AM,-2.90
10103,4/9/2022 9:26:56 AM,-2.92
10103,4/9/2022 9:27:00 AM,-2.00
10103,4/9/2022 9:27:04 AM,-2.43
10103,4/9/2022 9:27:08 AM,-2.92
10103,4/9/2022 9:27:12 AM,-2.00
10103,4/9/2022 9:27:16 AM,-2.68
10103,4/9/2022 9:27:20 AM,-2.68
10103,4/9/2022 9:27:24 AM,-2.68
10103,4/9/2022 9:27:28 AM,-2.68
10103,4/9/2022 9:27:32 AM,-3.58
10103,4/9/2022 9:27:36 AM,-2.01
10103,4/9/2022 9:27:40 AM,-2.68
10103,4/9/2022 9:27:44 AM,-2.68
10103,4/9/2022 9:27:48 AM,-2.68
10103,4/9/2022 9:27:52 AM,-2.92
10103,4/9/2022 9:27:56 AM,-2.89
10103,4/9/2022 9:28:00 AM,-2.68
10103,4/9/2022 9:28:04 AM,-2.68
10103,4/9/2022 9:28:08 AM,-2.68
10103,4/9/2022 9:28:12 AM,-2.68
10103,4/9/2022 9:28:16 AM,-2.90
10103,4/9/2022 9:28:20 AM,-2.91
10103,4/9/2022 9:28:24 AM,-2.68
10103,4/9/2022 9:28:28 AM,-2.90
10103,4/9/2022 9:28:32 AM,-2.91
10103,4/9/2022 9:28:36 AM,-2.68
10103,4/9/2022 9:28:40 AM,-3.36
10103,4/9/2022 9:28:44 AM,-3.36
10103,4/9/2022 9:28:48 AM,-3.36
10103,4/9/2022 9:28:52 AM,-2.68
10103,4/9/2022 9:28:56 AM,-2.68
10103,4/9/2022 9:29:00 AM,-3.30
10103,4/9/2022 9:29:04 AM,-3.36
10103,4/9/2022 9:29:08 AM,-3.02
10103,4/9/2022 9:29:12 AM,-3.27
10103,4/9/2022 9:29:16 AM,-2.68
10103,4/9/2022 9:29:20 AM,-2.31
10103,4/9/2022 9:29:24 AM,-2.60
10103,4/9/2022 9:29:28 AM,-2.58
10103,4/9/2022 9:29:32 AM,-1.99
10103,4/9/2022 9:29:36 AM,-3.19
10103,4/9/2022 9:29:40 AM,-3.24
10103,4/9/2022 9:29:44 AM,-2.68
10103,4/9/2022 9:29:48 AM,-2.05
10103,4/9/2022 9:29:52 AM,-2.68
10103,4/9/2022 9:29:56 AM,-2.68
10103,4/9/2022 9:30:00 AM,-2.68
10103,4/9/2022 9:30:04 AM,-2.68
10103,4/9/2022 9:30:08 AM,-3.42
10103,4/9/2022 9:30:12 AM,-2.91
10103,4/9/2022 9:30:16 AM,-2.12
10103,4/9/2022 9:30:20 AM,-2.68
10103,4/9/2022 9:30:24 AM,-2.68
10103,4/9/2022 9:30:28 AM,-2.11
10103,4/9/2022 9:30:32 AM,-3.05
10103,4/9/2022 9:30:36 AM,-3.36
10103,4/9/2022 9:30:40 AM,-2.68
10103,4/9/2022 9:30:44 AM,-2.68
10103,4/9/2022 9:30:48 AM,-2.68
10103,4/9/2022 9:30:52 AM,-2.68
10103,4/9/2022 9:30:56 AM,-2.92
10103,4/9/2022 9:31:00 AM,-2.87
10103,4/9/2022 9:31:04 AM,-3.23
10103,4/9/2022 9:31:08 AM,-2.68
10103,4/9/2022 9:31:12 AM,-2.68
10103,4/9/2022 9:31:16 AM,-2.98
10103,4/9/2022 9:31:20 AM,-3.32
10103,4/9/2022 9:31:24 AM,-2.68
10103,4/9/2022 9:31:28 AM,-2.10
10103,4/9/2022 9:31:32 AM,-2.68
10103,4/9/2022 9:31:36 AM,-2.68
10103,4/9/2022 9:31:40 AM,-2.92
10103,4/9/2022 9:31:44 AM,-2.44
10103,4/9/2022 9:31:48 AM,-2.00
10103,4/9/2022 9:31:52 AM,-2.68
10103,4/9/2022 9:31:56 AM,-3.13
10103,4/9/2022 9:32:00 AM,-2.68
10103,4/9/2022 9:32:04 AM,-2.68
10103,4/9/2022 9:32:08 AM,-2.23
10103,4/9/2022 9:32:12 AM,-2.67
10103,4/9/2022 9:32:16 AM,-3.14
10103,4/9/2022 9:32:20 AM,-2.23
10103,4/9/2022 9:32:24 AM,-4.03
10103,4/9/2022 9:32:28 AM,-3.36
10103,4/9/2022 9:32:32 AM,-3.36
10103,4/9/2022 9:32:36 AM,-2.01
10103,4/9/2022 9:32:40 AM,-2.68
10103,4/9/2022 9:32:44 AM,-3.12
10103,4/9/2022 9:32:48 AM,-2.01
10103,4/9/2022 9:32:52 AM,-3.14
10103,4/9/2022 9:32:56 AM,-2.68
10103,4/9/2022 9:33:00 AM,-2.68
10103,4/9/2022 9:33:04 AM,-2.93
10103,4/9/2022 9:33:08 AM,-2.44
10103,4/9/2022 9:33:12 AM,-2.00
10103,4/9/2022 9:33:16 AM,-3.14
10103,4/9/2022 9:33:20 AM,-2.23
10103,4/9/2022 9:33:24 AM,-3.35
10103,4/9/2022 9:33:28 AM,-3.36
10103,4/9/2022 9:33:32 AM,-2.91
10103,4/9/2022 9:33:36 AM,-2.68
10103,4/9/2022 9:33:40 AM,-2.90
10103,4/9/2022 9:33:44 AM,-3.36
10103,4/9/2022 9:33:48 AM,-2.68
10103,4/9/2022 9:33:52 AM,-2.93
10103,4/9/2022 9:33:56 AM,-2.44
10103,4/9/2022 9:34:00 AM,-2.68
10103,4/9/2022 9:34:04 AM,-2.68
10103,4/9/2022 9:34:08 AM,-2.68
10103,4/9/2022 9:34:12 AM,-3.36
10103,4/9/2022 9:34:16 AM,-3.36
10103,4/9/2022 9:34:20 AM,-2.46
10103,4/9/2022 9:34:24 AM,-1.99
10103,4/9/2022 9:34:28 AM,-2.68
10103,4/9/2022 9:34:32 AM,-2.23
10103,4/9/2022 9:34:36 AM,-2.67
10103,4/9/2022 9:34:40 AM,-2.44
10103,4/9/2022 9:34:44 AM,-3.36
10103,4/9/2022 9:34:48 AM,-2.68
10103,4/9/2022 9:34:52 AM,-2.68
10103,4/9/2022 9:34:56 AM,-2.68
10103,4/9/2022 9:35:00 AM,-2.68
10103,4/9/2022 9:35:04 AM,-3.60
10103,4/9/2022 9:35:08 AM,-3.13
10103,4/9/2022 9:35:12 AM,-2.69
10103,4/9/2022 9:35:16 AM,-2.68
10103,4/9/2022 9:35:20 AM,-3.13
10103,4/9/2022 9:35:24 AM,-2.00
10103,4/9/2022 9:35:28 AM,-2.43
10103,4/9/2022 9:35:32 AM,-2.47
10103,4/9/2022 9:35:36 AM,-3.36
10103,4/9/2022 9:35:40 AM,-2.68
10103,4/9/2022 9:35:44 AM,-3.13
10103,4/9/2022 9:35:48 AM,-2.68
10103,4/9/2022 9:35:52 AM,-3.36
10103,4/9/2022 9:35:56 AM,-2.92
10103,4/9/2022 9:36:00 AM,-2.68
10103,4/9/2022 9:36:04 AM,-3.14
10103,4/9/2022 9:36:08 AM,-2.23
10103,4/9/2022 9:36:12 AM,-1.99
10103,4/9/2022 9:36:16 AM,-2.24
10103,4/9/2022 9:36:20 AM,-2.66
10103,4/9/2022 9:36:24 AM,-2.68
10103,4/9/2022 9:36:28 AM,-2.68
10103,4/9/2022 9:36:32 AM,-2.68
10103,4/9/2022 9:36:36 AM,-3.36
10103,4/9/2022 9:36:40 AM,-2.68
10103,4/9/2022 9:36:44 AM,-2.23
10103,4/9/2022 9:36:48 AM,-3.23
10103,4/9/2022 9:36:52 AM,-2.44
10103,4/9/2022 9:36:56 AM,-2.47
10103,4/9/2022 9:37:00 AM,-2.60
10103,4/9/2022 9:37:04 AM,-2.68
10103,4/9/2022 9:37:08 AM,-2.68
10103,4/9/2022 9:37:12 AM,-2.68
10103,4/9/2022 9:37:16 AM,-2.22
10103,4/9/2022 9:37:20 AM,-2.68
10103,4/9/2022 9:37:24 AM,-2.68
10103,4/9/2022 9:37:28 AM,-3.14
10103,4/9/2022 9:37:32 AM,-2.68
10103,4/9/2022 9:37:36 AM,-2.68
10103,4/9/2022 9:37:40 AM,-3.14
10103,4/9/2022 9:37:44 AM,-2.23
10103,4/9/2022 9:37:48 AM,-3.35
10103,4/9/2022 9:37:52 AM,-3.14
10103,4/9/2022 9:37:56 AM,-2.68
10103,4/9/2022 9:38:00 AM,-2.68
10103,4/9/2022 9:38:04 AM,-2.68
10103,4/9/2022 9:38:08 AM,-2.68
10103,4/9/2022 9:38:12 AM,-2.00
10103,4/9/2022 9:38:16 AM,-2.46
10103,4/9/2022 9:38:20 AM,-2.89
10103,4/9/2022 9:38:24 AM,-2.01
10103,4/9/2022 9:38:28 AM,-3.36
10103,4/9/2022 9:38:32 AM,-2.46
10103,4/9/2022 9:38:36 AM,-3.35
10103,4/9/2022 9:38:40 AM,-2.68
10103,4/9/2022 9:38:44 AM,-2.23
10103,4/9/2022 9:38:48 AM,-2.67
10103,4/9/2022 9:38:52 AM,-2.88
10103,4/9/2022 9:38:56 AM,-2.92
10103,4/9/2022 9:39:00 AM,-2.68
10103,4/9/2022 9:39:04 AM,-2.68
10103,4/9/2022 9:39:08 AM,-3.13
10103,4/9/2022 9:39:12 AM,-1.33
10103,4/9/2022 9:39:16 AM,-2.92
10103,4/9/2022 9:39:20 AM,-1.99
10103,4/9/2022 9:39:24 AM,-2.67
10103,4/9/2022 9:39:28 AM,-1.96
10103,4/9/2022 9:39:32 AM,-2.92
10103,4/9/2022 9:39:36 AM,-2.68
10103,4/9/2022 9:39:40 AM,-2.22
10103,4/9/2022 9:39:44 AM,-3.58
10103,4/9/2022 9:39:48 AM,-2.69
10103,4/9/2022 9:39:52 AM,-2.68
10103,4/9/2022 9:39:56 AM,-2.68
10103,4/9/2022 9:40:00 AM,-2.68
10103,4/9/2022 9:40:04 AM,-1.99
10103,4/9/2022 9:40:08 AM,-2.44
10103,4/9/2022 9:40:12 AM,-3.35
10103,4/9/2022 9:40:16 AM,-2.21
10103,4/9/2022 9:40:20 AM,-2.68
10103,4/9/2022 9:40:24 AM,-2.68
10103,4/9/2022 9:40:28 AM,-2.46
10103,4/9/2022 9:40:32 AM,-3.34
10103,4/9/2022 9:40:36 AM,-3.37
10103,4/9/2022 9:40:40 AM,-1.99
10103,4/9/2022 9:40:44 AM,-2.89
10103,4/9/2022 9:40:48 AM,-2.68
10103,4/9/2022 9:40:52 AM,-2.68
10103,4/9/2022 9:40:56 AM,-2.68
10103,4/9/2022 9:41:00 AM,-3.36
10103,4/9/2022 9:41:04 AM,-2.90
10103,4/9/2022 9:41:08 AM,-3.36
10103,4/9/2022 9:41:12 AM,-2.69
10103,4/9/2022 9:41:16 AM,-2.68
10103,4/9/2022 9:41:20 AM,-2.68
10103,4/9/2022 9:41:24 AM,-1.32
10103,4/9/2022 9:41:28 AM,-1.52
10103,4/9/2022 9:41:32 AM,-2.89
10103,4/9/2022 9:41:36 AM,-2.68
10103,4/9/2022 9:41:40 AM,-2.68
10103,4/9/2022 9:41:44 AM,-2.68
10103,4/9/2022 9:41:48 AM,-2.68
10103,4/9/2022 9:41:52 AM,-1.99
10103,4/9/2022 9:41:56 AM,-2.44
10103,4/9/2022 9:42:00 AM,-2.68
10103,4/9/2022 9:42:04 AM,-2.46
10103,4/9/2022 9:42:08 AM,-2.44
10103,4/9/2022 9:42:12 AM,-2.00
10103,4/9/2022 9:42:16 AM,-2.68
10103,4/9/2022 9:42:20 AM,-2.23
10103,4/9/2022 9:42:24 AM,-3.35
10103,4/9/2022 9:42:28 AM,-2.46
10103,4/9/2022 9:42:32 AM,-2.44
10103,4/9/2022 9:42:36 AM,-2.00
10103,4/9/2022 9:42:40 AM,-3.14
10103,4/9/2022 9:42:44 AM,-2.23
10103,4/9/2022 9:42:48 AM,-3.35
10103,4/9/2022 9:42:52 AM,-2.68
10103,4/9/2022 9:42:56 AM,-2.23
10103,4/9/2022 9:43:00 AM,-2.67
10103,4/9/2022 9:43:04 AM,-2.46
10103,4/9/2022 9:43:08 AM,-1.99
10103,4/9/2022 9:43:12 AM,-1.99
10103,4/9/2022 9:43:16 AM,-2.21
10103,4/9/2022 9:43:20 AM,-3.12
10103,4/9/2022 9:43:24 AM,-2.01
10103,4/9/2022 9:43:28 AM,-2.68
10103,4/9/2022 9:43:32 AM,-2.68
10103,4/9/2022 9:43:36 AM,-3.36
10103,4/9/2022 9:43:40 AM,-2.68
10103,4/9/2022 9:43:44 AM,-2.23
10103,4/9/2022 9:43:48 AM,-3.35
10103,4/9/2022 9:43:52 AM,-2.92
10103,4/9/2022 9:43:56 AM,-1.99
10103,4/9/2022 9:44:00 AM,-1.99
10103,4/9/2022 9:44:04 AM,-2.68
10103,4/9/2022 9:44:08 AM,-2.23
10103,4/9/2022 9:44:12 AM,-3.34
10103,4/9/2022 9:44:16 AM,-2.46
10103,4/9/2022 9:44:20 AM,-1.55
10103,4/9/2022 9:44:24 AM,-1.99
10103,4/9/2022 9:44:28 AM,-3.14
10103,4/9/2022 9:44:32 AM,-2.68
10103,4/9/2022 9:44:36 AM,-2.68
10103,4/9/2022 9:44:40 AM,-2.46
10103,4/9/2022 9:44:44 AM,-1.99
10103,4/9/2022 9:44:48 AM,-1.99
10103,4/9/2022 9:44:52 AM,-1.99
10103,4/9/2022 9:44:56 AM,-1.99
10103,4/9/2022 9:45:00 AM,-1.99
10103,4/9/2022 9:45:04 AM,-2.46
10103,4/9/2022 9:45:08 AM,-1.99
10103,4/9/2022 9:45:12 AM,-1.99
10103,4/9/2022 9:45:16 AM,-1.99
10103,4/9/2022 9:45:20 AM,-2.44
10103,4/9/2022 9:45:24 AM,-2.00
10103,4/9/2022 9:45:28 AM,-2.90
10103,4/9/2022 9:45:32 AM,-2.47
10103,4/9/2022 9:45:36 AM,-1.32
10103,4/9/2022 9:45:40 AM,-1.99
10103,4/9/2022 9:45:44 AM,-1.99
10103,4/9/2022 9:45:48 AM,-2.67
10103,4/9/2022 9:45:52 AM,-1.99
10103,4/9/2022 9:45:56 AM,-2.44
10103,4/9/2022 9:46:00 AM,-2.00
10103,4/9/2022 9:46:04 AM,-2.21
10103,4/9/2022 9:46:08 AM,-2.23
10103,4/9/2022 9:46:12 AM,-1.32
10103,4/9/2022 9:46:16 AM,-2.46
10103,4/9/2022 9:46:20 AM,-1.99
10103,4/9/2022 9:46:24 AM,-1.99
10103,4/9/2022 9:46:28 AM,-2.68
10103,4/9/2022 9:46:32 AM,-2.23
10103,4/9/2022 9:46:36 AM,-1.99
10103,4/9/2022 9:46:40 AM,-2.21
10103,4/9/2022 9:46:44 AM,-2.68
10103,4/9/2022 9:46:48 AM,-2.00
10103,4/9/2022 9:46:52 AM,-1.53
10103,4/9/2022 9:46:56 AM,-1.99
10103,4/9/2022 9:47:00 AM,-1.99
10103,4/9/2022 9:47:04 AM,-2.21
10103,4/9/2022 9:47:08 AM,-2.28
10103,4/9/2022 9:47:12 AM,-1.99
10103,4/9/2022 9:47:16 AM,-1.53
10103,4/9/2022 9:47:20 AM,-2.44
10103,4/9/2022 9:47:24 AM,-2.68
10103,4/9/2022 9:47:28 AM,-2.21
10103,4/9/2022 9:47:32 AM,-1.78
10103,4/9/2022 9:47:36 AM,-2.66
10103,4/9/2022 9:47:40 AM,-1.77
10103,4/9/2022 9:47:44 AM,-1.76
10103,4/9/2022 9:47:48 AM,-1.31
10103,4/9/2022 9:47:52 AM,-1.99
10103,4/9/2022 9:47:56 AM,-2.44
10103,4/9/2022 9:48:00 AM,-1.32
10103,4/9/2022 9:48:04 AM,-2.46
10103,4/9/2022 9:48:08 AM,-1.99
10103,4/9/2022 9:48:12 AM,-2.67
10103,4/9/2022 9:48:16 AM,-2.22
10103,4/9/2022 9:48:20 AM,-2.23
10103,4/9/2022 9:48:24 AM,-2.68
10103,4/9/2022 9:48:28 AM,-1.99
10103,4/9/2022 9:48:32 AM,-2.90
10103,4/9/2022 9:48:36 AM,-2.00
10103,4/9/2022 9:48:40 AM,-2.46
10103,4/9/2022 9:48:44 AM,-1.99
10103,4/9/2022 9:48:48 AM,-1.99
10103,4/9/2022 9:48:52 AM,-2.22
10103,4/9/2022 9:48:56 AM,-2.23
10103,4/9/2022 9:49:00 AM,-2.68
10103,4/9/2022 9:49:04 AM,-2.46
10103,4/9/2022 9:49:08 AM,-1.99
10103,4/9/2022 9:49:12 AM,-2.67
10103,4/9/2022 9:49:16 AM,-1.99
10103,4/9/2022 9:49:20 AM,-1.54
10103,4/9/2022 9:49:24 AM,-1.31
10103,4/9/2022 9:49:28 AM,-1.99
10103,4/9/2022 9:49:32 AM,-1.99
10103,4/9/2022 9:49:36 AM,-1.99
10103,4/9/2022 9:49:40 AM,-1.99
10103,4/9/2022 9:49:44 AM,-1.54
10103,4/9/2022 9:49:48 AM,-1.99
10103,4/9/2022 9:49:52 AM,-2.44
10103,4/9/2022 9:49:56 AM,-2.92
10103,4/9/2022 9:50:00 AM,-2.68
10103,4/9/2022 9:50:04 AM,-2.68
10103,4/9/2022 9:50:08 AM,-2.68
10103,4/9/2022 9:50:12 AM,-2.68
10103,4/9/2022 9:50:16 AM,-1.99
10103,4/9/2022 9:50:20 AM,-1.99
10103,4/9/2022 9:50:24 AM,-1.99
10103,4/9/2022 9:50:28 AM,-1.99
10103,4/9/2022 9:50:32 AM,-1.54
10103,4/9/2022 9:50:36 AM,-3.35
10103,4/9/2022 9:50:40 AM,-2.46
10103,4/9/2022 9:50:44 AM,-1.99
10103,4/9/2022 9:50:48 AM,-1.31
10103,4/9/2022 9:50:52 AM,-1.53
10103,4/9/2022 9:50:56 AM,-1.99
10103,4/9/2022 9:51:00 AM,-0.63
10103,4/9/2022 9:51:04 AM,-2.46
10103,4/9/2022 9:51:08 AM,-1.99
10103,4/9/2022 9:51:12 AM,-1.42
10103,4/9/2022 9:51:16 AM,-1.77
10103,4/9/2022 9:51:20 AM,-1.76
10103,4/9/2022 9:51:24 AM,-1.99
10103,4/9/2022 9:51:28 AM,-2.21
10103,4/9/2022 9:51:32 AM,-2.23
10103,4/9/2022 9:51:36 AM,-1.31
10103,4/9/2022 9:51:40 AM,-1.99
10103,4/9/2022 9:51:44 AM,-1.99
10103,4/9/2022 9:51:48 AM,-1.99
10103,4/9/2022 9:51:52 AM,-2.46
10103,4/9/2022 9:51:56 AM,-1.99
10103,4/9/2022 9:52:00 AM,-1.99
10103,4/9/2022 9:52:04 AM,-1.99
10103,4/9/2022 9:52:08 AM,-1.99
10103,4/9/2022 9:52:12 AM,-1.99
10103,4/9/2022 9:52:16 AM,-1.99
10103,4/9/2022 9:52:20 AM,-1.99
10103,4/9/2022 9:52:24 AM,-1.99
10103,4/9/2022 9:52:28 AM,-1.75
10103,4/9/2022 9:52:32 AM,-1.78
10103,4/9/2022 9:52:36 AM,-1.99
10103,4/9/2022 9:52:40 AM,-2.46
10103,4/9/2022 9:52:44 AM,-2.44
10103,4/9/2022 9:52:48 AM,-2.00
10103,4/9/2022 9:52:52 AM,-2.46
10103,4/9/2022 9:52:56 AM,-1.99
10103,4/9/2022 9:53:00 AM,-1.99
10103,4/9/2022 9:53:04 AM,-2.44
10103,4/9/2022 9:53:08 AM,-2.47
10103,4/9/2022 9:53:12 AM,-2.67
10103,4/9/2022 9:53:16 AM,-2.46
10103,4/9/2022 9:53:20 AM,-1.54
10103,4/9/2022 9:53:24 AM,-1.99
10103,4/9/2022 9:53:28 AM,-2.21
10103,4/9/2022 9:53:32 AM,-2.23
10103,4/9/2022 9:53:36 AM,-1.99
10103,4/9/2022 9:53:40 AM,-2.68
10103,4/9/2022 9:53:44 AM,-2.68
10103,4/9/2022 9:53:48 AM,-0.64
10103,4/9/2022 9:53:52 AM,-2.68
10103,4/9/2022 9:53:56 AM,-2.23
10103,4/9/2022 9:54:00 AM,-1.99
10103,4/9/2022 9:54:04 AM,-1.99
10103,4/9/2022 9:54:08 AM,-2.44
10103,4/9/2022 9:54:12 AM,-2.00
10103,4/9/2022 9:54:16 AM,-1.99
10103,4/9/2022 9:54:20 AM,-1.99
10103,4/9/2022 9:54:24 AM,-1.31
10103,4/9/2022 9:54:28 AM,-1.99
10103,4/9/2022 9:54:32 AM,-1.99
10103,4/9/2022 9:54:36 AM,-2.67
10103,4/9/2022 9:54:40 AM,-2.46
10103,4/9/2022 9:54:44 AM,-1.99
10103,4/9/2022 9:54:48 AM,-1.99
10103,4/9/2022 9:54:52 AM,-2.68
10103,4/9/2022 9:54:56 AM,-2.23
10103,4/9/2022 9:55:00 AM,-1.99
10103,4/9/2022 9:55:04 AM,-2.92
10103,4/9/2022 9:55:08 AM,-1.99
10103,4/9/2022 9:55:12 AM,-1.99
10103,4/9/2022 9:55:16 AM,-1.50
10103,4/9/2022 9:55:20 AM,-1.99
10103,4/9/2022 9:55:24 AM,-1.99
10103,4/9/2022 9:55:28 AM,-2.24
10103,4/9/2022 9:55:32 AM,-1.31
10103,4/9/2022 9:55:36 AM,-1.99
10103,4/9/2022 9:55:40 AM,-1.31
10103,4/9/2022 9:55:44 AM,-1.76
10103,4/9/2022 9:55:48 AM,-2.67
10103,4/9/2022 9:55:52 AM,-1.77
10103,4/9/2022 9:55:56 AM,-1.76
10103,4/9/2022 9:56:00 AM,-1.99
10103,4/9/2022 9:56:04 AM,-1.99
10103,4/9/2022 9:56:08 AM,-1.99
10103,4/9/2022 9:56:12 AM,-1.99
10103,4/9/2022 9:56:16 AM,-1.99
10103,4/9/2022 9:56:20 AM,-2.44
10103,4/9/2022 9:56:24 AM,-2.00
10103,4/9/2022 9:56:28 AM,-2.46
10103,4/9/2022 9:56:32 AM,-1.99
10103,4/9/2022 9:56:36 AM,-2.67
10103,4/9/2022 9:56:40 AM,-1.99
10103,4/9/2022 9:56:44 AM,-2.44
10103,4/9/2022 9:56:48 AM,-2.68
10103,4/9/2022 9:56:52 AM,-1.99
10103,4/9/2022 9:56:56 AM,-2.44
10103,4/9/2022 9:57:00 AM,-3.36
10103,4/9/2022 9:57:04 AM,-1.77
10103,4/9/2022 9:57:08 AM,-1.76
10103,4/9/2022 9:57:12 AM,-1.99
10103,4/9/2022 9:57:16 AM,-2.49
10103,4/9/2022 9:57:20 AM,-1.60
10103,4/9/2022 9:57:24 AM,-1.99
10103,4/9/2022 9:57:28 AM,-3.09
10103,4/9/2022 9:57:32 AM,-2.44
10103,4/9/2022 9:57:36 AM,-2.68
10103,4/9/2022 9:57:40 AM,-1.99
10103,4/9/2022 9:57:44 AM,-1.99
10103,4/9/2022 9:57:48 AM,-0.64
10103,4/9/2022 9:57:52 AM,-2.43
10103,4/9/2022 9:57:56 AM,-2.47
10103,4/9/2022 9:58:00 AM,-2.67
10103,4/9/2022 9:58:04 AM,-1.99
10103,4/9/2022 9:58:08 AM,-1.99
10103,4/9/2022 9:58:12 AM,-1.99
10103,4/9/2022 9:58:16 AM,-1.99
10103,4/9/2022 9:58:20 AM,-1.99
10103,4/9/2022 9:58:24 AM,-1.99
10103,4/9/2022 9:58:28 AM,-1.99
10103,4/9/2022 9:58:32 AM,-1.99
10103,4/9/2022 9:58:36 AM,-1.99
10103,4/9/2022 9:58:40 AM,-2.46
10103,4/9/2022 9:58:44 AM,-1.99
10103,4/9/2022 9:58:48 AM,-1.99
10103,4/9/2022 9:58:52 AM,-3.16
10103,4/9/2022 9:58:56 AM,-2.68
10103,4/9/2022 9:59:00 AM,-1.33
10103,4/9/2022 9:59:04 AM,-1.99
10103,4/9/2022 9:59:08 AM,-1.99
10103,4/9/2022 9:59:12 AM,-1.99
10103,4/9/2022 9:59:16 AM,-1.99
10103,4/9/2022 9:59:20 AM,-2.89
10103,4/9/2022 9:59:24 AM,-2.01
10103,4/9/2022 9:59:28 AM,-1.74
10103,4/9/2022 9:59:32 AM,-1.78
10103,4/9/2022 9:59:36 AM,-1.99
10103,4/9/2022 9:59:40 AM,-1.99
10103,4/9/2022 9:59:44 AM,-1.55
10103,4/9/2022 9:59:48 AM,-3.34
10103,4/9/2022 9:59:52 AM,-1.53
10103,4/9/2022 9:59:56 AM,-2.44
10103,4/9/2022 10:00:00 AM,-2.68
10103,4/9/2022 10:00:04 AM,-2.68
10103,4/9/2022 10:00:08 AM,-2.68
10103,4/9/2022 10:00:12 AM,-2.00
10103,4/9/2022 10:00:16 AM,-1.99
10103,4/9/2022 10:00:20 AM,-1.99
10103,4/9/2022 10:00:24 AM,-2.68
10103,4/9/2022 10:00:28 AM,-2.24
10103,4/9/2022 10:00:32 AM,-2.21
10103,4/9/2022 10:00:36 AM,-1.32
10103,4/9/2022 10:00:40 AM,-1.77
10103,4/9/2022 10:00:44 AM,-2.21
10103,4/9/2022 10:00:48 AM,-2.00
10103,4/9/2022 10:00:52 AM,-1.99
10103,4/9/2022 10:00:56 AM,-2.44
10103,4/9/2022 10:01:00 AM,-2.68
10103,4/9/2022 10:01:04 AM,-2.46
10103,4/9/2022 10:01:08 AM,-2.44
10103,4/9/2022 10:01:12 AM,-2.00
10103,4/9/2022 10:01:16 AM,-1.99
10103,4/9/2022 10:01:20 AM,-1.99
10103,4/9/2022 10:01:24 AM,-2.67
10103,4/9/2022 10:01:28 AM,-1.99
10103,4/9/2022 10:01:32 AM,-2.44
10103,4/9/2022 10:01:36 AM,-2.00
10103,4/9/2022 10:01:40 AM,-1.99
10103,4/9/2022 10:01:44 AM,-1.99
10103,4/9/2022 10:01:48 AM,-2.67
10103,4/9/2022 10:01:52 AM,-1.07
10103,4/9/2022 10:01:56 AM,-1.99
10103,4/9/2022 10:02:00 AM,-1.99
10103,4/9/2022 10:02:04 AM,-1.99
10103,4/9/2022 10:02:08 AM,-1.54
10103,4/9/2022 10:02:12 AM,-2.66
10103,4/9/2022 10:02:16 AM,-1.99
10103,4/9/2022 10:02:20 AM,-1.99
10103,4/9/2022 10:02:24 AM,-1.99
10103,4/9/2022 10:02:28 AM,-2.21
10103,4/9/2022 10:02:32 AM,-2.23
10103,4/9/2022 10:02:36 AM,-1.99
10103,4/9/2022 10:02:40 AM,-1.77
10103,4/9/2022 10:02:44 AM,-1.76
10103,4/9/2022 10:02:48 AM,-1.99
10103,4/9/2022 10:02:52 AM,-1.77
10103,4/9/2022 10:02:56 AM,-1.76
10103,4/9/2022 10:03:00 AM,-1.99
10103,4/9/2022 10:03:04 AM,-1.99
10103,4/9/2022 10:03:08 AM,-1.99
10103,4/9/2022 10:03:12 AM,-2.67
10103,4/9/2022 10:03:16 AM,-1.99
10103,4/9/2022 10:03:20 AM,-1.99
10103,4/9/2022 10:03:24 AM,-1.99
10103,4/9/2022 10:03:28 AM,-1.31
10103,4/9/2022 10:03:32 AM,-1.76
10103,4/9/2022 10:03:36 AM,-2.67
10103,4/9/2022 10:03:40 AM,-1.99
10103,4/9/2022 10:03:44 AM,-1.99
10103,4/9/2022 10:03:48 AM,-1.99
10103,4/9/2022 10:03:52 AM,-1.53
10103,4/9/2022 10:03:56 AM,-1.55
10103,4/9/2022 10:04:00 AM,-2.67
10103,4/9/2022 10:04:04 AM,-1.99
10103,4/9/2022 10:04:08 AM,-1.99
10103,4/9/2022 10:04:12 AM,-1.99
10103,4/9/2022 10:04:16 AM,-1.53
10103,4/9/2022 10:04:20 AM,-1.99
10103,4/9/2022 10:04:24 AM,-1.99
10103,4/9/2022 10:04:28 AM,-1.99
10103,4/9/2022 10:04:32 AM,-1.99
10103,4/9/2022 10:04:36 AM,-1.99
10103,4/9/2022 10:04:40 AM,-1.99
10103,4/9/2022 10:04:44 AM,-1.99
10103,4/9/2022 10:04:48 AM,-1.99
10103,4/9/2022 10:04:52 AM,-1.99
10103,4/9/2022 10:04:56 AM,-1.99
10103,4/9/2022 10:05:00 AM,-1.99
10103,4/9/2022 10:05:04 AM,-1.99
10103,4/9/2022 10:05:08 AM,-1.99
10103,4/9/2022 10:05:12 AM,-1.99
10103,4/9/2022 10:05:16 AM,-2.92
10103,4/9/2022 10:05:20 AM,-1.99
10103,4/9/2022 10:05:24 AM,-2.67
10103,4/9/2022 10:05:28 AM,-2.24
10103,4/9/2022 10:05:32 AM,-1.76
10103,4/9/2022 10:05:36 AM,-1.99
10103,4/9/2022 10:05:40 AM,-1.77
10103,4/9/2022 10:05:44 AM,-1.76
10103,4/9/2022 10:05:48 AM,-1.32
10103,4/9/2022 10:05:52 AM,-1.99
10103,4/9/2022 10:05:56 AM,-2.44
10103,4/9/2022 10:06:00 AM,-2.00
10103,4/9/2022 10:06:04 AM,-2.41
10103,4/9/2022 10:06:08 AM,-2.49
10103,4/9/2022 10:06:12 AM,-1.99
10103,4/9/2022 10:06:16 AM,-2.21
10103,4/9/2022 10:06:20 AM,-2.23
10103,4/9/2022 10:06:24 AM,-1.31
10103,4/9/2022 10:06:28 AM,-1.77
10103,4/9/2022 10:06:32 AM,-1.31
10103,4/9/2022 10:06:36 AM,-1.99
10103,4/9/2022 10:06:40 AM,-2.46
10103,4/9/2022 10:06:44 AM,-1.55
10103,4/9/2022 10:06:48 AM,-1.99
10103,4/9/2022 10:06:52 AM,-1.99
10103,4/9/2022 10:06:56 AM,-2.88
10103,4/9/2022 10:07:00 AM,-2.00
10103,4/9/2022 10:07:04 AM,-1.31
10103,4/9/2022 10:07:08 AM,-2.21
10103,4/9/2022 10:07:12 AM,-2.00
10103,4/9/2022 10:07:16 AM,-1.53
10103,4/9/2022 10:07:20 AM,-1.99
10103,4/9/2022 10:07:24 AM,-1.99
10103,4/9/2022 10:07:28 AM,-1.99
10103,4/9/2022 10:07:32 AM,-1.55
10103,4/9/2022 10:07:36 AM,-1.99
10103,4/9/2022 10:07:40 AM,-1.99
10103,4/9/2022 10:07:44 AM,-2.89
10103,4/9/2022 10:07:48 AM,-2.68
10103,4/9/2022 10:07:52 AM,-2.46
10103,4/9/2022 10:07:56 AM,-1.99
10103,4/9/2022 10:08:00 AM,-3.35
10103,4/9/2022 10:08:04 AM,-1.99
10103,4/9/2022 10:08:08 AM,-1.54
10103,4/9/2022 10:08:12 AM,-1.98
10103,4/9/2022 10:08:16 AM,-1.99
10103,4/9/2022 10:08:20 AM,-1.99
10103,4/9/2022 10:08:24 AM,-1.31
10103,4/9/2022 10:08:28 AM,-1.99
10103,4/9/2022 10:08:32 AM,-1.99
10103,4/9/2022 10:08:36 AM,-1.99
10103,4/9/2022 10:08:40 AM,-1.99
10103,4/9/2022 10:08:44 AM,-1.99
10103,4/9/2022 10:08:48 AM,-1.99
10103,4/9/2022 10:08:52 AM,-1.99
10103,4/9/2022 10:08:56 AM,-1.99
10103,4/9/2022 10:09:00 AM,-1.99
10103,4/9/2022 10:09:04 AM,-1.75
10103,4/9/2022 10:09:08 AM,-2.23
10103,4/9/2022 10:09:12 AM,-1.99
10103,4/9/2022 10:09:16 AM,-1.77
10103,4/9/2022 10:09:20 AM,-1.31
10103,4/9/2022 10:09:24 AM,-1.92
10103,4/9/2022 10:09:28 AM,-1.99
10103,4/9/2022 10:09:32 AM,-1.99
10103,4/9/2022 10:09:36 AM,-1.99
10103,4/9/2022 10:09:40 AM,-2.21
10103,4/9/2022 10:09:44 AM,-2.23
10103,4/9/2022 10:09:48 AM,-1.32
10103,4/9/2022 10:09:52 AM,-2.24
10103,4/9/2022 10:09:56 AM,-1.75
10103,4/9/2022 10:10:00 AM,-1.99
10103,4/9/2022 10:10:04 AM,-2.24
10103,4/9/2022 10:10:08 AM,-1.76
10103,4/9/2022 10:10:12 AM,-1.99
10103,4/9/2022 10:10:16 AM,-2.90
10103,4/9/2022 10:10:20 AM,-2.92
10103,4/9/2022 10:10:24 AM,-2.00
10103,4/9/2022 10:10:28 AM,-1.53
10103,4/9/2022 10:10:32 AM,-1.54
10103,4/9/2022 10:10:36 AM,-1.99
10103,4/9/2022 10:10:40 AM,-2.68
10103,4/9/2022 10:10:44 AM,-2.23
10103,4/9/2022 10:10:48 AM,-1.32
10103,4/9/2022 10:10:52 AM,-1.99
10103,4/9/2022 10:10:56 AM,-1.99
10103,4/9/2022 10:11:00 AM,-1.32
10103,4/9/2022 10:11:04 AM,-2.24
10103,4/9/2022 10:11:08 AM,-1.76
10103,4/9/2022 10:11:12 AM,-1.99
10103,4/9/2022 10:11:16 AM,-2.21
10103,4/9/2022 10:11:20 AM,-2.23
10103,4/9/2022 10:11:24 AM,-1.99
10103,4/9/2022 10:11:28 AM,-1.99
10103,4/9/2022 10:11:32 AM,-1.99
10103,4/9/2022 10:11:36 AM,-1.99
10103,4/9/2022 10:11:40 AM,-1.99
10103,4/9/2022 10:11:44 AM,-1.55
10103,4/9/2022 10:11:48 AM,-1.31
10103,4/9/2022 10:11:52 AM,-3.36
10103,4/9/2022 10:11:56 AM,-2.92
10103,4/9/2022 10:12:00 AM,-2.00
10103,4/9/2022 10:12:04 AM,-1.53
10103,4/9/2022 10:12:08 AM,-1.99
10103,4/9/2022 10:12:12 AM,-1.32
10103,4/9/2022 10:12:16 AM,-1.99
10103,4/9/2022 10:12:20 AM,-2.44
10103,4/9/2022 10:12:24 AM,-2.00
10103,4/9/2022 10:12:28 AM,-1.99
10103,4/9/2022 10:12:32 AM,-1.99
10103,4/9/2022 10:12:36 AM,-1.99
10103,4/9/2022 10:12:40 AM,-1.75
10103,4/9/2022 10:12:44 AM,-1.79
10103,4/9/2022 10:12:48 AM,-1.99
10103,4/9/2022 10:12:52 AM,-2.24
10103,4/9/2022 10:12:56 AM,-2.20
10103,4/9/2022 10:13:00 AM,-2.68
10103,4/9/2022 10:13:04 AM,-2.46
10103,4/9/2022 10:13:08 AM,-1.99
10103,4/9/2022 10:13:12 AM,-1.99
10103,4/9/2022 10:13:16 AM,-1.99
10103,4/9/2022 10:13:20 AM,-2.44
10103,4/9/2022 10:13:24 AM,-2.00
10103,4/9/2022 10:13:28 AM,-1.99
10103,4/9/2022 10:13:32 AM,-1.54
10103,4/9/2022 10:13:36 AM,-1.31
10103,4/9/2022 10:13:40 AM,-1.53
10103,4/9/2022 10:13:44 AM,-1.54
10103,4/9/2022 10:13:48 AM,-0.63
10103,4/9/2022 10:13:52 AM,-1.53
10103,4/9/2022 10:13:56 AM,-1.99
10103,4/9/2022 10:14:00 AM,-1.99
10103,4/9/2022 10:14:04 AM,-2.46
10103,4/9/2022 10:14:08 AM,-2.45
10103,4/9/2022 10:14:12 AM,-1.32
10103,4/9/2022 10:14:16 AM,-1.75
10103,4/9/2022 10:14:20 AM,-2.23
10103,4/9/2022 10:14:24 AM,-2.67
10103,4/9/2022 10:14:28 AM,-1.31
10103,4/9/2022 10:14:32 AM,-1.76
10103,4/9/2022 10:14:36 AM,-1.31
10103,4/9/2022 10:14:40 AM,-1.53
10103,4/9/2022 10:14:44 AM,-1.99
10103,4/9/2022 10:14:48 AM,-1.99
10103,4/9/2022 10:14:52 AM,-1.99
10103,4/9/2022 10:14:56 AM,-1.54
10103,4/9/2022 10:15:00 AM,-1.99
10103,4/9/2022 10:15:04 AM,-2.22
10103,4/9/2022 10:15:08 AM,-2.68
10103,4/9/2022 10:15:12 AM,-2.00
10103,4/9/2022 10:15:16 AM,-1.99
10103,4/9/2022 10:15:20 AM,-1.99
10103,4/9/2022 10:15:24 AM,-1.99
10103,4/9/2022 10:15:28 AM,-2.11
10103,4/9/2022 10:15:32 AM,-2.23
10103,4/9/2022 10:15:36 AM,-2.67
10103,4/9/2022 10:15:40 AM,-1.99
10103,4/9/2022 10:15:44 AM,-1.54
10103,4/9/2022 10:15:48 AM,-1.99
10103,4/9/2022 10:15:52 AM,-1.77
10103,4/9/2022 10:15:56 AM,-1.76
10103,4/9/2022 10:16:00 AM,-1.99
10103,4/9/2022 10:16:04 AM,-1.99
10103,4/9/2022 10:16:08 AM,-1.99
10103,4/9/2022 10:16:12 AM,-1.32
10103,4/9/2022 10:16:16 AM,-1.99
10103,4/9/2022 10:16:20 AM,-2.44
10103,4/9/2022 10:16:24 AM,-2.00
10103,4/9/2022 10:16:28 AM,-1.31
10103,4/9/2022 10:16:32 AM,-1.76
10103,4/9/2022 10:16:36 AM,-2.67
10103,4/9/2022 10:16:40 AM,-1.31
10103,4/9/2022 10:16:44 AM,-1.31
10103,4/9/2022 10:16:48 AM,-1.99
10103,4/9/2022 10:16:52 AM,-1.99
10103,4/9/2022 10:16:56 AM,-1.99
10103,4/9/2022 10:17:00 AM,-2.67
10103,4/9/2022 10:17:04 AM,-2.22
10103,4/9/2022 10:17:08 AM,-2.23
10103,4/9/2022 10:17:12 AM,-2.67
10103,4/9/2022 10:17:16 AM,-1.99
10103,4/9/2022 10:17:20 AM,-1.54
10103,4/9/2022 10:17:24 AM,-1.99
10103,4/9/2022 10:17:28 AM,-1.99
10103,4/9/2022 10:17:32 AM,-2.44
10103,4/9/2022 10:17:36 AM,-2.00
10103,4/9/2022 10:17:40 AM,-1.99
10103,4/9/2022 10:17:44 AM,-1.99
10103,4/9/2022 10:17:48 AM,-1.99
10103,4/9/2022 10:17:52 AM,-2.22
10103,4/9/2022 10:17:56 AM,-2.23
10103,4/9/2022 10:18:00 AM,-1.31
10103,4/9/2022 10:18:04 AM,-1.99
10103,4/9/2022 10:18:08 AM,-1.99
10103,4/9/2022 10:18:12 AM,-1.99
10103,4/9/2022 10:18:16 AM,-2.46
10103,4/9/2022 10:18:20 AM,-1.55
10103,4/9/2022 10:18:24 AM,-1.99
10103,4/9/2022 10:18:28 AM,-1.75
10103,4/9/2022 10:18:32 AM,-1.78
10103,4/9/2022 10:18:36 AM,-1.99
10103,4/9/2022 10:18:40 AM,-1.99
10103,4/9/2022 10:18:44 AM,-1.99
10103,4/9/2022 10:18:48 AM,-1.31
10103,4/9/2022 10:18:52 AM,-2.90
10103,4/9/2022 10:18:56 AM,-2.48
10103,4/9/2022 10:19:00 AM,-1.99
10103,4/9/2022 10:19:04 AM,-2.46
10103,4/9/2022 10:19:08 AM,-1.99
10103,4/9/2022 10:19:12 AM,-1.99
10103,4/9/2022 10:19:16 AM,-2.92
10103,4/9/2022 10:19:20 AM,-1.99
10103,4/9/2022 10:19:24 AM,-2.67
10103,4/9/2022 10:19:28 AM,-1.99
10103,4/9/2022 10:19:32 AM,-1.55
10103,4/9/2022 10:19:36 AM,-1.99
10103,4/9/2022 10:19:40 AM,-2.21
10103,4/9/2022 10:19:44 AM,-1.78
10103,4/9/2022 10:19:48 AM,-1.99
10103,4/9/2022 10:19:52 AM,-1.99
10103,4/9/2022 10:19:56 AM,-1.55
10103,4/9/2022 10:20:00 AM,-2.67
10103,4/9/2022 10:20:04 AM,-1.99
10103,4/9/2022 10:20:08 AM,-1.99
10103,4/9/2022 10:20:12 AM,-1.32
10103,4/9/2022 10:20:16 AM,-1.99
10103,4/9/2022 10:20:20 AM,-2.44
10103,4/9/2022 10:20:24 AM,-2.00
10103,4/9/2022 10:20:28 AM,-1.75
10103,4/9/2022 10:20:32 AM,-2.23
10103,4/9/2022 10:20:36 AM,-1.99
10103,4/9/2022 10:20:40 AM,-1.77
10103,4/9/2022 10:20:44 AM,-1.31
10103,4/9/2022 10:20:48 AM,-1.99
10103,4/9/2022 10:20:52 AM,-1.75
10103,4/9/2022 10:20:56 AM,-1.78
10103,4/9/2022 10:21:00 AM,-1.99
10103,4/9/2022 10:21:04 AM,-2.46
10103,4/9/2022 10:21:08 AM,-1.55
10103,4/9/2022 10:21:12 AM,-2.66
10103,4/9/2022 10:21:16 AM,-1.53
10103,4/9/2022 10:21:20 AM,-1.99
10103,4/9/2022 10:21:24 AM,-2.67
10103,4/9/2022 10:21:28 AM,-1.78
10103,4/9/2022 10:21:32 AM,-1.76
10103,4/9/2022 10:21:36 AM,-1.99
10103,4/9/2022 10:21:40 AM,-1.99
10103,4/9/2022 10:21:44 AM,-1.99
10103,4/9/2022 10:21:48 AM,-1.99
10103,4/9/2022 10:21:52 AM,-2.21
10103,4/9/2022 10:21:56 AM,-2.68
10103,4/9/2022 10:22:00 AM,-3.36
10103,4/9/2022 10:22:04 AM,-1.99
10103,4/9/2022 10:22:08 AM,-1.99
10103,4/9/2022 10:22:12 AM,-2.67
10103,4/9/2022 10:22:16 AM,-2.20
10103,4/9/2022 10:22:20 AM,-1.81
10103,4/9/2022 10:22:24 AM,-1.99
10103,4/9/2022 10:22:28 AM,-1.78
10103,4/9/2022 10:22:32 AM,-2.21
10103,4/9/2022 10:22:36 AM,-2.00
10103,4/9/2022 10:22:40 AM,-1.78
10103,4/9/2022 10:22:44 AM,-1.75
10103,4/9/2022 10:22:48 AM,-1.99
10103,4/9/2022 10:22:52 AM,-2.70
10103,4/9/2022 10:22:56 AM,-2.20
10103,4/9/2022 10:23:00 AM,-2.00
10103,4/9/2022 10:23:04 AM,-1.99
10103,4/9/2022 10:23:08 AM,-1.99
10103,4/9/2022 10:23:12 AM,-1.99
10103,4/9/2022 10:23:16 AM,-1.99
10103,4/9/2022 10:23:20 AM,-1.99
10103,4/9/2022 10:23:24 AM,-1.99
10103,4/9/2022 10:23:28 AM,-1.06
10103,4/9/2022 10:23:32 AM,-1.99
10103,4/9/2022 10:23:36 AM,-2.67
10103,4/9/2022 10:23:40 AM,-1.99
10103,4/9/2022 10:23:44 AM,-2.44
10103,4/9/2022 10:23:48 AM,-2.00
10103,4/9/2022 10:23:52 AM,-2.92
10103,4/9/2022 10:23:56 AM,-1.99
10103,4/9/2022 10:24:00 AM,-1.99
10103,4/9/2022 10:24:04 AM,-1.99
10103,4/9/2022 10:24:08 AM,-1.99
10103,4/9/2022 10:24:12 AM,-1.99
10103,4/9/2022 10:24:16 AM,-1.99
10103,4/9/2022 10:24:20 AM,-1.99
10103,4/9/2022 10:24:24 AM,-1.99
10103,4/9/2022 10:24:28 AM,-2.24
10103,4/9/2022 10:24:32 AM,-2.21
10103,4/9/2022 10:24:36 AM,-2.00
10103,4/9/2022 10:24:40 AM,-2.46
10103,4/9/2022 10:24:44 AM,-1.99
10103,4/9/2022 10:24:48 AM,-1.99
10103,4/9/2022 10:24:52 AM,-1.99
10103,4/9/2022 10:24:56 AM,-1.99
10103,4/9/2022 10:25:00 AM,-1.99
10103,4/9/2022 10:25:04 AM,-1.99
10103,4/9/2022 10:25:08 AM,-1.99
10103,4/9/2022 10:25:12 AM,-2.66
10103,4/9/2022 10:25:16 AM,-1.99
10103,4/9/2022 10:25:20 AM,-1.99
10103,4/9/2022 10:25:24 AM,-1.99
10103,4/9/2022 10:25:28 AM,-1.99
10103,4/9/2022 10:25:32 AM,-1.99
10103,4/9/2022 10:25:36 AM,-1.32
10103,4/9/2022 10:25:40 AM,-1.99
10103,4/9/2022 10:25:44 AM,-1.55
10103,4/9/2022 10:25:48 AM,-1.31
10103,4/9/2022 10:25:52 AM,-1.53
10103,4/9/2022 10:25:56 AM,-1.55
10103,4/9/2022 10:26:00 AM,-1.99
10103,4/9/2022 10:26:04 AM,-2.68
10103,4/9/2022 10:26:08 AM,-2.23
10103,4/9/2022 10:26:12 AM,-2.67
10103,4/9/2022 10:26:16 AM,-1.31
10103,4/9/2022 10:26:20 AM,-2.21
10103,4/9/2022 10:26:24 AM,-1.32
10103,4/9/2022 10:26:28 AM,-1.99
10103,4/9/2022 10:26:32 AM,-1.99
10103,4/9/2022 10:26:36 AM,-1.99
10103,4/9/2022 10:26:40 AM,-1.99
10103,4/9/2022 10:26:44 AM,-1.54
10103,4/9/2022 10:26:48 AM,-1.99
10103,4/9/2022 10:26:52 AM,-1.99
10103,4/9/2022 10:26:56 AM,-1.99
10103,4/9/2022 10:27:00 AM,-1.99
10103,4/9/2022 10:27:04 AM,-1.77
10103,4/9/2022 10:27:08 AM,-1.76
10103,4/9/2022 10:27:12 AM,-1.99
10103,4/9/2022 10:27:16 AM,-2.46
10103,4/9/2022 10:27:20 AM,-2.45
10103,4/9/2022 10:27:24 AM,-2.00
10103,4/9/2022 10:27:28 AM,-2.36
10103,4/9/2022 10:27:32 AM,-2.58
10103,4/9/2022 10:27:36 AM,-1.99
10103,4/9/2022 10:27:40 AM,-1.99
10103,4/9/2022 10:27:44 AM,-1.99
10103,4/9/2022 10:27:48 AM,-1.99
10103,4/9/2022 10:27:52 AM,-1.99
10103,4/9/2022 10:27:56 AM,-1.99
10103,4/9/2022 10:28:00 AM,-1.99
10103,4/9/2022 10:28:04 AM,-1.99
10103,4/9/2022 10:28:08 AM,-2.45
10103,4/9/2022 10:28:12 AM,-2.00
10103,4/9/2022 10:28:16 AM,-2.68
10103,4/9/2022 10:28:20 AM,-1.78
10103,4/9/2022 10:28:24 AM,-1.99
10103,4/9/2022 10:28:28 AM,-2.46
10103,4/9/2022 10:28:32 AM,-1.99
10103,4/9/2022 10:28:36 AM,-1.99
10103,4/9/2022 10:28:40 AM,-1.53
10103,4/9/2022 10:28:44 AM,-1.55
10103,4/9/2022 10:28:48 AM,-2.67
10103,4/9/2022 10:28:52 AM,-1.99
10103,4/9/2022 10:28:56 AM,-1.99
10103,4/9/2022 10:29:00 AM,-1.99
10103,4/9/2022 10:29:04 AM,-1.99
10103,4/9/2022 10:29:08 AM,-1.99
10103,4/9/2022 10:29:12 AM,-1.32
10103,4/9/2022 10:29:16 AM,-1.77
10103,4/9/2022 10:29:20 AM,-1.76
10103,4/9/2022 10:29:24 AM,-1.99
10103,4/9/2022 10:29:28 AM,-2.46
10103,4/9/2022 10:29:32 AM,-1.54
10103,4/9/2022 10:29:36 AM,-1.99
10103,4/9/2022 10:29:40 AM,-1.99
10103,4/9/2022 10:29:44 AM,-1.99
10103,4/9/2022 10:29:48 AM,-1.31
10103,4/9/2022 10:29:52 AM,-1.77
10103,4/9/2022 10:29:56 AM,-1.31
10103,4/9/2022 10:30:00 AM,-1.99
10103,4/9/2022 10:30:04 AM,-2.68
10103,4/9/2022 10:30:08 AM,-2.23
10103,4/9/2022 10:30:12 AM,-1.99
10103,4/9/2022 10:30:16 AM,-2.68
10103,4/9/2022 10:30:20 AM,-2.23
10103,4/9/2022 10:30:24 AM,-1.99
10103,4/9/2022 10:30:28 AM,-2.21
10103,4/9/2022 10:30:32 AM,-2.68
10103,4/9/2022 10:30:36 AM,-3.36
10103,4/9/2022 10:30:40 AM,-2.92
10103,4/9/2022 10:30:44 AM,-1.99
10103,4/9/2022 10:30:48 AM,-1.99
10103,4/9/2022 10:30:52 AM,-2.22
10103,4/9/2022 10:30:56 AM,-2.23
10103,4/9/2022 10:31:00 AM,-2.67
10103,4/9/2022 10:31:04 AM,-1.99
10103,4/9/2022 10:31:08 AM,-1.99
10103,4/9/2022 10:31:12 AM,-1.99
10103,4/9/2022 10:31:16 AM,-2.23
10103,4/9/2022 10:31:20 AM,-1.76
10103,4/9/2022 10:31:24 AM,-1.31
10103,4/9/2022 10:31:28 AM,-1.78
10103,4/9/2022 10:31:32 AM,-1.76
10103,4/9/2022 10:31:36 AM,-1.99
10103,4/9/2022 10:31:40 AM,-2.16
10103,4/9/2022 10:31:44 AM,-1.78
10103,4/9/2022 10:31:48 AM,-1.99
10103,4/9/2022 10:31:52 AM,-1.77
10103,4/9/2022 10:31:56 AM,-1.76
10103,4/9/2022 10:32:00 AM,-1.99
10103,4/9/2022 10:32:04 AM,-2.68
10103,4/9/2022 10:32:08 AM,-2.23
10103,4/9/2022 10:32:12 AM,-2.67
10103,4/9/2022 10:32:16 AM,-1.77
10103,4/9/2022 10:32:20 AM,-1.76
10103,4/9/2022 10:32:24 AM,-1.31
10103,4/9/2022 10:32:28 AM,-3.14
10103,4/9/2022 10:32:32 AM,-2.23
10103,4/9/2022 10:32:36 AM,-2.67
10103,4/9/2022 10:32:40 AM,-2.21
10103,4/9/2022 10:32:44 AM,-2.23
10103,4/9/2022 10:32:48 AM,-1.99
10103,4/9/2022 10:32:52 AM,-1.99
10103,4/9/2022 10:32:56 AM,-1.55
10103,4/9/2022 10:33:00 AM,-1.31
10103,4/9/2022 10:33:04 AM,-1.99
10103,4/9/2022 10:33:08 AM,-1.99
10103,4/9/2022 10:33:12 AM,-1.99
10103,4/9/2022 10:33:16 AM,-1.99
10103,4/9/2022 10:33:20 AM,-1.54
10103,4/9/2022 10:33:24 AM,-1.99
10103,4/9/2022 10:33:28 AM,-2.24
10103,4/9/2022 10:33:32 AM,-1.76
10103,4/9/2022 10:33:36 AM,-1.99
10103,4/9/2022 10:33:40 AM,-1.53
10103,4/9/2022 10:33:44 AM,-2.89
10103,4/9/2022 10:33:48 AM,-2.68
10103,4/9/2022 10:33:52 AM,-2.46
10103,4/9/2022 10:33:56 AM,-1.99
10103,4/9/2022 10:34:00 AM,-1.32
10103,4/9/2022 10:34:04 AM,-2.46
10103,4/9/2022 10:34:08 AM,-2.44
10103,4/9/2022 10:34:12 AM,-2.00
10103,4/9/2022 10:34:16 AM,-1.99
10103,4/9/2022 10:34:20 AM,-1.55
10103,4/9/2022 10:34:24 AM,-2.67
10103,4/9/2022 10:34:28 AM,-2.46
10103,4/9/2022 10:34:32 AM,-1.99
10103,4/9/2022 10:34:36 AM,-1.99
10103,4/9/2022 10:34:40 AM,-1.99
10103,4/9/2022 10:34:44 AM,-2.44
10103,4/9/2022 10:34:48 AM,-2.00
10103,4/9/2022 10:34:52 AM,-2.92
10103,4/9/2022 10:34:56 AM,-2.44
10103,4/9/2022 10:35:00 AM,-1.33
10103,4/9/2022 10:35:04 AM,-2.21
10103,4/9/2022 10:35:08 AM,-2.23
10103,4/9/2022 10:35:12 AM,-1.99
10103,4/9/2022 10:35:16 AM,-1.99
10103,4/9/2022 10:35:20 AM,-1.99
10103,4/9/2022 10:35:24 AM,-1.32
10103,4/9/2022 10:35:28 AM,-1.99
10103,4/9/2022 10:35:32 AM,-1.99
10103,4/9/2022 10:35:36 AM,-2.67
10103,4/9/2022 10:35:40 AM,-1.53
10103,4/9/2022 10:35:44 AM,-1.99
10103,4/9/2022 10:35:48 AM,-1.99
10103,4/9/2022 10:35:52 AM,-2.93
10103,4/9/2022 10:35:56 AM,-1.99
10103,4/9/2022 10:36:00 AM,-1.99
10103,4/9/2022 10:36:04 AM,-1.77
10103,4/9/2022 10:36:08 AM,-1.76
10103,4/9/2022 10:36:12 AM,-1.32
10103,4/9/2022 10:36:16 AM,-1.99
10103,4/9/2022 10:36:20 AM,-2.44
10103,4/9/2022 10:36:24 AM,-1.32
10103,4/9/2022 10:36:28 AM,-2.68
10103,4/9/2022 10:36:32 AM,-2.23
10103,4/9/2022 10:36:36 AM,-1.32
10103,4/9/2022 10:36:40 AM,-1.99
10103,4/9/2022 10:36:44 AM,-1.99
10103,4/9/2022 10:36:48 AM,-2.63
10103,4/9/2022 10:36:52 AM,-2.21
10103,4/9/2022 10:36:56 AM,-2.23
10103,4/9/2022 10:37:00 AM,-1.32
10103,4/9/2022 10:37:04 AM,-1.77
10103,4/9/2022 10:37:08 AM,-1.76
10103,4/9/2022 10:37:12 AM,-1.99
10103,4/9/2022 10:37:16 AM,-2.46
10103,4/9/2022 10:37:20 AM,-1.99
10103,4/9/2022 10:37:24 AM,-1.32
10103,4/9/2022 10:37:28 AM,-2.46
10103,4/9/2022 10:37:32 AM,-1.99
10103,4/9/2022 10:37:36 AM,-1.99
10103,4/9/2022 10:37:40 AM,-2.21
10103,4/9/2022 10:37:44 AM,-2.23
10103,4/9/2022 10:37:48 AM,-1.32
10103,4/9/2022 10:37:52 AM,-1.53
10103,4/9/2022 10:37:56 AM,-1.55
10103,4/9/2022 10:38:00 AM,-1.31
10103,4/9/2022 10:38:04 AM,-1.99
10103,4/9/2022 10:38:08 AM,-1.99
10103,4/9/2022 10:38:12 AM,-1.99
10103,4/9/2022 10:38:16 AM,-1.53
10103,4/9/2022 10:38:20 AM,-1.54
10103,4/9/2022 10:38:24 AM,-1.31
10103,4/9/2022 10:38:28 AM,-2.21
10103,4/9/2022 10:38:32 AM,-1.78
10103,4/9/2022 10:38:36 AM,-1.31
10103,4/9/2022 10:38:40 AM,-2.46
10103,4/9/2022 10:38:44 AM,-1.99
10103,4/9/2022 10:38:48 AM,-1.99
10103,4/9/2022 10:38:52 AM,-1.99
10103,4/9/2022 10:38:56 AM,-1.55
10103,4/9/2022 10:39:00 AM,-2.59
10103,4/9/2022 10:39:04 AM,-1.99
10103,4/9/2022 10:39:08 AM,-1.99
10103,4/9/2022 10:39:12 AM,-2.67
10103,4/9/2022 10:39:16 AM,-2.43
10103,4/9/2022 10:39:20 AM,-2.47
10103,4/9/2022 10:39:24 AM,-2.67
10103,4/9/2022 10:39:28 AM,-2.68
10103,4/9/2022 10:39:32 AM,-2.23
10103,4/9/2022 10:39:36 AM,-2.68
10103,4/9/2022 10:39:40 AM,-2.21
10103,4/9/2022 10:39:44 AM,-2.68
10103,4/9/2022 10:39:48 AM,-2.00
10103,4/9/2022 10:39:52 AM,-1.99
10103,4/9/2022 10:39:56 AM,-2.43
10103,4/9/2022 10:40:00 AM,-2.68
10103,4/9/2022 10:40:04 AM,-1.31
10103,4/9/2022 10:40:08 AM,-1.76
10103,4/9/2022 10:40:12 AM,-1.99
10103,4/9/2022 10:40:16 AM,-2.68
10103,4/9/2022 10:40:20 AM,-2.23
10103,4/9/2022 10:40:24 AM,-1.31
10103,4/9/2022 10:40:28 AM,-2.21
10103,4/9/2022 10:40:32 AM,-2.23
10103,4/9/2022 10:40:36 AM,-1.99
10103,4/9/2022 10:40:40 AM,-2.22
10103,4/9/2022 10:40:44 AM,-2.23
10103,4/9/2022 10:40:48 AM,-2.67
10103,4/9/2022 10:40:52 AM,-1.77
10103,4/9/2022 10:40:56 AM,-1.76
10103,4/9/2022 10:41:00 AM,-1.99
10103,4/9/2022 10:41:04 AM,-1.99
10103,4/9/2022 10:41:08 AM,-1.99
10103,4/9/2022 10:41:12 AM,-1.99
10103,4/9/2022 10:41:16 AM,-2.22
10103,4/9/2022 10:41:20 AM,-2.68
10103,4/9/2022 10:41:24 AM,-2.00
10103,4/9/2022 10:41:28 AM,-2.90
10103,4/9/2022 10:41:32 AM,-2.46
10103,4/9/2022 10:41:36 AM,-2.67
10103,4/9/2022 10:41:40 AM,-2.22
10103,4/9/2022 10:41:44 AM,-2.23
10103,4/9/2022 10:41:48 AM,-1.99
10103,4/9/2022 10:41:52 AM,-1.99
10103,4/9/2022 10:41:56 AM,-1.99
10103,4/9/2022 10:42:00 AM,-2.67
10103,4/9/2022 10:42:04 AM,-2.92
10103,4/9/2022 10:42:08 AM,-2.45
10103,4/9/2022 10:42:12 AM,-2.00
10103,4/9/2022 10:42:16 AM,-1.99
10103,4/9/2022 10:42:20 AM,-1.99
10103,4/9/2022 10:42:24 AM,-1.99
10103,4/9/2022 10:42:28 AM,-2.24
10103,4/9/2022 10:42:32 AM,-1.76
10103,4/9/2022 10:42:36 AM,-1.99
10103,4/9/2022 10:42:40 AM,-2.68
10103,4/9/2022 10:42:44 AM,-2.23
10103,4/9/2022 10:42:48 AM,-1.99
10103,4/9/2022 10:42:52 AM,-1.99
10103,4/9/2022 10:42:56 AM,-1.99
10103,4/9/2022 10:43:00 AM,-2.67
10103,4/9/2022 10:43:04 AM,-1.99
10103,4/9/2022 10:43:08 AM,-1.99
10103,4/9/2022 10:43:12 AM,-2.67
10103,4/9/2022 10:43:16 AM,-2.44
10103,4/9/2022 10:43:20 AM,-2.91
10103,4/9/2022 10:43:24 AM,-2.00
10103,4/9/2022 10:43:28 AM,-2.46
10103,4/9/2022 10:43:32 AM,-1.55
10103,4/9/2022 10:43:36 AM,-1.99
10103,4/9/2022 10:43:40 AM,-1.99
10103,4/9/2022 10:43:44 AM,-2.44
10103,4/9/2022 10:43:48 AM,-2.00
10103,4/9/2022 10:43:52 AM,-2.46
10103,4/9/2022 10:43:56 AM,-1.99
10103,4/9/2022 10:44:00 AM,-2.67
10103,4/9/2022 10:44:04 AM,-1.99
10103,4/9/2022 10:44:08 AM,-2.44
10103,4/9/2022 10:44:12 AM,-2.00
10103,4/9/2022 10:44:16 AM,-2.68
10103,4/9/2022 10:44:20 AM,-2.23
10103,4/9/2022 10:44:24 AM,-2.67
10103,4/9/2022 10:44:28 AM,-2.46
10103,4/9/2022 10:44:32 AM,-1.99
10103,4/9/2022 10:44:36 AM,-3.35
10103,4/9/2022 10:44:40 AM,-2.21
10103,4/9/2022 10:44:44 AM,-2.23
10103,4/9/2022 10:44:48 AM,-1.31
10103,4/9/2022 10:44:52 AM,-1.99
10103,4/9/2022 10:44:56 AM,-1.55
10103,4/9/2022 10:45:00 AM,-1.98
10103,4/9/2022 10:45:04 AM,-1.77
10103,4/9/2022 10:45:08 AM,-1.76
10103,4/9/2022 10:45:12 AM,-1.99
10103,4/9/2022 10:45:16 AM,-2.68
10103,4/9/2022 10:45:20 AM,-1.78
10103,4/9/2022 10:45:24 AM,-1.99
10103,4/9/2022 10:45:28 AM,-2.21
10103,4/9/2022 10:45:32 AM,-2.23
10103,4/9/2022 10:45:36 AM,-1.99
10103,4/9/2022 10:45:40 AM,-1.99
10103,4/9/2022 10:45:44 AM,-1.99
10103,4/9/2022 10:45:48 AM,-1.99
10103,4/9/2022 10:45:52 AM,-1.99
10103,4/9/2022 10:45:56 AM,-2.44
10103,4/9/2022 10:46:00 AM,-2.00
10103,4/9/2022 10:46:04 AM,-1.99
10103,4/9/2022 10:46:08 AM,-1.99
10103,4/9/2022 10:46:12 AM,-2.67
10103,4/9/2022 10:46:16 AM,-1.99
10103,4/9/2022 10:46:20 AM,-1.99
10103,4/9/2022 10:46:24 AM,-2.67
10103,4/9/2022 10:46:28 AM,-1.53
10103,4/9/2022 10:46:32 AM,-1.54
10103,4/9/2022 10:46:36 AM,-2.67
10103,4/9/2022 10:46:40 AM,-1.99
10103,4/9/2022 10:46:44 AM,-2.44
10103,4/9/2022 10:46:48 AM,-2.00
10103,4/9/2022 10:46:52 AM,-1.99
10103,4/9/2022 10:46:56 AM,-2.44
10103,4/9/2022 10:47:00 AM,-2.00
10103,4/9/2022 10:47:04 AM,-1.53
10103,4/9/2022 10:47:08 AM,-2.89
10103,4/9/2022 10:47:12 AM,-2.69
10103,4/9/2022 10:47:16 AM,-2.22
10103,4/9/2022 10:47:20 AM,-2.23
10103,4/9/2022 10:47:24 AM,-2.67
10103,4/9/2022 10:47:28 AM,-1.99
10103,4/9/2022 10:47:32 AM,-1.99
10103,4/9/2022 10:47:36 AM,-1.99
10103,4/9/2022 10:47:40 AM,-2.21
10103,4/9/2022 10:47:44 AM,-2.23
10103,4/9/2022 10:47:48 AM,-3.35
10103,4/9/2022 10:47:52 AM,-1.99
10103,4/9/2022 10:47:56 AM,-1.99
10103,4/9/2022 10:48:00 AM,-1.99
10103,4/9/2022 10:48:04 AM,-1.53
10103,4/9/2022 10:48:08 AM,-1.99
10103,4/9/2022 10:48:12 AM,-2.67
10103,4/9/2022 10:48:16 AM,-1.31
10103,4/9/2022 10:48:20 AM,-2.21
10103,4/9/2022 10:48:24 AM,-2.00
10103,4/9/2022 10:48:28 AM,-2.46
10103,4/9/2022 10:48:32 AM,-1.99
10103,4/9/2022 10:48:36 AM,-1.32
10103,4/9/2022 10:48:40 AM,-1.99
10103,4/9/2022 10:48:44 AM,-1.55
10103,4/9/2022 10:48:48 AM,-1.99
10103,4/9/2022 10:48:52 AM,-2.22
10103,4/9/2022 10:48:56 AM,-2.23
10103,4/9/2022 10:49:00 AM,-1.99
10103,4/9/2022 10:49:04 AM,-1.77
10103,4/9/2022 10:49:08 AM,-1.31
10103,4/9/2022 10:49:12 AM,-3.33
10103,4/9/2022 10:49:16 AM,-2.44
10103,4/9/2022 10:49:20 AM,-2.91
10103,4/9/2022 10:49:24 AM,-2.00
10103,4/9/2022 10:49:28 AM,-1.99
10103,4/9/2022 10:49:32 AM,-1.99
10103,4/9/2022 10:49:36 AM,-1.99
10103,4/9/2022 10:49:40 AM,-2.22
10103,4/9/2022 10:49:44 AM,-2.68
10103,4/9/2022 10:49:48 AM,-2.00
10103,4/9/2022 10:49:52 AM,-1.77
10103,4/9/2022 10:49:56 AM,-1.75
10103,4/9/2022 10:50:00 AM,-1.99
10103,4/9/2022 10:50:04 AM,-1.53
10103,4/9/2022 10:50:08 AM,-1.55
10103,4/9/2022 10:50:12 AM,-2.66
10103,4/9/2022 10:50:16 AM,-1.99
10103,4/9/2022 10:50:20 AM,-1.99
10103,4/9/2022 10:50:24 AM,-1.32
10103,4/9/2022 10:50:28 AM,-2.19
10103,4/9/2022 10:50:32 AM,-1.84
10103,4/9/2022 10:50:36 AM,-1.99
10103,4/9/2022 10:50:40 AM,-2.93
10103,4/9/2022 10:50:44 AM,-1.99
10103,4/9/2022 10:50:48 AM,-1.99
10103,4/9/2022 10:50:52 AM,-1.99
10103,4/9/2022 10:50:56 AM,-2.44
10103,4/9/2022 10:51:00 AM,-2.00
10103,4/9/2022 10:51:04 AM,-1.78
10103,4/9/2022 10:51:08 AM,-2.65
10103,4/9/2022 10:51:12 AM,-2.69
10103,4/9/2022 10:51:16 AM,-2.68
10103,4/9/2022 10:51:20 AM,-2.68
10103,4/9/2022 10:51:24 AM,-1.32
10103,4/9/2022 10:51:28 AM,-1.99
10103,4/9/2022 10:51:32 AM,-1.99
10103,4/9/2022 10:51:36 AM,-1.99
10103,4/9/2022 10:51:40 AM,-3.14
10103,4/9/2022 10:51:44 AM,-2.23
10103,4/9/2022 10:51:48 AM,-2.67
10103,4/9/2022 10:51:52 AM,-2.68
10103,4/9/2022 10:51:56 AM,-3.12
10103,4/9/2022 10:52:00 AM,-2.14
10103,4/9/2022 10:52:04 AM,-1.77
10103,4/9/2022 10:52:08 AM,-2.66
10103,4/9/2022 10:52:12 AM,-1.33
10103,4/9/2022 10:52:16 AM,-2.46
10103,4/9/2022 10:52:20 AM,-1.99
10103,4/9/2022 10:52:24 AM,-2.68
10103,4/9/2022 10:52:28 AM,-2.68
10103,4/9/2022 10:52:32 AM,-2.23
10103,4/9/2022 10:52:36 AM,-3.36
10103,4/9/2022 10:52:40 AM,-2.24
10103,4/9/2022 10:52:44 AM,-1.76
10103,4/9/2022 10:52:48 AM,-2.68
10103,4/9/2022 10:52:52 AM,-2.68
10103,4/9/2022 10:52:56 AM,-2.68
10103,4/9/2022 10:53:00 AM,-2.00
10103,4/9/2022 10:53:04 AM,-1.99
10103,4/9/2022 10:53:08 AM,-2.89
10103,4/9/2022 10:53:12 AM,-2.69
10103,4/9/2022 10:53:16 AM,-1.99
10103,4/9/2022 10:53:20 AM,-2.45
10103,4/9/2022 10:53:24 AM,-2.68
10103,4/9/2022 10:53:28 AM,-1.99
10103,4/9/2022 10:53:32 AM,-1.99
10103,4/9/2022 10:53:36 AM,-1.31
10103,4/9/2022 10:53:40 AM,-1.53
10103,4/9/2022 10:53:44 AM,-1.54
10103,4/9/2022 10:53:48 AM,-1.99
10103,4/9/2022 10:53:52 AM,-1.99
10103,4/9/2022 10:53:56 AM,-2.89
10103,4/9/2022 10:54:00 AM,-2.00
10103,4/9/2022 10:54:04 AM,-1.99
10103,4/9/2022 10:54:08 AM,-1.54
10103,4/9/2022 10:54:12 AM,-1.99
10103,4/9/2022 10:54:16 AM,-2.24
10103,4/9/2022 10:54:20 AM,-2.21
10103,4/9/2022 10:54:24 AM,-2.00
10103,4/9/2022 10:54:28 AM,-1.99
10103,4/9/2022 10:54:32 AM,-1.99
10103,4/9/2022 10:54:36 AM,-3.36
10103,4/9/2022 10:54:40 AM,-2.21
10103,4/9/2022 10:54:44 AM,-2.68
10103,4/9/2022 10:54:48 AM,-2.00
10103,4/9/2022 10:54:52 AM,-2.22
10103,4/9/2022 10:54:56 AM,-2.23
10103,4/9/2022 10:55:00 AM,-1.99
10103,4/9/2022 10:55:04 AM,-2.46
10103,4/9/2022 10:55:08 AM,-1.99
10103,4/9/2022 10:55:12 AM,-1.99
10103,4/9/2022 10:55:16 AM,-2.22
10103,4/9/2022 10:55:20 AM,-2.23
10103,4/9/2022 10:55:24 AM,-1.99
10103,4/9/2022 10:55:28 AM,-2.46
10103,4/9/2022 10:55:32 AM,-1.99
10103,4/9/2022 10:55:36 AM,-1.99
10103,4/9/2022 10:55:40 AM,-2.46
10103,4/9/2022 10:55:44 AM,-2.44
10103,4/9/2022 10:55:48 AM,-2.00
10103,4/9/2022 10:55:52 AM,-2.46
10103,4/9/2022 10:55:56 AM,-1.99
10103,4/9/2022 10:56:00 AM,-1.99
10103,4/9/2022 10:56:04 AM,-3.06
10103,4/9/2022 10:56:08 AM,-2.44
10103,4/9/2022 10:56:12 AM,-2.68
10103,4/9/2022 10:56:16 AM,-2.68
10103,4/9/2022 10:56:20 AM,-2.68
10103,4/9/2022 10:56:24 AM,-2.68
10103,4/9/2022 10:56:28 AM,-1.75
10103,4/9/2022 10:56:32 AM,-2.68
10103,4/9/2022 10:56:36 AM,-2.00
10103,4/9/2022 10:56:40 AM,-2.24
10103,4/9/2022 10:56:44 AM,-1.76
10103,4/9/2022 10:56:48 AM,-1.99
10103,4/9/2022 10:56:52 AM,-2.68
10103,4/9/2022 10:56:56 AM,-2.23
10103,4/9/2022 10:57:00 AM,-1.31
10103,4/9/2022 10:57:04 AM,-1.99
10103,4/9/2022 10:57:08 AM,-2.89
10103,4/9/2022 10:57:12 AM,-2.01
10103,4/9/2022 10:57:16 AM,-1.31
10103,4/9/2022 10:57:20 AM,-1.76
10103,4/9/2022 10:57:24 AM,-1.99
10103,4/9/2022 10:57:28 AM,-2.93
10103,4/9/2022 10:57:32 AM,-2.44
10103,4/9/2022 10:57:36 AM,-2.68
10103,4/9/2022 10:57:40 AM,-1.99
10103,4/9/2022 10:57:44 AM,-1.99
10103,4/9/2022 10:57:48 AM,-1.99
10103,4/9/2022 10:57:52 AM,-2.21
10103,4/9/2022 10:57:56 AM,-2.68
10103,4/9/2022 10:58:00 AM,-2.00
10103,4/9/2022 10:58:04 AM,-2.22
10103,4/9/2022 10:58:08 AM,-3.13
10103,4/9/2022 10:58:12 AM,-2.01
10103,4/9/2022 10:58:16 AM,-2.21
10103,4/9/2022 10:58:20 AM,-2.23
10103,4/9/2022 10:58:24 AM,-1.99
10103,4/9/2022 10:58:28 AM,-1.77
10103,4/9/2022 10:58:32 AM,-1.31
10103,4/9/2022 10:58:36 AM,-1.99
10103,4/9/2022 10:58:40 AM,-1.53
10103,4/9/2022 10:58:44 AM,-1.99
10103,4/9/2022 10:58:48 AM,-1.99
10103,4/9/2022 10:58:52 AM,-1.99
10103,4/9/2022 10:58:56 AM,-1.99
10103,4/9/2022 10:59:00 AM,-1.99
10103,4/9/2022 10:59:04 AM,-1.99
10103,4/9/2022 10:59:08 AM,-1.99
10103,4/9/2022 10:59:12 AM,-1.99
10103,4/9/2022 10:59:16 AM,-2.22
10103,4/9/2022 10:59:20 AM,-2.23
10103,4/9/2022 10:59:24 AM,-1.99
10103,4/9/2022 10:59:28 AM,-1.99
10103,4/9/2022 10:59:32 AM,-2.44
10103,4/9/2022 10:59:36 AM,-2.00
10103,4/9/2022 10:59:40 AM,-1.99
10103,4/9/2022 10:59:44 AM,-1.99
10103,4/9/2022 10:59:48 AM,-1.99
10103,4/9/2022 10:59:52 AM,-1.99
10103,4/9/2022 10:59:56 AM,-1.99
10103,4/9/2022 11:00:00 AM,-1.99
10103,4/9/2022 11:00:04 AM,-1.99
10103,4/9/2022 11:00:08 AM,-2.44
10103,4/9/2022 11:00:12 AM,-2.00
10103,4/9/2022 11:00:16 AM,-1.75
10103,4/9/2022 11:00:20 AM,-2.23
10103,4/9/2022 11:00:24 AM,-1.99
10103,4/9/2022 11:00:28 AM,-1.99
10103,4/9/2022 11:00:32 AM,-1.99
10103,4/9/2022 11:00:36 AM,-1.99
10103,4/9/2022 11:00:40 AM,-1.77
10103,4/9/2022 11:00:44 AM,-2.20
10103,4/9/2022 11:00:48 AM,-2.00
10103,4/9/2022 11:00:52 AM,-1.77
10103,4/9/2022 11:00:56 AM,-1.76
10103,4/9/2022 11:01:00 AM,-2.67
10103,4/9/2022 11:01:04 AM,-2.92
10103,4/9/2022 11:01:08 AM,-1.99
10103,4/9/2022 11:01:12 AM,-1.99
10103,4/9/2022 11:01:16 AM,-2.22
10103,4/9/2022 11:01:20 AM,-1.78
10103,4/9/2022 11:01:24 AM,-3.34
10103,4/9/2022 11:01:28 AM,-2.21
10103,4/9/2022 11:01:32 AM,-2.23
10103,4/9/2022 11:01:36 AM,-1.99
10103,4/9/2022 11:01:40 AM,-1.99
10103,4/9/2022 11:01:44 AM,-2.44
10103,4/9/2022 11:01:48 AM,-1.32
10103,4/9/2022 11:01:52 AM,-2.68
10103,4/9/2022 11:01:56 AM,-2.23
10103,4/9/2022 11:02:00 AM,-1.32
10103,4/9/2022 11:02:04 AM,-1.31
10103,4/9/2022 11:02:08 AM,-1.76
10103,4/9/2022 11:02:12 AM,-1.99
10103,4/9/2022 11:02:16 AM,-2.21
10103,4/9/2022 11:02:20 AM,-2.68
10103,4/9/2022 11:02:24 AM,-2.00
10103,4/9/2022 11:02:28 AM,-2.21
10103,4/9/2022 11:02:32 AM,-2.23
10103,4/9/2022 11:02:36 AM,-2.67
10103,4/9/2022 11:02:40 AM,-3.14
10103,4/9/2022 11:02:44 AM,-2.23
10103,4/9/2022 11:02:48 AM,-1.32
10103,4/9/2022 11:02:52 AM,-2.46
10103,4/9/2022 11:02:56 AM,-2.89
10103,4/9/2022 11:03:00 AM,-3.36
10103,4/9/2022 11:03:04 AM,-1.75
10103,4/9/2022 11:03:08 AM,-2.23
10103,4/9/2022 11:03:12 AM,-1.99
10103,4/9/2022 11:03:16 AM,-2.68
10103,4/9/2022 11:03:20 AM,-2.68
10103,4/9/2022 11:03:24 AM,-2.68
10103,4/9/2022 11:03:28 AM,-2.46
10103,4/9/2022 11:03:32 AM,-2.44
10103,4/9/2022 11:03:36 AM,-2.00
10103,4/9/2022 11:03:40 AM,-2.71
10103,4/9/2022 11:03:44 AM,-1.76
10103,4/9/2022 11:03:48 AM,-1.99
10103,4/9/2022 11:03:52 AM,-1.99
10103,4/9/2022 11:03:56 AM,-2.44
10103,4/9/2022 11:04:00 AM,-3.36
10103,4/9/2022 11:04:04 AM,-2.46
10103,4/9/2022 11:04:08 AM,-2.44
10103,4/9/2022 11:04:12 AM,-2.68
10103,4/9/2022 11:04:16 AM,-1.99
10103,4/9/2022 11:04:20 AM,-1.99
10103,4/9/2022 11:04:24 AM,-1.99
10103,4/9/2022 11:04:28 AM,-2.18
10103,4/9/2022 11:04:32 AM,-2.68
10103,4/9/2022 11:04:36 AM,-2.00
10103,4/9/2022 11:04:40 AM,-1.53
10103,4/9/2022 11:04:44 AM,-2.44
10103,4/9/2022 11:04:48 AM,-2.00
10103,4/9/2022 11:04:52 AM,-2.22
10103,4/9/2022 11:04:56 AM,-2.23
10103,4/9/2022 11:05:00 AM,-2.68
10103,4/9/2022 11:05:04 AM,-3.14
10103,4/9/2022 11:05:08 AM,-2.23
10103,4/9/2022 11:05:12 AM,-1.99
10103,4/9/2022 11:05:16 AM,-1.99
10103,4/9/2022 11:05:20 AM,-2.45
10103,4/9/2022 11:05:24 AM,-2.00
10103,4/9/2022 11:05:28 AM,-3.14
10103,4/9/2022 11:05:32 AM,-2.68
10103,4/9/2022 11:05:36 AM,-2.00
10103,4/9/2022 11:05:40 AM,-2.68
10103,4/9/2022 11:05:44 AM,-2.23
10103,4/9/2022 11:05:48 AM,-1.99
10103,4/9/2022 11:05:52 AM,-2.22
10103,4/9/2022 11:05:56 AM,-3.13
10103,4/9/2022 11:06:00 AM,-2.00
10103,4/9/2022 11:06:04 AM,-1.75
10103,4/9/2022 11:06:08 AM,-2.68
10103,4/9/2022 11:06:12 AM,-2.00
10103,4/9/2022 11:06:16 AM,-1.99
10103,4/9/2022 11:06:20 AM,-2.77
10103,4/9/2022 11:06:24 AM,-2.68
10103,4/9/2022 11:06:28 AM,-1.99
10103,4/9/2022 11:06:32 AM,-2.45
10103,4/9/2022 11:06:36 AM,-2.68
10103,4/9/2022 11:06:40 AM,-2.24
10103,4/9/2022 11:06:44 AM,-1.31
10103,4/9/2022 11:06:48 AM,-1.31
10103,4/9/2022 11:06:52 AM,-2.90
10103,4/9/2022 11:06:56 AM,-3.36
10103,4/9/2022 11:07:00 AM,-2.00
10103,4/9/2022 11:07:04 AM,-2.43
10103,4/9/2022 11:07:08 AM,-2.91
10103,4/9/2022 11:07:12 AM,-2.01
10103,4/9/2022 11:07:16 AM,-1.99
10103,4/9/2022 11:07:20 AM,-2.45
10103,4/9/2022 11:07:24 AM,-2.68
10103,4/9/2022 11:07:28 AM,-2.46
10103,4/9/2022 11:07:32 AM,-2.89
10103,4/9/2022 11:07:36 AM,-2.68
10103,4/9/2022 11:07:40 AM,-2.68
10103,4/9/2022 11:07:44 AM,-2.68
10103,4/9/2022 11:07:48 AM,-2.00
10103,4/9/2022 11:07:52 AM,-2.46
10103,4/9/2022 11:07:56 AM,-1.99
10103,4/9/2022 11:08:00 AM,-1.99
10103,4/9/2022 11:08:04 AM,-2.46
10103,4/9/2022 11:08:08 AM,-1.99
10103,4/9/2022 11:08:12 AM,-1.99
10103,4/9/2022 11:08:16 AM,-1.99
10103,4/9/2022 11:08:20 AM,-2.44
10103,4/9/2022 11:08:24 AM,-2.00
10103,4/9/2022 11:08:28 AM,-2.46
10103,4/9/2022 11:08:32 AM,-1.99
10103,4/9/2022 11:08:36 AM,-1.99
10103,4/9/2022 11:08:40 AM,-1.99
10103,4/9/2022 11:08:44 AM,-2.89
10103,4/9/2022 11:08:48 AM,-2.68
10103,4/9/2022 11:08:52 AM,-2.70
10103,4/9/2022 11:08:56 AM,-1.76
10103,4/9/2022 11:09:00 AM,-1.99
10103,4/9/2022 11:09:04 AM,-2.22
10103,4/9/2022 11:09:08 AM,-2.68
10103,4/9/2022 11:09:12 AM,-2.00
10103,4/9/2022 11:09:16 AM,-1.99
10103,4/9/2022 11:09:20 AM,-2.44
10103,4/9/2022 11:09:24 AM,-2.68
10103,4/9/2022 11:09:28 AM,-2.46
10103,4/9/2022 11:09:32 AM,-1.99
10103,4/9/2022 11:09:36 AM,-1.99
10103,4/9/2022 11:09:40 AM,-2.44
10103,4/9/2022 11:09:44 AM,-2.46
10103,4/9/2022 11:09:48 AM,-2.67
10103,4/9/2022 11:09:52 AM,-1.99
10103,4/9/2022 11:09:56 AM,-1.99
10103,4/9/2022 11:10:00 AM,-2.67
10103,4/9/2022 11:10:04 AM,-2.22
10103,4/9/2022 11:10:08 AM,-1.78
10103,4/9/2022 11:10:12 AM,-1.99
10103,4/9/2022 11:10:16 AM,-1.75
10103,4/9/2022 11:10:20 AM,-2.23
10103,4/9/2022 11:10:24 AM,-2.67
10103,4/9/2022 11:10:28 AM,-1.99
10103,4/9/2022 11:10:32 AM,-1.99
10103,4/9/2022 11:10:36 AM,-1.99
10103,4/9/2022 11:10:40 AM,-2.21
10103,4/9/2022 11:10:44 AM,-2.23
10103,4/9/2022 11:10:48 AM,-1.99
10103,4/9/2022 11:10:52 AM,-2.46
10103,4/9/2022 11:10:56 AM,-1.99
10103,4/9/2022 11:11:00 AM,-1.99
10103,4/9/2022 11:11:04 AM,-1.99
10103,4/9/2022 11:11:08 AM,-2.44
10103,4/9/2022 11:11:12 AM,-2.00
10103,4/9/2022 11:11:16 AM,-2.22
10103,4/9/2022 11:11:20 AM,-2.23
10103,4/9/2022 11:11:24 AM,-1.99
10103,4/9/2022 11:11:28 AM,-1.99
10103,4/9/2022 11:11:32 AM,-2.44
10103,4/9/2022 11:11:36 AM,-2.68
10103,4/9/2022 11:11:40 AM,-1.99
10103,4/9/2022 11:11:44 AM,-1.55
10103,4/9/2022 11:11:48 AM,-1.99
10103,4/9/2022 11:11:52 AM,-1.99
10103,4/9/2022 11:11:56 AM,-1.99
10103,4/9/2022 11:12:00 AM,-1.99
10103,4/9/2022 11:12:04 AM,-1.75
10103,4/9/2022 11:12:08 AM,-2.23
10103,4/9/2022 11:12:12 AM,-3.35
10103,4/9/2022 11:12:16 AM,-1.53
10103,4/9/2022 11:12:20 AM,-2.79
10103,4/9/2022 11:12:24 AM,-2.68
10103,4/9/2022 11:12:28 AM,-1.99
10103,4/9/2022 11:12:32 AM,-2.44
10103,4/9/2022 11:12:36 AM,-2.00
10103,4/9/2022 11:12:40 AM,-2.21
10103,4/9/2022 11:12:44 AM,-2.68
10103,4/9/2022 11:12:48 AM,-2.68
10103,4/9/2022 11:12:52 AM,-3.14
10103,4/9/2022 11:12:56 AM,-2.23
10103,4/9/2022 11:13:00 AM,-2.67
10103,4/9/2022 11:13:04 AM,-1.99
10103,4/9/2022 11:13:08 AM,-1.55
10103,4/9/2022 11:13:12 AM,-1.98
10103,4/9/2022 11:13:16 AM,-3.14
10103,4/9/2022 11:13:20 AM,-2.23
10103,4/9/2022 11:13:24 AM,-2.67
10103,4/9/2022 11:13:28 AM,-2.21
10103,4/9/2022 11:13:32 AM,-2.68
10103,4/9/2022 11:13:36 AM,-2.00
10103,4/9/2022 11:13:40 AM,-1.77
10103,4/9/2022 11:13:44 AM,-2.21
10103,4/9/2022 11:13:48 AM,-1.32
10103,4/9/2022 11:13:52 AM,-1.77
10103,4/9/2022 11:13:56 AM,-1.76
10103,4/9/2022 11:14:00 AM,-1.99
10103,4/9/2022 11:14:04 AM,-2.92
10103,4/9/2022 11:14:08 AM,-2.44
10103,4/9/2022 11:14:12 AM,-2.00
10103,4/9/2022 11:14:16 AM,-2.46
10103,4/9/2022 11:14:20 AM,-2.44
10103,4/9/2022 11:14:24 AM,-1.32
10103,4/9/2022 11:14:28 AM,-1.68
10103,4/9/2022 11:14:32 AM,-2.28
10103,4/9/2022 11:14:36 AM,-1.99
10103,4/9/2022 11:14:40 AM,-2.21
10103,4/9/2022 11:14:44 AM,-2.68
10103,4/9/2022 11:14:48 AM,-2.68
10103,4/9/2022 11:14:52 AM,-2.46
10103,4/9/2022 11:14:56 AM,-1.99
10103,4/9/2022 11:15:00 AM,-2.66
10103,4/9/2022 11:15:04 AM,-1.99
10103,4/9/2022 11:15:08 AM,-2.44
10103,4/9/2022 11:15:12 AM,-1.33
10103,4/9/2022 11:15:16 AM,-2.92
10103,4/9/2022 11:15:20 AM,-2.44
10103,4/9/2022 11:15:24 AM,-2.00
10103,4/9/2022 11:15:28 AM,-1.78
10103,4/9/2022 11:15:32 AM,-1.76
10103,4/9/2022 11:15:36 AM,-1.99
10103,4/9/2022 11:15:40 AM,-1.99
10103,4/9/2022 11:15:44 AM,-1.99
10103,4/9/2022 11:15:48 AM,-1.32
10103,4/9/2022 11:15:52 AM,-1.99
10103,4/9/2022 11:15:56 AM,-1.55
10103,4/9/2022 11:16:00 AM,-2.67
10103,4/9/2022 11:16:04 AM,-2.46
10103,4/9/2022 11:16:08 AM,-1.99
10103,4/9/2022 11:16:12 AM,-2.67
10103,4/9/2022 11:16:16 AM,-1.99
10103,4/9/2022 11:16:20 AM,-1.99
10103,4/9/2022 11:16:24 AM,-2.67
10103,4/9/2022 11:16:28 AM,-1.78
10103,4/9/2022 11:16:32 AM,-1.76
10103,4/9/2022 11:16:36 AM,-1.99
10103,4/9/2022 11:16:40 AM,-2.68
10103,4/9/2022 11:16:44 AM,-3.12
10103,4/9/2022 11:16:48 AM,-1.33
10103,4/9/2022 11:16:52 AM,-2.24
10103,4/9/2022 11:16:56 AM,-1.76
10103,4/9/2022 11:17:00 AM,-2.67
10103,4/9/2022 11:17:04 AM,-1.75
10103,4/9/2022 11:17:08 AM,-2.68
10103,4/9/2022 11:17:12 AM,-2.68
10103,4/9/2022 11:17:16 AM,-1.99
10103,4/9/2022 11:17:20 AM,-2.44
10103,4/9/2022 11:17:24 AM,-2.00
10103,4/9/2022 11:17:28 AM,-2.21
10103,4/9/2022 11:17:32 AM,-2.68
10103,4/9/2022 11:17:36 AM,-2.00
10103,4/9/2022 11:17:40 AM,-1.99
10103,4/9/2022 11:17:44 AM,-1.99
10103,4/9/2022 11:17:48 AM,-1.99
10103,4/9/2022 11:17:52 AM,-1.99
10103,4/9/2022 11:17:56 AM,-2.44
10103,4/9/2022 11:18:00 AM,-2.68
10103,4/9/2022 11:18:04 AM,-1.99
10103,4/9/2022 11:18:08 AM,-2.44
10103,4/9/2022 11:18:12 AM,-2.00
10103,4/9/2022 11:18:16 AM,-2.93
10103,4/9/2022 11:18:20 AM,-2.44
10103,4/9/2022 11:18:24 AM,-2.00
10103,4/9/2022 11:18:28 AM,-1.53
10103,4/9/2022 11:18:32 AM,-1.99
10103,4/9/2022 11:18:36 AM,-2.68
10103,4/9/2022 11:18:40 AM,-2.44
10103,4/9/2022 11:18:44 AM,-2.47
10103,4/9/2022 11:18:48 AM,-2.68
10103,4/9/2022 11:18:52 AM,-2.44
10103,4/9/2022 11:18:56 AM,-2.61
10103,4/9/2022 11:19:00 AM,-2.67
10103,4/9/2022 11:19:04 AM,-2.22
10103,4/9/2022 11:19:08 AM,-2.23
10103,4/9/2022 11:19:12 AM,-1.99
10103,4/9/2022 11:19:16 AM,-1.99
10103,4/9/2022 11:19:20 AM,-2.90
10103,4/9/2022 11:19:24 AM,-2.00
10103,4/9/2022 11:19:28 AM,-2.46
10103,4/9/2022 11:19:32 AM,-2.44
10103,4/9/2022 11:19:36 AM,-2.00
10103,4/9/2022 11:19:40 AM,-2.22
10103,4/9/2022 11:19:44 AM,-2.23
10103,4/9/2022 11:19:48 AM,-1.99
10103,4/9/2022 11:19:52 AM,-1.99
10103,4/9/2022 11:19:56 AM,-1.99
10103,4/9/2022 11:20:00 AM,-1.99
10103,4/9/2022 11:20:04 AM,-2.46
10103,4/9/2022 11:20:08 AM,-1.99
10103,4/9/2022 11:20:12 AM,-1.99
10103,4/9/2022 11:20:16 AM,-1.99
10103,4/9/2022 11:20:20 AM,-1.99
10103,4/9/2022 11:20:24 AM,-1.31
10103,4/9/2022 11:20:28 AM,-1.77
10103,4/9/2022 11:20:32 AM,-1.71
10103,4/9/2022 11:20:36 AM,-1.99
10103,4/9/2022 11:20:40 AM,-1.77
10103,4/9/2022 11:20:44 AM,-1.76
10103,4/9/2022 11:20:48 AM,-1.31
10103,4/9/2022 11:20:52 AM,-2.46
10103,4/9/2022 11:20:56 AM,-1.55
10103,4/9/2022 11:21:00 AM,-1.99
10103,4/9/2022 11:21:04 AM,-2.70
10103,4/9/2022 11:21:08 AM,-1.76
10103,4/9/2022 11:21:12 AM,-1.99
10103,4/9/2022 11:21:16 AM,-3.14
10103,4/9/2022 11:21:20 AM,-1.78
10103,4/9/2022 11:21:24 AM,-1.99
10103,4/9/2022 11:21:28 AM,-2.24
10103,4/9/2022 11:21:32 AM,-1.76
10103,4/9/2022 11:21:36 AM,-1.31
10103,4/9/2022 11:21:40 AM,-3.14
10103,4/9/2022 11:21:44 AM,-2.23
10103,4/9/2022 11:21:48 AM,-1.31
10103,4/9/2022 11:21:52 AM,-2.68
10103,4/9/2022 11:21:56 AM,-2.23
10103,4/9/2022 11:22:00 AM,-1.99
10103,4/9/2022 11:22:04 AM,-2.46
10103,4/9/2022 11:22:08 AM,-1.99
10103,4/9/2022 11:22:12 AM,-1.99
10103,4/9/2022 11:22:16 AM,-2.22
10103,4/9/2022 11:22:20 AM,-2.68
10103,4/9/2022 11:22:24 AM,-1.47
10103,4/9/2022 11:22:28 AM,-2.21
10103,4/9/2022 11:22:32 AM,-2.23
10103,4/9/2022 11:22:36 AM,-1.99
10103,4/9/2022 11:22:40 AM,-1.99
10103,4/9/2022 11:22:44 AM,-1.99
10103,4/9/2022 11:22:48 AM,-1.99
10103,4/9/2022 11:22:52 AM,-2.46
10103,4/9/2022 11:22:56 AM,-1.99
10103,4/9/2022 11:23:00 AM,-1.99
10103,4/9/2022 11:23:04 AM,-1.99
10103,4/9/2022 11:23:08 AM,-1.55
10103,4/9/2022 11:23:12 AM,-2.66
10103,4/9/2022 11:23:16 AM,-1.99
10103,4/9/2022 11:23:20 AM,-1.99
10103,4/9/2022 11:23:24 AM,-1.31
10103,4/9/2022 11:23:28 AM,-2.21
10103,4/9/2022 11:23:32 AM,-1.78
10103,4/9/2022 11:23:36 AM,-2.67
10103,4/9/2022 11:23:40 AM,-2.46
10103,4/9/2022 11:23:44 AM,-1.99
10103,4/9/2022 11:23:48 AM,-1.99
10103,4/9/2022 11:23:52 AM,-2.21
10103,4/9/2022 11:23:56 AM,-2.68
10103,4/9/2022 11:24:00 AM,-2.68
10103,4/9/2022 11:24:04 AM,-1.75
10103,4/9/2022 11:24:08 AM,-2.23
10103,4/9/2022 11:24:12 AM,-1.99
10103,4/9/2022 11:24:16 AM,-1.99
10103,4/9/2022 11:24:20 AM,-1.99
10103,4/9/2022 11:24:24 AM,-2.67
10103,4/9/2022 11:24:28 AM,-2.18
10103,4/9/2022 11:24:32 AM,-2.68
10103,4/9/2022 11:24:36 AM,-2.00
10103,4/9/2022 11:24:40 AM,-2.24
10103,4/9/2022 11:24:44 AM,-2.64
10103,4/9/2022 11:24:48 AM,-2.68
10103,4/9/2022 11:24:52 AM,-2.22
10103,4/9/2022 11:24:56 AM,-3.13
10103,4/9/2022 11:25:00 AM,-2.68
10103,4/9/2022 11:25:04 AM,-1.99
10103,4/9/2022 11:25:08 AM,-1.55
10103,4/9/2022 11:25:12 AM,-2.66
10103,4/9/2022 11:25:16 AM,-1.99
10103,4/9/2022 11:25:20 AM,-1.99
10103,4/9/2022 11:25:24 AM,-2.67
10103,4/9/2022 11:25:28 AM,-2.46
10103,4/9/2022 11:25:32 AM,-1.99
10103,4/9/2022 11:25:36 AM,-1.99
10103,4/9/2022 11:25:40 AM,-1.99
10103,4/9/2022 11:25:44 AM,-1.99
10103,4/9/2022 11:25:48 AM,-3.35
10103,4/9/2022 11:25:52 AM,-1.99
10103,4/9/2022 11:25:56 AM,-1.99
10103,4/9/2022 11:26:00 AM,-1.99
10103,4/9/2022 11:26:04 AM,-2.68
10103,4/9/2022 11:26:08 AM,-1.78
10103,4/9/2022 11:26:12 AM,-1.31
10103,4/9/2022 11:26:16 AM,-1.99
10103,4/9/2022 11:26:20 AM,-1.99
10103,4/9/2022 11:26:24 AM,-2.67
10103,4/9/2022 11:26:28 AM,-1.42
10103,4/9/2022 11:26:32 AM,-1.99
10103,4/9/2022 11:26:36 AM,-2.67
10103,4/9/2022 11:26:40 AM,-2.21
10103,4/9/2022 11:26:44 AM,-3.13
10103,4/9/2022 11:26:48 AM,-2.01
10103,4/9/2022 11:26:52 AM,-1.99
10103,4/9/2022 11:26:56 AM,-1.99
10103,4/9/2022 11:27:00 AM,-1.99
10103,4/9/2022 11:27:04 AM,-2.46
10103,4/9/2022 11:27:08 AM,-2.88
10103,4/9/2022 11:27:12 AM,-2.69
10103,4/9/2022 11:27:16 AM,-1.78
10103,4/9/2022 11:27:20 AM,-1.76
10103,4/9/2022 11:27:24 AM,-1.99
10103,4/9/2022 11:27:28 AM,-1.99
10103,4/9/2022 11:27:32 AM,-1.55
10103,4/9/2022 11:27:36 AM,-2.67
10103,4/9/2022 11:27:40 AM,-2.49
10103,4/9/2022 11:27:44 AM,-1.99
10103,4/9/2022 11:27:48 AM,-1.99
10103,4/9/2022 11:27:52 AM,-2.21
10103,4/9/2022 11:27:56 AM,-1.79
10103,4/9/2022 11:28:00 AM,-2.66
10103,4/9/2022 11:28:04 AM,-2.68
10103,4/9/2022 11:28:08 AM,-2.23
10103,4/9/2022 11:28:12 AM,-1.99
10103,4/9/2022 11:28:16 AM,-2.21
10103,4/9/2022 11:28:20 AM,-2.23
10103,4/9/2022 11:28:24 AM,-2.67
10103,4/9/2022 11:28:28 AM,-1.75
10103,4/9/2022 11:28:32 AM,-2.23
10103,4/9/2022 11:28:36 AM,-1.99
10103,4/9/2022 11:28:40 AM,-1.99
10103,4/9/2022 11:28:44 AM,-1.99
10103,4/9/2022 11:28:48 AM,-2.67
10103,4/9/2022 11:28:52 AM,-1.99
10103,4/9/2022 11:28:56 AM,-1.99
10103,4/9/2022 11:29:00 AM,-1.99
10103,4/9/2022 11:29:04 AM,-2.24
10103,4/9/2022 11:29:08 AM,-1.76
10103,4/9/2022 11:29:12 AM,-3.34
10103,4/9/2022 11:29:16 AM,-1.99
10103,4/9/2022 11:29:20 AM,-1.99
10103,4/9/2022 11:29:24 AM,-2.67
10103,4/9/2022 11:29:28 AM,-2.42
10103,4/9/2022 11:29:32 AM,-2.92
10103,4/9/2022 11:29:36 AM,-2.00
10103,4/9/2022 11:29:40 AM,-2.68
10103,4/9/2022 11:29:44 AM,-2.68
10103,4/9/2022 11:29:48 AM,-2.00
10103,4/9/2022 11:29:52 AM,-2.46
10103,4/9/2022 11:29:56 AM,-1.55
10103,4/9/2022 11:30:00 AM,-1.31
10103,4/9/2022 11:30:04 AM,-2.46
10103,4/9/2022 11:30:08 AM,-2.44
10103,4/9/2022 11:30:12 AM,-2.68
10103,4/9/2022 11:30:16 AM,-2.68
10103,4/9/2022 11:30:20 AM,-2.23
10103,4/9/2022 11:30:24 AM,-1.99
10103,4/9/2022 11:30:28 AM,-1.99
10103,4/9/2022 11:30:32 AM,-2.89
10103,4/9/2022 11:30:36 AM,-2.76
10103,4/9/2022 11:30:40 AM,-2.46
10103,4/9/2022 11:30:44 AM,-1.99
10103,4/9/2022 11:30:48 AM,-1.32
10103,4/9/2022 11:30:52 AM,-2.21
10103,4/9/2022 11:30:56 AM,-2.23
10103,4/9/2022 11:31:00 AM,-1.99
10103,4/9/2022 11:31:04 AM,-2.24
10103,4/9/2022 11:31:08 AM,-1.76
10103,4/9/2022 11:31:12 AM,-2.67
10103,4/9/2022 11:31:16 AM,-1.99
10103,4/9/2022 11:31:20 AM,-1.55
10103,4/9/2022 11:31:24 AM,-1.99
10103,4/9/2022 11:31:28 AM,-1.99
10103,4/9/2022 11:31:32 AM,-2.44
10103,4/9/2022 11:31:36 AM,-2.00
10103,4/9/2022 11:31:40 AM,-2.21
10103,4/9/2022 11:31:44 AM,-2.23
10103,4/9/2022 11:31:48 AM,-1.99
10103,4/9/2022 11:31:52 AM,-3.14
10103,4/9/2022 11:31:56 AM,-2.68
10103,4/9/2022 11:32:00 AM,-1.32
10103,4/9/2022 11:32:04 AM,-1.99
10103,4/9/2022 11:32:08 AM,-2.45
10103,4/9/2022 11:32:12 AM,-1.32
10103,4/9/2022 11:32:16 AM,-1.53
10103,4/9/2022 11:32:20 AM,-1.99
10103,4/9/2022 11:32:24 AM,-1.99
10103,4/9/2022 11:32:28 AM,-1.99
10103,4/9/2022 11:32:32 AM,-1.60
10103,4/9/2022 11:32:36 AM,-1.99
10103,4/9/2022 11:32:40 AM,-1.99
10103,4/9/2022 11:32:44 AM,-1.99
10103,4/9/2022 11:32:48 AM,-1.31
10103,4/9/2022 11:32:52 AM,-2.92
10103,4/9/2022 11:32:56 AM,-1.99
10103,4/9/2022 11:33:00 AM,-1.99
10103,4/9/2022 11:33:04 AM,-1.99
10103,4/9/2022 11:33:08 AM,-1.99
10103,4/9/2022 11:33:12 AM,-2.67
10103,4/9/2022 11:33:16 AM,-2.22
10103,4/9/2022 11:33:20 AM,-2.68
10103,4/9/2022 11:33:24 AM,-1.32
10103,4/9/2022 11:33:28 AM,-2.46
10103,4/9/2022 11:33:32 AM,-2.89
10103,4/9/2022 11:33:36 AM,-2.00
10103,4/9/2022 11:33:40 AM,-1.75
10103,4/9/2022 11:33:44 AM,-3.13
10103,4/9/2022 11:33:48 AM,-2.00
10103,4/9/2022 11:33:52 AM,-2.22
10103,4/9/2022 11:33:56 AM,-2.68
10103,4/9/2022 11:34:00 AM,-2.00
10103,4/9/2022 11:34:04 AM,-2.22
10103,4/9/2022 11:34:08 AM,-1.78
10103,4/9/2022 11:34:12 AM,-2.66
10103,4/9/2022 11:34:16 AM,-2.22
10103,4/9/2022 11:34:20 AM,-2.23
10103,4/9/2022 11:34:24 AM,-2.67
10103,4/9/2022 11:34:28 AM,-1.99
10103,4/9/2022 11:34:32 AM,-1.99
10103,4/9/2022 11:34:36 AM,-1.99
10103,4/9/2022 11:34:40 AM,-1.99
10103,4/9/2022 11:34:44 AM,-1.99
10103,4/9/2022 11:34:48 AM,-1.99
10103,4/9/2022 11:34:52 AM,-1.99
10103,4/9/2022 11:34:56 AM,-1.99
10103,4/9/2022 11:35:00 AM,-1.99
10103,4/9/2022 11:35:04 AM,-1.99
10103,4/9/2022 11:35:08 AM,-1.55
10103,4/9/2022 11:35:12 AM,-2.66
10103,4/9/2022 11:35:16 AM,-1.99
10103,4/9/2022 11:35:20 AM,-1.99
10103,4/9/2022 11:35:24 AM,-1.99
10103,4/9/2022 11:35:28 AM,-1.78
10103,4/9/2022 11:35:32 AM,-1.76
10103,4/9/2022 11:35:36 AM,-2.67
10103,4/9/2022 11:35:40 AM,-1.75
10103,4/9/2022 11:35:44 AM,-2.23
10103,4/9/2022 11:35:48 AM,-1.99
10103,4/9/2022 11:35:52 AM,-1.99
10103,4/9/2022 11:35:56 AM,-1.55
10103,4/9/2022 11:36:00 AM,-1.99
10103,4/9/2022 11:36:04 AM,-1.53
10103,4/9/2022 11:36:08 AM,-1.99
10103,4/9/2022 11:36:12 AM,-1.99
10103,4/9/2022 11:36:16 AM,-2.68
10103,4/9/2022 11:36:20 AM,-3.13
10103,4/9/2022 11:36:24 AM,-2.68
10103,4/9/2022 11:36:28 AM,-2.21
10103,4/9/2022 11:36:32 AM,-2.23
10103,4/9/2022 11:36:36 AM,-2.67
10103,4/9/2022 11:36:40 AM,-2.20
10103,4/9/2022 11:36:44 AM,-2.68
10103,4/9/2022 11:36:48 AM,-2.00
10103,4/9/2022 11:36:52 AM,-1.53
10103,4/9/2022 11:36:56 AM,-1.99
10103,4/9/2022 11:37:00 AM,-2.67
10103,4/9/2022 11:37:04 AM,-1.99
10103,4/9/2022 11:37:08 AM,-1.99
10103,4/9/2022 11:37:12 AM,-1.99
10103,4/9/2022 11:37:16 AM,-1.53
10103,4/9/2022 11:37:20 AM,-2.44
10103,4/9/2022 11:37:24 AM,-2.00
10103,4/9/2022 11:37:28 AM,-1.99
10103,4/9/2022 11:37:32 AM,-1.99
10103,4/9/2022 11:37:36 AM,-1.99
10103,4/9/2022 11:37:40 AM,-2.46
10103,4/9/2022 11:37:44 AM,-2.44
10103,4/9/2022 11:37:48 AM,-2.00
10103,4/9/2022 11:37:52 AM,-2.68
10103,4/9/2022 11:37:56 AM,-2.23
10103,4/9/2022 11:38:00 AM,-3.35
10103,4/9/2022 11:38:04 AM,-1.97
10103,4/9/2022 11:38:08 AM,-2.91
10103,4/9/2022 11:38:12 AM,-2.68
10103,4/9/2022 11:38:16 AM,-2.68
10103,4/9/2022 11:38:20 AM,-2.23
10103,4/9/2022 11:38:24 AM,-2.67
10103,4/9/2022 11:38:28 AM,-1.99
10103,4/9/2022 11:38:32 AM,-1.99
10103,4/9/2022 11:38:36 AM,-2.68
10103,4/9/2022 11:38:40 AM,-2.46
10103,4/9/2022 11:38:44 AM,-1.99
10103,4/9/2022 11:38:48 AM,-1.99
10103,4/9/2022 11:38:52 AM,-1.99
10103,4/9/2022 11:38:56 AM,-2.44
10103,4/9/2022 11:39:00 AM,-2.07
10103,4/9/2022 11:39:04 AM,-2.46
10103,4/9/2022 11:39:08 AM,-1.99
10103,4/9/2022 11:39:12 AM,-1.99
10103,4/9/2022 11:39:16 AM,-2.44
10103,4/9/2022 11:39:20 AM,-2.46
10103,4/9/2022 11:39:24 AM,-1.99
10103,4/9/2022 11:39:28 AM,-1.99
10103,4/9/2022 11:39:32 AM,-1.99
10103,4/9/2022 11:39:36 AM,-1.99
10103,4/9/2022 11:39:40 AM,-2.92
10103,4/9/2022 11:39:44 AM,-1.99
10103,4/9/2022 11:39:48 AM,-2.67
10103,4/9/2022 11:39:52 AM,-1.53
10103,4/9/2022 11:39:56 AM,-1.99
10103,4/9/2022 11:40:00 AM,-1.32
10103,4/9/2022 11:40:04 AM,-1.99
10103,4/9/2022 11:40:08 AM,-2.89
10103,4/9/2022 11:40:12 AM,-2.69
10103,4/9/2022 11:40:16 AM,-1.74
10103,4/9/2022 11:40:20 AM,-2.23
10103,4/9/2022 11:40:24 AM,-1.99
10103,4/9/2022 11:40:28 AM,-2.46
10103,4/9/2022 11:40:32 AM,-1.54
10103,4/9/2022 11:40:36 AM,-1.31
10103,4/9/2022 11:40:40 AM,-2.46
10103,4/9/2022 11:40:44 AM,-1.99
10103,4/9/2022 11:40:48 AM,-2.67
10103,4/9/2022 11:40:52 AM,-1.99
10103,4/9/2022 11:40:56 AM,-1.99
10103,4/9/2022 11:41:00 AM,-1.99
10103,4/9/2022 11:41:04 AM,-1.53
10103,4/9/2022 11:41:08 AM,-1.99
10103,4/9/2022 11:41:12 AM,-1.99
10103,4/9/2022 11:41:16 AM,-1.99
10103,4/9/2022 11:41:20 AM,-1.99
10103,4/9/2022 11:41:24 AM,-1.99
10103,4/9/2022 11:41:28 AM,-2.21
10103,4/9/2022 11:41:32 AM,-3.13
10103,4/9/2022 11:41:36 AM,-2.01
10103,4/9/2022 11:41:40 AM,-1.99
10103,4/9/2022 11:41:44 AM,-2.44
10103,4/9/2022 11:41:48 AM,-2.00
10103,4/9/2022 11:41:52 AM,-1.99
10103,4/9/2022 11:41:56 AM,-1.55
10103,4/9/2022 11:42:00 AM,-1.31
10103,4/9/2022 11:42:04 AM,-2.44
10103,4/9/2022 11:42:08 AM,-2.47
10103,4/9/2022 11:42:12 AM,-1.99
10103,4/9/2022 11:42:16 AM,-1.99
10103,4/9/2022 11:42:20 AM,-2.89
10103,4/9/2022 11:42:24 AM,-2.01
10103,4/9/2022 11:42:28 AM,-2.21
10103,4/9/2022 11:42:32 AM,-1.78
10103,4/9/2022 11:42:36 AM,-1.98
10103,4/9/2022 11:42:40 AM,-2.46
10103,4/9/2022 11:42:44 AM,-1.99
10103,4/9/2022 11:42:48 AM,-1.99
10103,4/9/2022 11:42:52 AM,-2.46
10103,4/9/2022 11:42:56 AM,-2.44
10103,4/9/2022 11:43:00 AM,-1.32
10103,4/9/2022 11:43:04 AM,-2.22
10103,4/9/2022 11:43:08 AM,-2.23
10103,4/9/2022 11:43:12 AM,-1.99
10103,4/9/2022 11:43:16 AM,-2.92
10103,4/9/2022 11:43:20 AM,-2.44
10103,4/9/2022 11:43:24 AM,-2.00
10103,4/9/2022 11:43:28 AM,-2.43
10103,4/9/2022 11:43:32 AM,-2.47
10103,4/9/2022 11:43:36 AM,-1.99
10103,4/9/2022 11:43:40 AM,-2.21
10103,4/9/2022 11:43:44 AM,-2.68
10103,4/9/2022 11:43:48 AM,-2.68
10103,4/9/2022 11:43:52 AM,-2.21
10103,4/9/2022 11:43:56 AM,-2.68
10103,4/9/2022 11:44:00 AM,-3.36
10103,4/9/2022 11:44:04 AM,-1.99
10103,4/9/2022 11:44:08 AM,-2.45
10103,4/9/2022 11:44:12 AM,-2.00
10103,4/9/2022 11:44:16 AM,-1.99
10103,4/9/2022 11:44:20 AM,-1.99
10103,4/9/2022 11:44:24 AM,-2.68
10103,4/9/2022 11:44:28 AM,-2.44
10103,4/9/2022 11:44:32 AM,-2.46
10103,4/9/2022 11:44:36 AM,-1.99
10103,4/9/2022 11:44:40 AM,-1.99
10103,4/9/2022 11:44:44 AM,-1.99
10103,4/9/2022 11:44:48 AM,-2.67
10103,4/9/2022 11:44:52 AM,-1.53
10103,4/9/2022 11:44:56 AM,-2.44
10103,4/9/2022 11:45:00 AM,-1.32
10103,4/9/2022 11:45:04 AM,-2.46
10103,4/9/2022 11:45:08 AM,-2.89
10103,4/9/2022 11:45:12 AM,-2.01
10103,4/9/2022 11:45:16 AM,-2.22
10103,4/9/2022 11:45:20 AM,-2.68
10103,4/9/2022 11:45:24 AM,-2.68
10103,4/9/2022 11:45:28 AM,-2.68
10103,4/9/2022 11:45:32 AM,-2.23
10103,4/9/2022 11:45:36 AM,-1.99
10103,4/9/2022 11:45:40 AM,-1.99
10103,4/9/2022 11:45:44 AM,-1.99
10103,4/9/2022 11:45:48 AM,-1.99
10103,4/9/2022 11:45:52 AM,-2.22
10103,4/9/2022 11:45:56 AM,-1.78
10103,4/9/2022 11:46:00 AM,-1.99
10103,4/9/2022 11:46:04 AM,-2.22
10103,4/9/2022 11:46:08 AM,-2.23
10103,4/9/2022 11:46:12 AM,-1.99
10103,4/9/2022 11:46:16 AM,-2.44
10103,4/9/2022 11:46:20 AM,-2.46
10103,4/9/2022 11:46:24 AM,-1.99
10103,4/9/2022 11:46:28 AM,-1.99
10103,4/9/2022 11:46:32 AM,-2.45
10103,4/9/2022 11:46:36 AM,-2.00
10103,4/9/2022 11:46:40 AM,-1.53
10103,4/9/2022 11:46:44 AM,-1.99
10103,4/9/2022 11:46:48 AM,-3.21
10103,4/9/2022 11:46:52 AM,-1.99
10103,4/9/2022 11:46:56 AM,-2.44
10103,4/9/2022 11:47:00 AM,-2.00
10103,4/9/2022 11:47:04 AM,-1.99
10103,4/9/2022 11:47:08 AM,-1.99
10103,4/9/2022 11:47:12 AM,-1.99
10103,4/9/2022 11:47:16 AM,-2.22
10103,4/9/2022 11:47:20 AM,-2.68
10103,4/9/2022 11:47:24 AM,-1.32
10103,4/9/2022 11:47:28 AM,-2.21
10103,4/9/2022 11:47:32 AM,-2.23
10103,4/9/2022 11:47:36 AM,-1.99
10103,4/9/2022 11:47:40 AM,-2.21
10103,4/9/2022 11:47:44 AM,-2.23
10103,4/9/2022 11:47:48 AM,-3.35
10103,4/9/2022 11:47:52 AM,-1.77
10103,4/9/2022 11:47:56 AM,-1.31
10103,4/9/2022 11:48:00 AM,-1.99
10103,4/9/2022 11:48:04 AM,-1.99
10103,4/9/2022 11:48:08 AM,-1.99
10103,4/9/2022 11:48:12 AM,-3.35
10103,4/9/2022 11:48:16 AM,-1.99
10103,4/9/2022 11:48:20 AM,-1.99
10103,4/9/2022 11:48:24 AM,-1.99
10103,4/9/2022 11:48:28 AM,-1.77
10103,4/9/2022 11:48:32 AM,-2.21
10103,4/9/2022 11:48:36 AM,-2.00
10103,4/9/2022 11:48:40 AM,-2.46
10103,4/9/2022 11:48:44 AM,-1.99
10103,4/9/2022 11:48:48 AM,-1.99
10103,4/9/2022 11:48:52 AM,-2.46
10103,4/9/2022 11:48:56 AM,-2.89
10103,4/9/2022 11:49:00 AM,-2.15
10103,4/9/2022 11:49:04 AM,-1.99
10103,4/9/2022 11:49:08 AM,-2.84
10103,4/9/2022 11:49:12 AM,-2.01
10103,4/9/2022 11:49:16 AM,-3.14
10103,4/9/2022 11:49:20 AM,-2.68
10103,4/9/2022 11:49:24 AM,-2.68
10103,4/9/2022 11:49:28 AM,-1.78
10103,4/9/2022 11:49:32 AM,-1.76
10103,4/9/2022 11:49:36 AM,-3.35
10103,4/9/2022 11:49:40 AM,-2.21
10103,4/9/2022 11:49:44 AM,-2.23
10103,4/9/2022 11:49:48 AM,-1.99
10103,4/9/2022 11:49:52 AM,-2.21
10103,4/9/2022 11:49:56 AM,-2.23
10103,4/9/2022 11:50:00 AM,-2.67
10103,4/9/2022 11:50:04 AM,-1.99
10103,4/9/2022 11:50:08 AM,-1.99
10103,4/9/2022 11:50:12 AM,-1.99
10103,4/9/2022 11:50:16 AM,-2.46
10103,4/9/2022 11:50:20 AM,-1.99
10103,4/9/2022 11:50:24 AM,-2.67
10103,4/9/2022 11:50:28 AM,-2.21
10103,4/9/2022 11:50:32 AM,-2.23
10103,4/9/2022 11:50:36 AM,-1.99
10103,4/9/2022 11:50:40 AM,-2.24
10103,4/9/2022 11:50:44 AM,-2.20
10103,4/9/2022 11:50:48 AM,-2.00
10103,4/9/2022 11:50:52 AM,-1.99
10103,4/9/2022 11:50:56 AM,-1.99
10103,4/9/2022 11:51:00 AM,-1.32
10103,4/9/2022 11:51:04 AM,-1.99
10103,4/9/2022 11:51:08 AM,-2.44
10103,4/9/2022 11:51:12 AM,-2.00
10103,4/9/2022 11:51:16 AM,-1.77
10103,4/9/2022 11:51:20 AM,-1.76
10103,4/9/2022 11:51:24 AM,-1.31
10103,4/9/2022 11:51:28 AM,-2.68
10103,4/9/2022 11:51:32 AM,-3.13
10103,4/9/2022 11:51:36 AM,-1.33
10103,4/9/2022 11:51:40 AM,-2.46
10103,4/9/2022 11:51:44 AM,-1.99
10103,4/9/2022 11:51:48 AM,-3.35
10103,4/9/2022 11:51:52 AM,-2.92
10103,4/9/2022 11:51:56 AM,-1.99
10103,4/9/2022 11:52:00 AM,-1.99
10103,4/9/2022 11:52:04 AM,-1.99
10103,4/9/2022 11:52:08 AM,-2.44
10103,4/9/2022 11:52:12 AM,-2.00
10103,4/9/2022 11:52:16 AM,-1.99
10103,4/9/2022 11:52:20 AM,-2.44
10103,4/9/2022 11:52:24 AM,-2.00
10103,4/9/2022 11:52:28 AM,-2.46
10103,4/9/2022 11:52:32 AM,-1.99
10103,4/9/2022 11:52:36 AM,-2.67
10103,4/9/2022 11:52:40 AM,-1.99
10103,4/9/2022 11:52:44 AM,-2.44
10103,4/9/2022 11:52:48 AM,-3.36
10103,4/9/2022 11:52:52 AM,-2.49
10103,4/9/2022 11:52:56 AM,-1.99
10103,4/9/2022 11:53:00 AM,-2.67
10103,4/9/2022 11:53:04 AM,-1.99
10103,4/9/2022 11:53:08 AM,-1.99
10103,4/9/2022 11:53:12 AM,-3.34
10103,4/9/2022 11:53:16 AM,-1.75
10103,4/9/2022 11:53:20 AM,-2.23
10103,4/9/2022 11:53:24 AM,-1.99
10103,4/9/2022 11:53:28 AM,-2.21
10103,4/9/2022 11:53:32 AM,-1.78
10103,4/9/2022 11:53:36 AM,-1.99
10103,4/9/2022 11:53:40 AM,-2.46
10103,4/9/2022 11:53:44 AM,-1.99
10103,4/9/2022 11:53:48 AM,-1.99
10103,4/9/2022 11:53:52 AM,-1.77
10103,4/9/2022 11:53:56 AM,-1.75
10103,4/9/2022 11:54:00 AM,-1.99
10103,4/9/2022 11:54:04 AM,-2.46
10103,4/9/2022 11:54:08 AM,-2.44
10103,4/9/2022 11:54:12 AM,-1.33
10103,4/9/2022 11:54:16 AM,-2.68
10103,4/9/2022 11:54:20 AM,-2.23
10103,4/9/2022 11:54:24 AM,-2.67
10103,4/9/2022 11:54:28 AM,-1.99
10103,4/9/2022 11:54:32 AM,-1.99
10103,4/9/2022 11:54:36 AM,-1.99
10103,4/9/2022 11:54:40 AM,-2.46
10103,4/9/2022 11:54:44 AM,-2.44
10103,4/9/2022 11:54:48 AM,-2.00
10103,4/9/2022 11:54:52 AM,-2.99
10103,4/9/2022 11:54:56 AM,-2.78
10103,4/9/2022 11:55:00 AM,-2.69
10103,4/9/2022 11:55:04 AM,-2.68
10103,4/9/2022 11:55:08 AM,-2.23
10103,4/9/2022 11:55:12 AM,-1.99
10103,4/9/2022 11:55:16 AM,-2.90
10103,4/9/2022 11:55:20 AM,-2.91
10103,4/9/2022 11:55:24 AM,-3.35
10103,4/9/2022 11:55:28 AM,-2.21
10103,4/9/2022 11:55:32 AM,-2.23
10103,4/9/2022 11:55:36 AM,-1.99
10103,4/9/2022 11:55:40 AM,-2.21
10103,4/9/2022 11:55:44 AM,-1.79
10103,4/9/2022 11:55:48 AM,-1.99
10103,4/9/2022 11:55:52 AM,-2.21
10103,4/9/2022 11:55:56 AM,-2.23
10103,4/9/2022 11:56:00 AM,-3.34
10103,4/9/2022 11:56:04 AM,-1.99
10103,4/9/2022 11:56:08 AM,-1.99
10103,4/9/2022 11:56:12 AM,-3.34
10103,4/9/2022 11:56:16 AM,-2.21
10103,4/9/2022 11:56:20 AM,-2.68
10103,4/9/2022 11:56:24 AM,-3.36
10103,4/9/2022 11:56:28 AM,-2.90
10103,4/9/2022 11:56:32 AM,-2.47
10103,4/9/2022 11:56:36 AM,-1.99
10103,4/9/2022 11:56:40 AM,-1.99
10103,4/9/2022 11:56:44 AM,-1.99
10103,4/9/2022 11:56:48 AM,-2.67
10103,4/9/2022 11:56:52 AM,-2.68
10103,4/9/2022 11:56:56 AM,-3.08
10103,4/9/2022 11:57:00 AM,-2.00
10103,4/9/2022 11:57:04 AM,-1.99
10103,4/9/2022 11:57:08 AM,-1.99
10103,4/9/2022 11:57:12 AM,-1.99
10103,4/9/2022 11:57:16 AM,-2.46
10103,4/9/2022 11:57:20 AM,-1.99
10103,4/9/2022 11:57:24 AM,-1.99
10103,4/9/2022 11:57:28 AM,-1.99
10103,4/9/2022 11:57:32 AM,-1.99
10103,4/9/2022 11:57:36 AM,-1.99
10103,4/9/2022 11:57:40 AM,-1.99
10103,4/9/2022 11:57:44 AM,-2.38
10103,4/9/2022 11:57:48 AM,-2.00
10103,4/9/2022 11:57:52 AM,-2.22
10103,4/9/2022 11:57:56 AM,-2.23
10103,4/9/2022 11:58:00 AM,-2.68
10103,4/9/2022 11:58:04 AM,-1.99
10103,4/9/2022 11:58:08 AM,-1.99
10103,4/9/2022 11:58:12 AM,-1.99
10103,4/9/2022 11:58:16 AM,-3.14
10103,4/9/2022 11:58:20 AM,-2.23
10103,4/9/2022 11:58:24 AM,-3.36
10103,4/9/2022 11:58:28 AM,-2.21
10103,4/9/2022 11:58:32 AM,-2.68
10103,4/9/2022 11:58:36 AM,-3.36
10103,4/9/2022 11:58:40 AM,-1.99
10103,4/9/2022 11:58:44 AM,-2.44
10103,4/9/2022 11:58:48 AM,-2.68
10103,4/9/2022 11:58:52 AM,-3.14
10103,4/9/2022 11:58:56 AM,-2.68
10103,4/9/2022 11:59:00 AM,-2.04
10103,4/9/2022 11:59:04 AM,-2.68
10103,4/9/2022 11:59:08 AM,-2.23
10103,4/9/2022 11:59:12 AM,-3.35
10103,4/9/2022 11:59:16 AM,-1.99
10103,4/9/2022 11:59:20 AM,-1.99
10103,4/9/2022 11:59:24 AM,-1.99
10103,4/9/2022 11:59:28 AM,-2.90
10103,4/9/2022 11:59:32 AM,-2.46
10103,4/9/2022 11:59:36 AM,-1.31
10103,4/9/2022 11:59:40 AM,-2.90
10103,4/9/2022 11:59:44 AM,-2.46
10103,4/9/2022 11:59:48 AM,-3.36
10103,4/9/2022 11:59:52 AM,-1.77
10103,4/9/2022 11:59:56 AM,-1.76
10103,4/9/2022 12:00:00 PM,-1.99
10103,4/9/2022 12:00:04 PM,-2.22
10103,4/9/2022 12:00:08 PM,-2.68
10103,4/9/2022 12:00:12 PM,-2.68
10103,4/9/2022 12:00:16 PM,-2.46
10103,4/9/2022 12:00:20 PM,-2.44
10103,4/9/2022 12:00:24 PM,-3.36
10103,4/9/2022 12:00:28 PM,-2.46
10103,4/9/2022 12:00:32 PM,-1.99
10103,4/9/2022 12:00:36 PM,-3.35
10103,4/9/2022 12:00:40 PM,-2.71
10103,4/9/2022 12:00:44 PM,-1.76
10103,4/9/2022 12:00:48 PM,-1.31
10103,4/9/2022 12:00:52 PM,-1.99
10103,4/9/2022 12:00:56 PM,-2.38
10103,4/9/2022 12:01:00 PM,-3.36
10103,4/9/2022 12:01:04 PM,-2.46
10103,4/9/2022 12:01:08 PM,-2.44
10103,4/9/2022 12:01:12 PM,-2.00
10103,4/9/2022 12:01:16 PM,-1.98
10103,4/9/2022 12:01:20 PM,-2.91
10103,4/9/2022 12:01:24 PM,-2.68
10103,4/9/2022 12:01:28 PM,-2.68
10103,4/9/2022 12:01:32 PM,-2.23
10103,4/9/2022 12:01:36 PM,-1.99
10103,4/9/2022 12:01:40 PM,-3.14
10103,4/9/2022 12:01:44 PM,-2.68
10103,4/9/2022 12:01:48 PM,-2.00
10103,4/9/2022 12:01:52 PM,-2.44
10103,4/9/2022 12:01:56 PM,-2.92
10103,4/9/2022 12:02:00 PM,-2.00
10103,4/9/2022 12:02:04 PM,-2.46
10103,4/9/2022 12:02:08 PM,-2.44
10103,4/9/2022 12:02:12 PM,-2.68
10103,4/9/2022 12:02:16 PM,-1.99
10103,4/9/2022 12:02:20 PM,-2.44
10103,4/9/2022 12:02:24 PM,-2.00
10103,4/9/2022 12:02:28 PM,-2.46
10103,4/9/2022 12:02:32 PM,-2.44
10103,4/9/2022 12:02:36 PM,-2.00
10103,4/9/2022 12:02:40 PM,-2.21
10103,4/9/2022 12:02:44 PM,-2.23
10103,4/9/2022 12:02:48 PM,-2.67
10103,4/9/2022 12:02:52 PM,-2.22
10103,4/9/2022 12:02:56 PM,-2.68
10103,4/9/2022 12:03:00 PM,-2.68
10103,4/9/2022 12:03:04 PM,-1.99
10103,4/9/2022 12:03:08 PM,-2.44
10103,4/9/2022 12:03:12 PM,-2.00
10103,4/9/2022 12:03:16 PM,-2.92
10103,4/9/2022 12:03:20 PM,-2.44
10103,4/9/2022 12:03:24 PM,-2.00
10103,4/9/2022 12:03:28 PM,-1.99
10103,4/9/2022 12:03:32 PM,-1.99
10103,4/9/2022 12:03:36 PM,-1.99
10103,4/9/2022 12:03:40 PM,-2.68
10103,4/9/2022 12:03:44 PM,-2.68
10103,4/9/2022 12:03:48 PM,-3.36
10103,4/9/2022 12:03:52 PM,-1.53
10103,4/9/2022 12:03:56 PM,-2.89
10103,4/9/2022 12:04:00 PM,-2.69
10103,4/9/2022 12:04:04 PM,-2.22
10103,4/9/2022 12:04:08 PM,-2.68
10103,4/9/2022 12:04:12 PM,-2.68
10103,4/9/2022 12:04:16 PM,-1.31
10103,4/9/2022 12:04:20 PM,-1.76
10103,4/9/2022 12:04:24 PM,-1.99
10103,4/9/2022 12:04:28 PM,-2.68
10103,4/9/2022 12:04:32 PM,-1.78
10103,4/9/2022 12:04:36 PM,-2.67
10103,4/9/2022 12:04:40 PM,-2.68
10103,4/9/2022 12:04:44 PM,-3.13
10103,4/9/2022 12:04:48 PM,-2.01
10103,4/9/2022 12:04:52 PM,-1.99
10103,4/9/2022 12:04:56 PM,-1.99
10103,4/9/2022 12:05:00 PM,-1.99
10103,4/9/2022 12:05:04 PM,-2.21
10103,4/9/2022 12:05:08 PM,-1.78
10103,4/9/2022 12:05:12 PM,-1.98
10103,4/9/2022 12:05:16 PM,-2.70
10103,4/9/2022 12:05:20 PM,-1.76
10103,4/9/2022 12:05:24 PM,-2.67
10103,4/9/2022 12:05:28 PM,-2.46
10103,4/9/2022 12:05:32 PM,-1.99
10103,4/9/2022 12:05:36 PM,-1.99
10103,4/9/2022 12:05:40 PM,-1.99
10103,4/9/2022 12:05:44 PM,-2.44
10103,4/9/2022 12:05:48 PM,-2.00
10103,4/9/2022 12:05:52 PM,-1.99
10103,4/9/2022 12:05:56 PM,-1.99
10103,4/9/2022 12:06:00 PM,-2.67
10103,4/9/2022 12:06:04 PM,-2.68
10103,4/9/2022 12:06:08 PM,-2.23
10103,4/9/2022 12:06:12 PM,-1.99
10103,4/9/2022 12:06:16 PM,-2.21
10103,4/9/2022 12:06:20 PM,-2.68
10103,4/9/2022 12:06:24 PM,-2.00
10103,4/9/2022 12:06:28 PM,-2.24
10103,4/9/2022 12:06:32 PM,-1.76
10103,4/9/2022 12:06:36 PM,-1.99
10103,4/9/2022 12:06:40 PM,-2.46
10103,4/9/2022 12:06:44 PM,-1.99
10103,4/9/2022 12:06:48 PM,-2.67
10103,4/9/2022 12:06:52 PM,-1.99
10103,4/9/2022 12:06:56 PM,-2.44
10103,4/9/2022 12:07:00 PM,-2.68
10103,4/9/2022 12:07:04 PM,-2.21
10103,4/9/2022 12:07:08 PM,-2.23
10103,4/9/2022 12:07:12 PM,-1.99
10103,4/9/2022 12:07:16 PM,-1.99
10103,4/9/2022 12:07:20 PM,-1.99
10103,4/9/2022 12:07:24 PM,-2.67
10103,4/9/2022 12:07:28 PM,-2.68
10103,4/9/2022 12:07:32 PM,-2.68
10103,4/9/2022 12:07:36 PM,-1.32
10103,4/9/2022 12:07:40 PM,-1.99
10103,4/9/2022 12:07:44 PM,-2.44
10103,4/9/2022 12:07:48 PM,-3.36
10103,4/9/2022 12:07:52 PM,-2.68
10103,4/9/2022 12:07:56 PM,-2.68
10103,4/9/2022 12:08:00 PM,-2.00
10103,4/9/2022 12:08:04 PM,-3.14
10103,4/9/2022 12:08:08 PM,-2.23
10103,4/9/2022 12:08:12 PM,-2.67
10103,4/9/2022 12:08:16 PM,-1.99
10103,4/9/2022 12:08:20 PM,-2.44
10103,4/9/2022 12:08:24 PM,-2.68
10103,4/9/2022 12:08:28 PM,-2.21
10103,4/9/2022 12:08:32 PM,-2.23
10103,4/9/2022 12:08:36 PM,-2.67
10103,4/9/2022 12:08:40 PM,-2.21
10103,4/9/2022 12:08:44 PM,-2.68
10103,4/9/2022 12:08:48 PM,-2.00
10103,4/9/2022 12:08:52 PM,-1.77
10103,4/9/2022 12:08:56 PM,-1.76
10103,4/9/2022 12:09:00 PM,-1.99
10103,4/9/2022 12:09:04 PM,-3.14
10103,4/9/2022 12:09:08 PM,-2.23
10103,4/9/2022 12:09:12 PM,-1.99
10103,4/9/2022 12:09:16 PM,-2.22
10103,4/9/2022 12:09:20 PM,-2.68
10103,4/9/2022 12:09:24 PM,-2.00
10103,4/9/2022 12:09:28 PM,-2.21
10103,4/9/2022 12:09:32 PM,-2.23
10103,4/9/2022 12:09:36 PM,-2.68
10103,4/9/2022 12:09:40 PM,-2.93
10103,4/9/2022 12:09:44 PM,-1.99
10103,4/9/2022 12:09:48 PM,-1.99
10103,4/9/2022 12:09:52 PM,-2.46
10103,4/9/2022 12:09:56 PM,-1.99
10103,4/9/2022 12:10:00 PM,-2.67
10103,4/9/2022 12:10:04 PM,-3.14
10103,4/9/2022 12:10:08 PM,-2.23
10103,4/9/2022 12:10:12 PM,-2.67
10103,4/9/2022 12:10:16 PM,-2.22
10103,4/9/2022 12:10:20 PM,-2.68
10103,4/9/2022 12:10:24 PM,-2.68
10103,4/9/2022 12:10:28 PM,-2.22
10103,4/9/2022 12:10:32 PM,-2.68
10103,4/9/2022 12:10:36 PM,-2.68
10103,4/9/2022 12:10:40 PM,-1.99
10103,4/9/2022 12:10:44 PM,-1.99
10103,4/9/2022 12:10:48 PM,-3.36
10103,4/9/2022 12:10:52 PM,-2.23
10103,4/9/2022 12:10:56 PM,-1.75
10103,4/9/2022 12:11:00 PM,-1.99
10103,4/9/2022 12:11:04 PM,-2.16
10103,4/9/2022 12:11:08 PM,-2.23
10103,4/9/2022 12:11:12 PM,-2.67
10103,4/9/2022 12:11:16 PM,-2.46
10103,4/9/2022 12:11:20 PM,-2.90
10103,4/9/2022 12:11:24 PM,-2.68
10103,4/9/2022 12:11:28 PM,-1.99
10103,4/9/2022 12:11:32 PM,-1.99
10103,4/9/2022 12:11:36 PM,-2.67
10103,4/9/2022 12:11:40 PM,-2.44
10103,4/9/2022 12:11:44 PM,-2.46
10103,4/9/2022 12:11:48 PM,-1.99
10103,4/9/2022 12:11:52 PM,-1.53
10103,4/9/2022 12:11:56 PM,-1.99
10103,4/9/2022 12:12:00 PM,-1.99
10103,4/9/2022 12:12:04 PM,-1.99
10103,4/9/2022 12:12:08 PM,-1.99
10103,4/9/2022 12:12:12 PM,-1.99
10103,4/9/2022 12:12:16 PM,-3.14
10103,4/9/2022 12:12:20 PM,-1.78
10103,4/9/2022 12:12:24 PM,-3.35
10103,4/9/2022 12:12:28 PM,-1.75
10103,4/9/2022 12:12:32 PM,-2.23
10103,4/9/2022 12:12:36 PM,-2.67
10103,4/9/2022 12:12:40 PM,-2.21
10103,4/9/2022 12:12:44 PM,-2.23
10103,4/9/2022 12:12:48 PM,-2.67
10103,4/9/2022 12:12:52 PM,-2.46
10103,4/9/2022 12:12:56 PM,-1.99
10103,4/9/2022 12:13:00 PM,-2.67
10103,4/9/2022 12:13:04 PM,-2.15
10103,4/9/2022 12:13:08 PM,-2.68
10103,4/9/2022 12:13:12 PM,-2.00
10103,4/9/2022 12:13:16 PM,-2.68
10103,4/9/2022 12:13:20 PM,-2.23
10103,4/9/2022 12:13:24 PM,-1.99
10103,4/9/2022 12:13:28 PM,-2.46
10103,4/9/2022 12:13:32 PM,-2.44
10103,4/9/2022 12:13:36 PM,-2.00
10103,4/9/2022 12:13:40 PM,-2.68
10103,4/9/2022 12:13:44 PM,-1.78
10103,4/9/2022 12:13:48 PM,-1.99
10103,4/9/2022 12:13:52 PM,-2.22
10103,4/9/2022 12:13:56 PM,-1.78
10103,4/9/2022 12:14:00 PM,-1.99
10103,4/9/2022 12:14:04 PM,-2.68
10103,4/9/2022 12:14:08 PM,-2.68
10103,4/9/2022 12:14:12 PM,-2.68
10103,4/9/2022 12:14:16 PM,-2.68
10103,4/9/2022 12:14:20 PM,-2.68
10103,4/9/2022 12:14:24 PM,-2.68
10103,4/9/2022 12:14:28 PM,-2.24
10103,4/9/2022 12:14:32 PM,-1.76
10103,4/9/2022 12:14:36 PM,-2.67
10103,4/9/2022 12:14:40 PM,-3.14
10103,4/9/2022 12:14:44 PM,-2.68
10103,4/9/2022 12:14:48 PM,-2.68
10103,4/9/2022 12:14:52 PM,-1.99
10103,4/9/2022 12:14:56 PM,-2.44
10103,4/9/2022 12:15:00 PM,-1.32
10103,4/9/2022 12:15:04 PM,-1.99
10103,4/9/2022 12:15:08 PM,-2.89
10103,4/9/2022 12:15:12 PM,-2.01
10103,4/9/2022 12:15:16 PM,-2.22
10103,4/9/2022 12:15:20 PM,-2.68
10103,4/9/2022 12:15:24 PM,-2.68
10103,4/9/2022 12:15:28 PM,-1.97
10103,4/9/2022 12:15:32 PM,-2.91
10103,4/9/2022 12:15:36 PM,-2.00
10103,4/9/2022 12:15:40 PM,-1.75
10103,4/9/2022 12:15:44 PM,-2.23
10103,4/9/2022 12:15:48 PM,-1.99
10103,4/9/2022 12:15:52 PM,-2.44
10103,4/9/2022 12:15:56 PM,-2.47
10103,4/9/2022 12:16:00 PM,-1.99
10103,4/9/2022 12:16:04 PM,-2.22
10103,4/9/2022 12:16:08 PM,-2.68
10103,4/9/2022 12:16:12 PM,-2.68
10103,4/9/2022 12:16:16 PM,-2.44
10103,4/9/2022 12:16:20 PM,-2.91
10103,4/9/2022 12:16:24 PM,-2.68
10103,4/9/2022 12:16:28 PM,-3.14
10103,4/9/2022 12:16:32 PM,-2.23
10103,4/9/2022 12:16:36 PM,-2.67
10103,4/9/2022 12:16:40 PM,-3.14
10103,4/9/2022 12:16:44 PM,-2.68
10103,4/9/2022 12:16:48 PM,-2.00
10103,4/9/2022 12:16:52 PM,-1.99
10103,4/9/2022 12:16:56 PM,-1.99
10103,4/9/2022 12:17:00 PM,-2.67
10103,4/9/2022 12:17:04 PM,-3.21
10103,4/9/2022 12:17:08 PM,-2.23
10103,4/9/2022 12:17:12 PM,-1.99
10103,4/9/2022 12:17:16 PM,-1.53
10103,4/9/2022 12:17:20 PM,-1.99
10103,4/9/2022 12:17:24 PM,-2.67
10103,4/9/2022 12:17:28 PM,-2.21
10103,4/9/2022 12:17:32 PM,-2.68
10103,4/9/2022 12:17:36 PM,-2.68
10103,4/9/2022 12:17:40 PM,-3.36
10103,4/9/2022 12:17:44 PM,-2.92
10103,4/9/2022 12:17:48 PM,-2.00
10103,4/9/2022 12:17:52 PM,-2.21
10103,4/9/2022 12:17:56 PM,-2.23
10103,4/9/2022 12:18:00 PM,-1.32
10103,4/9/2022 12:18:04 PM,-2.22
10103,4/9/2022 12:18:08 PM,-2.68
10103,4/9/2022 12:18:12 PM,-2.68
10103,4/9/2022 12:18:16 PM,-2.21
10103,4/9/2022 12:18:20 PM,-2.23
10103,4/9/2022 12:18:24 PM,-2.67
10103,4/9/2022 12:18:28 PM,-1.99
10103,4/9/2022 12:18:32 PM,-1.99
10103,4/9/2022 12:18:36 PM,-1.99
10103,4/9/2022 12:18:40 PM,-1.99
10103,4/9/2022 12:18:44 PM,-1.99
10103,4/9/2022 12:18:48 PM,-1.99
10103,4/9/2022 12:18:52 PM,-2.68
10103,4/9/2022 12:18:56 PM,-3.13
10103,4/9/2022 12:19:00 PM,-3.36
10103,4/9/2022 12:19:04 PM,-2.21
10103,4/9/2022 12:19:08 PM,-2.68
10103,4/9/2022 12:19:12 PM,-2.00
10103,4/9/2022 12:19:16 PM,-2.44
10103,4/9/2022 12:19:20 PM,-2.47
10103,4/9/2022 12:19:24 PM,-2.67
10103,4/9/2022 12:19:28 PM,-2.21
10103,4/9/2022 12:19:32 PM,-3.13
10103,4/9/2022 12:19:36 PM,-2.01
10103,4/9/2022 12:19:40 PM,-2.24
10103,4/9/2022 12:19:44 PM,-2.65
10103,4/9/2022 12:19:48 PM,-2.69
10103,4/9/2022 12:19:52 PM,-2.21
10103,4/9/2022 12:19:56 PM,-2.23
10103,4/9/2022 12:20:00 PM,-3.35
10103,4/9/2022 12:20:04 PM,-2.46
10103,4/9/2022 12:20:08 PM,-2.44
10103,4/9/2022 12:20:12 PM,-2.00
10103,4/9/2022 12:20:16 PM,-2.46
10103,4/9/2022 12:20:20 PM,-2.89
10103,4/9/2022 12:20:24 PM,-3.36
10103,4/9/2022 12:20:28 PM,-2.68
10103,4/9/2022 12:20:32 PM,-2.68
10103,4/9/2022 12:20:36 PM,-2.68
10103,4/9/2022 12:20:40 PM,-2.90
10103,4/9/2022 12:20:44 PM,-2.92
10103,4/9/2022 12:20:48 PM,-2.68
10103,4/9/2022 12:20:52 PM,-2.44
10103,4/9/2022 12:20:56 PM,-3.36
10103,4/9/2022 12:21:00 PM,-2.01
10103,4/9/2022 12:21:04 PM,-2.18
10103,4/9/2022 12:21:08 PM,-2.29
10103,4/9/2022 12:21:12 PM,-2.67
10103,4/9/2022 12:21:16 PM,-2.21
10103,4/9/2022 12:21:20 PM,-2.23
10103,4/9/2022 12:21:24 PM,-2.67
10103,4/9/2022 12:21:28 PM,-3.36
10103,4/9/2022 12:21:32 PM,-2.47
10103,4/9/2022 12:21:36 PM,-2.67
10103,4/9/2022 12:21:40 PM,-1.99
10103,4/9/2022 12:21:44 PM,-1.99
10103,4/9/2022 12:21:48 PM,-2.67
10103,4/9/2022 12:21:52 PM,-2.93
10103,4/9/2022 12:21:56 PM,-1.99
10103,4/9/2022 12:22:00 PM,-1.99
10103,4/9/2022 12:22:04 PM,-2.21
10103,4/9/2022 12:22:08 PM,-3.13
10103,4/9/2022 12:22:12 PM,-2.69
10103,4/9/2022 12:22:16 PM,-2.43
10103,4/9/2022 12:22:20 PM,-2.02
10103,4/9/2022 12:22:24 PM,-3.34
10103,4/9/2022 12:22:28 PM,-2.68
10103,4/9/2022 12:22:32 PM,-1.78
10103,4/9/2022 12:22:36 PM,-2.67
10103,4/9/2022 12:22:40 PM,-2.93
10103,4/9/2022 12:22:44 PM,-2.89
10103,4/9/2022 12:22:48 PM,-2.68
10103,4/9/2022 12:22:52 PM,-2.90
10103,4/9/2022 12:22:56 PM,-2.47
10103,4/9/2022 12:23:00 PM,-2.68
10103,4/9/2022 12:23:04 PM,-2.68
10103,4/9/2022 12:23:08 PM,-2.68
10103,4/9/2022 12:23:12 PM,-2.00
10103,4/9/2022 12:23:16 PM,-2.68
10103,4/9/2022 12:23:20 PM,-2.68
10103,4/9/2022 12:23:24 PM,-2.00
10103,4/9/2022 12:23:28 PM,-2.46
10103,4/9/2022 12:23:32 PM,-2.44
10103,4/9/2022 12:23:36 PM,-2.00
10103,4/9/2022 12:23:40 PM,-2.46
10103,4/9/2022 12:23:44 PM,-2.44
10103,4/9/2022 12:23:48 PM,-2.00
10103,4/9/2022 12:23:52 PM,-2.46
10103,4/9/2022 12:23:56 PM,-1.99
10103,4/9/2022 12:24:00 PM,-2.67
10103,4/9/2022 12:24:04 PM,-2.22
10103,4/9/2022 12:24:08 PM,-3.13
10103,4/9/2022 12:24:12 PM,-2.69
10103,4/9/2022 12:24:16 PM,-2.68
10103,4/9/2022 12:24:20 PM,-2.68
10103,4/9/2022 12:24:24 PM,-2.68
10103,4/9/2022 12:24:28 PM,-1.99
10103,4/9/2022 12:24:32 PM,-2.45
10103,4/9/2022 12:24:36 PM,-2.00
10103,4/9/2022 12:24:40 PM,-2.46
10103,4/9/2022 12:24:44 PM,-1.99
10103,4/9/2022 12:24:48 PM,-3.36
10103,4/9/2022 12:24:52 PM,-2.22
10103,4/9/2022 12:24:56 PM,-2.68
10103,4/9/2022 12:25:00 PM,-2.68
10103,4/9/2022 12:25:04 PM,-1.53
10103,4/9/2022 12:25:08 PM,-2.78
10103,4/9/2022 12:25:12 PM,-2.01
10103,4/9/2022 12:25:16 PM,-2.90
10103,4/9/2022 12:25:20 PM,-2.46
10103,4/9/2022 12:25:24 PM,-2.67
10103,4/9/2022 12:25:28 PM,-2.43
10103,4/9/2022 12:25:32 PM,-2.91
10103,4/9/2022 12:25:36 PM,-2.00
10103,4/9/2022 12:25:40 PM,-3.36
10103,4/9/2022 12:25:44 PM,-3.36
10103,4/9/2022 12:25:48 PM,-2.00
10103,4/9/2022 12:25:52 PM,-2.46
10103,4/9/2022 12:25:56 PM,-2.89
10103,4/9/2022 12:26:00 PM,-2.00
10103,4/9/2022 12:26:04 PM,-1.99
10103,4/9/2022 12:26:08 PM,-2.44
10103,4/9/2022 12:26:12 PM,-2.68
10103,4/9/2022 12:26:16 PM,-2.70
10103,4/9/2022 12:26:20 PM,-1.76
10103,4/9/2022 12:26:24 PM,-2.67
10103,4/9/2022 12:26:28 PM,-2.68
10103,4/9/2022 12:26:32 PM,-1.78
10103,4/9/2022 12:26:36 PM,-1.31
10103,4/9/2022 12:26:40 PM,-2.68
10103,4/9/2022 12:26:44 PM,-2.23
10103,4/9/2022 12:26:48 PM,-2.67
10103,4/9/2022 12:26:52 PM,-1.75
10103,4/9/2022 12:26:56 PM,-3.13
10103,4/9/2022 12:27:00 PM,-2.68
10103,4/9/2022 12:27:04 PM,-1.99
10103,4/9/2022 12:27:08 PM,-1.99
10103,4/9/2022 12:27:12 PM,-2.67
10103,4/9/2022 12:27:16 PM,-2.23
10103,4/9/2022 12:27:20 PM,-1.76
10103,4/9/2022 12:27:24 PM,-2.67
10103,4/9/2022 12:27:28 PM,-1.99
10103,4/9/2022 12:27:32 PM,-2.89
10103,4/9/2022 12:27:36 PM,-2.68
10103,4/9/2022 12:27:40 PM,-2.68
10103,4/9/2022 12:27:44 PM,-2.23
10103,4/9/2022 12:27:48 PM,-1.99
10103,4/9/2022 12:27:52 PM,-1.99
10103,4/9/2022 12:27:56 PM,-1.55
10103,4/9/2022 12:28:00 PM,-1.99
10103,4/9/2022 12:28:04 PM,-2.68
10103,4/9/2022 12:28:08 PM,-2.68
10103,4/9/2022 12:28:12 PM,-2.00
10103,4/9/2022 12:28:16 PM,-2.22
10103,4/9/2022 12:28:20 PM,-2.23
10103,4/9/2022 12:28:24 PM,-1.99
10103,4/9/2022 12:28:28 PM,-2.21
10103,4/9/2022 12:28:32 PM,-2.68
10103,4/9/2022 12:28:36 PM,-2.68
10103,4/9/2022 12:28:40 PM,-2.68
10103,4/9/2022 12:28:44 PM,-2.23
10103,4/9/2022 12:28:48 PM,-1.99
10103,4/9/2022 12:28:52 PM,-1.77
10103,4/9/2022 12:28:56 PM,-1.31
10103,4/9/2022 12:29:00 PM,-1.99
10103,4/9/2022 12:29:04 PM,-1.99
10103,4/9/2022 12:29:08 PM,-1.99
10103,4/9/2022 12:29:12 PM,-1.99
10103,4/9/2022 12:29:16 PM,-2.46
10103,4/9/2022 12:29:20 PM,-1.99
10103,4/9/2022 12:29:24 PM,-2.67
10103,4/9/2022 12:29:28 PM,-1.99
10103,4/9/2022 12:29:32 PM,-2.89
10103,4/9/2022 12:29:36 PM,-2.68
10103,4/9/2022 12:29:40 PM,-2.68
10103,4/9/2022 12:29:44 PM,-1.78
10103,4/9/2022 12:29:48 PM,-1.31
10103,4/9/2022 12:29:52 PM,-1.75
10103,4/9/2022 12:29:56 PM,-2.23
10103,4/9/2022 12:30:00 PM,-1.99
10103,4/9/2022 12:30:04 PM,-2.90
10103,4/9/2022 12:30:08 PM,-2.47
10103,4/9/2022 12:30:12 PM,-2.67
10103,4/9/2022 12:30:16 PM,-2.43
10103,4/9/2022 12:30:20 PM,-3.36
10103,4/9/2022 12:30:24 PM,-2.01
10103,4/9/2022 12:30:28 PM,-1.77
10103,4/9/2022 12:30:32 PM,-1.76
10103,4/9/2022 12:30:36 PM,-1.99
10103,4/9/2022 12:30:40 PM,-2.46
10103,4/9/2022 12:30:44 PM,-2.44
10103,4/9/2022 12:30:48 PM,-2.68
10103,4/9/2022 12:30:52 PM,-2.24
10103,4/9/2022 12:30:56 PM,-2.20
10103,4/9/2022 12:31:00 PM,-2.00
10103,4/9/2022 12:31:04 PM,-1.99
10103,4/9/2022 12:31:08 PM,-1.99
10103,4/9/2022 12:31:12 PM,-1.99
10103,4/9/2022 12:31:16 PM,-3.14
10103,4/9/2022 12:31:20 PM,-3.13
10103,4/9/2022 12:31:24 PM,-2.01
10103,4/9/2022 12:31:28 PM,-3.15
10103,4/9/2022 12:31:32 PM,-1.78
10103,4/9/2022 12:31:36 PM,-1.99
10103,4/9/2022 12:31:40 PM,-2.46
10103,4/9/2022 12:31:44 PM,-1.99
10103,4/9/2022 12:31:48 PM,-2.67
10103,4/9/2022 12:31:52 PM,-2.46
10103,4/9/2022 12:31:56 PM,-2.44
10103,4/9/2022 12:32:00 PM,-2.00
10103,4/9/2022 12:32:04 PM,-2.46
10103,4/9/2022 12:32:08 PM,-1.99
10103,4/9/2022 12:32:12 PM,-2.67
10103,4/9/2022 12:32:16 PM,-2.21
10103,4/9/2022 12:32:20 PM,-2.23
10103,4/9/2022 12:32:24 PM,-3.35
10103,4/9/2022 12:32:28 PM,-1.99
10103,4/9/2022 12:32:32 PM,-1.99
10103,4/9/2022 12:32:36 PM,-1.99
10103,4/9/2022 12:32:40 PM,-2.68
10103,4/9/2022 12:32:44 PM,-2.23
10103,4/9/2022 12:32:48 PM,-2.67
10103,4/9/2022 12:32:52 PM,-2.46
10103,4/9/2022 12:32:56 PM,-1.55
10103,4/9/2022 12:33:00 PM,-1.99
10103,4/9/2022 12:33:04 PM,-1.99
10103,4/9/2022 12:33:08 PM,-1.99
10103,4/9/2022 12:33:12 PM,-1.99
10103,4/9/2022 12:33:16 PM,-3.36
10103,4/9/2022 12:33:20 PM,-2.47
10103,4/9/2022 12:33:24 PM,-1.99
10103,4/9/2022 12:33:28 PM,-3.15
10103,4/9/2022 12:33:32 PM,-2.23
10103,4/9/2022 12:33:36 PM,-3.35
10103,4/9/2022 12:33:40 PM,-3.15
10103,4/9/2022 12:33:44 PM,-2.23
10103,4/9/2022 12:33:48 PM,-2.67
10103,4/9/2022 12:33:52 PM,-2.92
10103,4/9/2022 12:33:56 PM,-2.44
10103,4/9/2022 12:34:00 PM,-2.00
10103,4/9/2022 12:34:04 PM,-2.21
10103,4/9/2022 12:34:08 PM,-1.79
10103,4/9/2022 12:34:12 PM,-1.98
10103,4/9/2022 12:34:16 PM,-2.46
10103,4/9/2022 12:34:20 PM,-1.99
10103,4/9/2022 12:34:24 PM,-1.99
10103,4/9/2022 12:34:28 PM,-2.90
10103,4/9/2022 12:34:32 PM,-3.36
10103,4/9/2022 12:34:36 PM,-2.69
10103,4/9/2022 12:34:40 PM,-1.99
10103,4/9/2022 12:34:44 PM,-1.99
10103,4/9/2022 12:34:48 PM,-1.99
10103,4/9/2022 12:34:52 PM,-2.21
10103,4/9/2022 12:34:56 PM,-2.23
10103,4/9/2022 12:35:00 PM,-1.99
10103,4/9/2022 12:35:04 PM,-1.99
10103,4/9/2022 12:35:08 PM,-2.44
10103,4/9/2022 12:35:12 PM,-2.10
10103,4/9/2022 12:35:16 PM,-1.99
10103,4/9/2022 12:35:20 PM,-1.99
10103,4/9/2022 12:35:24 PM,-2.67
10103,4/9/2022 12:35:28 PM,-1.99
10103,4/9/2022 12:35:32 PM,-2.44
10103,4/9/2022 12:35:36 PM,-2.68
10103,4/9/2022 12:35:40 PM,-1.99
10103,4/9/2022 12:35:44 PM,-2.89
10103,4/9/2022 12:35:48 PM,-2.69
10103,4/9/2022 12:35:52 PM,-1.99
10103,4/9/2022 12:35:56 PM,-2.44
10103,4/9/2022 12:36:00 PM,-2.68
10103,4/9/2022 12:36:04 PM,-1.99
10103,4/9/2022 12:36:08 PM,-2.90
10103,4/9/2022 12:36:12 PM,-3.36
10103,4/9/2022 12:36:16 PM,-2.22
10103,4/9/2022 12:36:20 PM,-2.68
10103,4/9/2022 12:36:24 PM,-3.36
10103,4/9/2022 12:36:28 PM,-1.75
10103,4/9/2022 12:36:32 PM,-1.78
10103,4/9/2022 12:36:36 PM,-2.67
10103,4/9/2022 12:36:40 PM,-2.92
10103,4/9/2022 12:36:44 PM,-1.99
10103,4/9/2022 12:36:48 PM,-2.59
10103,4/9/2022 12:36:52 PM,-2.46
10103,4/9/2022 12:36:56 PM,-2.44
10103,4/9/2022 12:37:00 PM,-3.36
10103,4/9/2022 12:37:04 PM,-1.99
10103,4/9/2022 12:37:08 PM,-2.44
10103,4/9/2022 12:37:12 PM,-3.35
10103,4/9/2022 12:37:16 PM,-2.92
10103,4/9/2022 12:37:20 PM,-1.99
10103,4/9/2022 12:37:24 PM,-1.99
10103,4/9/2022 12:37:28 PM,-2.56
10103,4/9/2022 12:37:32 PM,-1.99
10103,4/9/2022 12:37:36 PM,-3.36
10103,4/9/2022 12:37:40 PM,-2.46
10103,4/9/2022 12:37:44 PM,-1.99
10103,4/9/2022 12:37:48 PM,-3.36
10103,4/9/2022 12:37:52 PM,-3.14
10103,4/9/2022 12:37:56 PM,-2.23
10103,4/9/2022 12:38:00 PM,-2.67
10103,4/9/2022 12:38:04 PM,-2.46
10103,4/9/2022 12:38:08 PM,-1.99
10103,4/9/2022 12:38:12 PM,-2.67
10103,4/9/2022 12:38:16 PM,-1.78
10103,4/9/2022 12:38:20 PM,-2.66
10103,4/9/2022 12:38:24 PM,-2.00
10103,4/9/2022 12:38:28 PM,-1.99
10103,4/9/2022 12:38:32 PM,-1.99
10103,4/9/2022 12:38:36 PM,-1.99
10103,4/9/2022 12:38:40 PM,-1.77
10103,4/9/2022 12:38:44 PM,-2.21
10103,4/9/2022 12:38:48 PM,-2.68
10103,4/9/2022 12:38:52 PM,-2.68
10103,4/9/2022 12:38:56 PM,-2.68
10103,4/9/2022 12:39:00 PM,-2.68
10103,4/9/2022 12:39:04 PM,-2.90
10103,4/9/2022 12:39:08 PM,-2.46
10103,4/9/2022 12:39:12 PM,-2.67
10103,4/9/2022 12:39:16 PM,-2.68
10103,4/9/2022 12:39:20 PM,-2.23
10103,4/9/2022 12:39:24 PM,-2.67
10103,4/9/2022 12:39:28 PM,-1.99
10103,4/9/2022 12:39:32 PM,-1.99
10103,4/9/2022 12:39:36 PM,-2.67
10103,4/9/2022 12:39:40 PM,-1.77
10103,4/9/2022 12:39:44 PM,-2.21
10103,4/9/2022 12:39:48 PM,-2.68
10103,4/9/2022 12:39:52 PM,-2.46
10103,4/9/2022 12:39:56 PM,-2.44
10103,4/9/2022 12:40:00 PM,-1.32
10103,4/9/2022 12:40:04 PM,-2.68
10103,4/9/2022 12:40:08 PM,-2.68
10103,4/9/2022 12:40:12 PM,-2.00
10103,4/9/2022 12:40:16 PM,-2.68
10103,4/9/2022 12:40:20 PM,-3.13
10103,4/9/2022 12:40:24 PM,-2.68
10103,4/9/2022 12:40:28 PM,-2.68
10103,4/9/2022 12:40:32 PM,-3.13
10103,4/9/2022 12:40:36 PM,-2.68
10103,4/9/2022 12:40:40 PM,-2.46
10103,4/9/2022 12:40:44 PM,-1.99
10103,4/9/2022 12:40:48 PM,-1.99
10103,4/9/2022 12:40:52 PM,-1.53
10103,4/9/2022 12:40:56 PM,-2.89
10103,4/9/2022 12:41:00 PM,-2.68
10103,4/9/2022 12:41:04 PM,-2.21
10103,4/9/2022 12:41:08 PM,-2.68
10103,4/9/2022 12:41:12 PM,-2.00
10103,4/9/2022 12:41:16 PM,-2.22
10103,4/9/2022 12:41:20 PM,-2.23
10103,4/9/2022 12:41:24 PM,-2.67
10103,4/9/2022 12:41:28 PM,-1.88
10103,4/9/2022 12:41:32 PM,-2.65
10103,4/9/2022 12:41:36 PM,-2.69
10103,4/9/2022 12:41:40 PM,-2.46
10103,4/9/2022 12:41:44 PM,-2.44
10103,4/9/2022 12:41:48 PM,-2.68
10103,4/9/2022 12:41:52 PM,-2.68
10103,4/9/2022 12:41:56 PM,-3.13
10103,4/9/2022 12:42:00 PM,-2.01
10103,4/9/2022 12:42:04 PM,-2.44
10103,4/9/2022 12:42:08 PM,-2.91
10103,4/9/2022 12:42:12 PM,-2.00
10103,4/9/2022 12:42:16 PM,-1.53
10103,4/9/2022 12:42:20 PM,-1.99
10103,4/9/2022 12:42:24 PM,-1.99
10103,4/9/2022 12:42:28 PM,-2.46
10103,4/9/2022 12:42:32 PM,-1.99
10103,4/9/2022 12:42:36 PM,-2.67
10103,4/9/2022 12:42:40 PM,-2.70
10103,4/9/2022 12:42:44 PM,-1.76
10103,4/9/2022 12:42:48 PM,-2.67
10103,4/9/2022 12:42:52 PM,-2.68
10103,4/9/2022 12:42:56 PM,-2.23
10103,4/9/2022 12:43:00 PM,-1.31
10103,4/9/2022 12:43:04 PM,-2.21
10103,4/9/2022 12:43:08 PM,-2.68
10103,4/9/2022 12:43:12 PM,-2.68
10103,4/9/2022 12:43:16 PM,-2.46
10103,4/9/2022 12:43:20 PM,-2.44
10103,4/9/2022 12:43:24 PM,-3.36
10103,4/9/2022 12:43:28 PM,-3.15
10103,4/9/2022 12:43:32 PM,-3.13
10103,4/9/2022 12:43:36 PM,-2.01
10103,4/9/2022 12:43:40 PM,-1.99
10103,4/9/2022 12:43:44 PM,-1.99
10103,4/9/2022 12:43:48 PM,-1.32
10103,4/9/2022 12:43:52 PM,-1.53
10103,4/9/2022 12:43:56 PM,-2.44
10103,4/9/2022 12:44:00 PM,-2.68
10103,4/9/2022 12:44:04 PM,-1.99
10103,4/9/2022 12:44:08 PM,-1.99
10103,4/9/2022 12:44:12 PM,-1.32
10103,4/9/2022 12:44:16 PM,-2.68
10103,4/9/2022 12:44:20 PM,-2.68
10103,4/9/2022 12:44:24 PM,-2.00
10103,4/9/2022 12:44:28 PM,-2.21
10103,4/9/2022 12:44:32 PM,-2.23
10103,4/9/2022 12:44:36 PM,-1.99
10103,4/9/2022 12:44:40 PM,-2.21
10103,4/9/2022 12:44:44 PM,-2.24
10103,4/9/2022 12:44:48 PM,-1.32
10103,4/9/2022 12:44:52 PM,-2.46
10103,4/9/2022 12:44:56 PM,-2.44
10103,4/9/2022 12:45:00 PM,-3.35
10103,4/9/2022 12:45:04 PM,-2.46
10103,4/9/2022 12:45:08 PM,-1.99
10103,4/9/2022 12:45:12 PM,-1.99
10103,4/9/2022 12:45:16 PM,-2.22
10103,4/9/2022 12:45:20 PM,-2.23
10103,4/9/2022 12:45:24 PM,-1.99
10103,4/9/2022 12:45:28 PM,-1.81
10103,4/9/2022 12:45:32 PM,-1.70
10103,4/9/2022 12:45:36 PM,-3.35
10103,4/9/2022 12:45:40 PM,-2.21
10103,4/9/2022 12:45:44 PM,-2.23
10103,4/9/2022 12:45:48 PM,-1.99
10103,4/9/2022 12:45:52 PM,-1.99
10103,4/9/2022 12:45:56 PM,-1.55
10103,4/9/2022 12:46:00 PM,-3.34
10103,4/9/2022 12:46:04 PM,-2.92
10103,4/9/2022 12:46:08 PM,-2.44
10103,4/9/2022 12:46:12 PM,-2.00
10103,4/9/2022 12:46:16 PM,-2.92
10103,4/9/2022 12:46:20 PM,-2.44
10103,4/9/2022 12:46:24 PM,-2.00
10103,4/9/2022 12:46:28 PM,-2.43
10103,4/9/2022 12:46:32 PM,-2.47
10103,4/9/2022 12:46:36 PM,-1.99
10103,4/9/2022 12:46:40 PM,-2.21
10103,4/9/2022 12:46:44 PM,-2.68
10103,4/9/2022 12:46:48 PM,-1.32
10103,4/9/2022 12:46:52 PM,-2.21
10103,4/9/2022 12:46:56 PM,-2.23
10103,4/9/2022 12:47:00 PM,-2.67
10103,4/9/2022 12:47:04 PM,-3.36
10103,4/9/2022 12:47:08 PM,-2.02
10103,4/9/2022 12:47:12 PM,-1.98
10103,4/9/2022 12:47:16 PM,-2.21
10103,4/9/2022 12:47:20 PM,-3.12
10103,4/9/2022 12:47:24 PM,-2.01
10103,4/9/2022 12:47:28 PM,-2.17
10103,4/9/2022 12:47:32 PM,-2.68
10103,4/9/2022 12:47:36 PM,-2.68
10103,4/9/2022 12:47:40 PM,-2.68
10103,4/9/2022 12:47:44 PM,-2.23
10103,4/9/2022 12:47:48 PM,-1.99
10103,4/9/2022 12:47:52 PM,-2.21
10103,4/9/2022 12:47:56 PM,-2.23
10103,4/9/2022 12:48:00 PM,-2.67
10103,4/9/2022 12:48:04 PM,-1.53
10103,4/9/2022 12:48:08 PM,-2.44
10103,4/9/2022 12:48:12 PM,-2.00
10103,4/9/2022 12:48:16 PM,-1.99
10103,4/9/2022 12:48:20 PM,-2.89
10103,4/9/2022 12:48:24 PM,-1.32
10103,4/9/2022 12:48:28 PM,-2.92
10103,4/9/2022 12:48:32 PM,-1.55
10103,4/9/2022 12:48:36 PM,-2.67
10103,4/9/2022 12:48:40 PM,-2.22
10103,4/9/2022 12:48:44 PM,-2.23
10103,4/9/2022 12:48:48 PM,-2.68
10103,4/9/2022 12:48:52 PM,-2.22
10103,4/9/2022 12:48:56 PM,-2.23
10103,4/9/2022 12:49:00 PM,-2.68
10103,4/9/2022 12:49:04 PM,-2.46
10103,4/9/2022 12:49:08 PM,-1.99
10103,4/9/2022 12:49:12 PM,-2.67
10103,4/9/2022 12:49:16 PM,-2.68
10103,4/9/2022 12:49:20 PM,-2.68
10103,4/9/2022 12:49:24 PM,-2.00
10103,4/9/2022 12:49:28 PM,-2.21
10103,4/9/2022 12:49:32 PM,-1.78
10103,4/9/2022 12:49:36 PM,-1.99
10103,4/9/2022 12:49:40 PM,-2.68
10103,4/9/2022 12:49:44 PM,-3.13
10103,4/9/2022 12:49:48 PM,-2.00
10103,4/9/2022 12:49:52 PM,-2.90
10103,4/9/2022 12:49:56 PM,-2.47
10103,4/9/2022 12:50:00 PM,-1.99
10103,4/9/2022 12:50:04 PM,-2.68
10103,4/9/2022 12:50:08 PM,-2.68
10103,4/9/2022 12:50:12 PM,-2.00
10103,4/9/2022 12:50:16 PM,-2.46
10103,4/9/2022 12:50:20 PM,-1.99
10103,4/9/2022 12:50:24 PM,-2.67
10103,4/9/2022 12:50:28 PM,-2.46
10103,4/9/2022 12:50:32 PM,-1.99
10103,4/9/2022 12:50:36 PM,-2.67
10103,4/9/2022 12:50:40 PM,-2.46
10103,4/9/2022 12:50:44 PM,-2.44
10103,4/9/2022 12:50:48 PM,-1.32
10103,4/9/2022 12:50:52 PM,-2.46
10103,4/9/2022 12:50:56 PM,-2.44
10103,4/9/2022 12:51:00 PM,-2.00
10103,4/9/2022 12:51:04 PM,-2.68
10103,4/9/2022 12:51:08 PM,-2.68
10103,4/9/2022 12:51:12 PM,-2.68
10103,4/9/2022 12:51:16 PM,-2.22
10103,4/9/2022 12:51:20 PM,-1.78
10103,4/9/2022 12:51:24 PM,-1.31
10103,4/9/2022 12:51:28 PM,-3.16
10103,4/9/2022 12:51:32 PM,-2.68
10103,4/9/2022 12:51:36 PM,-2.68
10103,4/9/2022 12:51:40 PM,-2.44
10103,4/9/2022 12:51:44 PM,-2.46
10103,4/9/2022 12:51:48 PM,-1.99
10103,4/9/2022 12:51:52 PM,-2.92
10103,4/9/2022 12:51:56 PM,-2.89
10103,4/9/2022 12:52:00 PM,-2.00
10103,4/9/2022 12:52:04 PM,-2.68
10103,4/9/2022 12:52:08 PM,-2.68
10103,4/9/2022 12:52:12 PM,-2.00
10103,4/9/2022 12:52:16 PM,-2.21
10103,4/9/2022 12:52:20 PM,-2.68
10103,4/9/2022 12:52:24 PM,-1.32
10103,4/9/2022 12:52:28 PM,-2.46
10103,4/9/2022 12:52:32 PM,-1.99
10103,4/9/2022 12:52:36 PM,-1.99
10103,4/9/2022 12:52:40 PM,-2.92
10103,4/9/2022 12:52:44 PM,-1.99
10103,4/9/2022 12:52:48 PM,-1.99
10103,4/9/2022 12:52:52 PM,-2.22
10103,4/9/2022 12:52:56 PM,-3.13
10103,4/9/2022 12:53:00 PM,-2.00
10103,4/9/2022 12:53:04 PM,-2.22
10103,4/9/2022 12:53:08 PM,-3.13
10103,4/9/2022 12:53:12 PM,-2.01
10103,4/9/2022 12:53:16 PM,-1.99
10103,4/9/2022 12:53:20 PM,-2.89
10103,4/9/2022 12:53:24 PM,-2.68
10103,4/9/2022 12:53:28 PM,-2.68
10103,4/9/2022 12:53:32 PM,-3.13
10103,4/9/2022 12:53:36 PM,-2.00
10103,4/9/2022 12:53:40 PM,-3.14
10103,4/9/2022 12:53:44 PM,-2.23
10103,4/9/2022 12:53:48 PM,-2.67
10103,4/9/2022 12:53:52 PM,-2.21
10103,4/9/2022 12:53:56 PM,-2.68
10103,4/9/2022 12:54:00 PM,-2.00
10103,4/9/2022 12:54:04 PM,-1.77
10103,4/9/2022 12:54:08 PM,-2.21
10103,4/9/2022 12:54:12 PM,-2.00
10103,4/9/2022 12:54:16 PM,-2.92
10103,4/9/2022 12:54:20 PM,-2.89
10103,4/9/2022 12:54:24 PM,-2.00
10103,4/9/2022 12:54:28 PM,-2.21
10103,4/9/2022 12:54:32 PM,-2.68
10103,4/9/2022 12:54:36 PM,-2.68
10103,4/9/2022 12:54:40 PM,-2.90
10103,4/9/2022 12:54:44 PM,-2.47
10103,4/9/2022 12:54:48 PM,-2.67
10103,4/9/2022 12:54:52 PM,-1.99
10103,4/9/2022 12:54:56 PM,-1.99
10103,4/9/2022 12:55:00 PM,-1.99
10103,4/9/2022 12:55:04 PM,-1.99
10103,4/9/2022 12:55:08 PM,-2.44
10103,4/9/2022 12:55:12 PM,-2.00
10103,4/9/2022 12:55:16 PM,-2.22
10103,4/9/2022 12:55:20 PM,-2.23
10103,4/9/2022 12:55:24 PM,-2.67
10103,4/9/2022 12:55:28 PM,-2.68
10103,4/9/2022 12:55:32 PM,-2.23
10103,4/9/2022 12:55:36 PM,-3.35
10103,4/9/2022 12:55:40 PM,-3.14
10103,4/9/2022 12:55:44 PM,-2.68
10103,4/9/2022 12:55:48 PM,-2.68
10103,4/9/2022 12:55:52 PM,-2.43
10103,4/9/2022 12:55:56 PM,-2.92
10103,4/9/2022 12:56:00 PM,-2.00
10103,4/9/2022 12:56:04 PM,-2.46
10103,4/9/2022 12:56:08 PM,-2.44
10103,4/9/2022 12:56:12 PM,-2.68
10103,4/9/2022 12:56:16 PM,-1.99
10103,4/9/2022 12:56:20 PM,-1.99
10103,4/9/2022 12:56:24 PM,-1.99
10103,4/9/2022 12:56:28 PM,-2.46
10103,4/9/2022 12:56:32 PM,-2.44
10103,4/9/2022 12:56:36 PM,-3.36
10103,4/9/2022 12:56:40 PM,-2.21
10103,4/9/2022 12:56:44 PM,-2.68
10103,4/9/2022 12:56:48 PM,-2.68
10103,4/9/2022 12:56:52 PM,-3.36
10103,4/9/2022 12:56:56 PM,-2.47
10103,4/9/2022 12:57:00 PM,-1.99
10103,4/9/2022 12:57:04 PM,-2.21
10103,4/9/2022 12:57:08 PM,-2.68
10103,4/9/2022 12:57:12 PM,-2.68
10103,4/9/2022 12:57:16 PM,-2.68
10103,4/9/2022 12:57:20 PM,-3.13
10103,4/9/2022 12:57:24 PM,-2.69
10103,4/9/2022 12:57:28 PM,-2.43
10103,4/9/2022 12:57:32 PM,-2.48
10103,4/9/2022 12:57:36 PM,-2.67
10103,4/9/2022 12:57:40 PM,-1.78
10103,4/9/2022 12:57:44 PM,-2.65
10103,4/9/2022 12:57:48 PM,-2.01
10103,4/9/2022 12:57:52 PM,-2.68
10103,4/9/2022 12:57:56 PM,-2.23
10103,4/9/2022 12:58:00 PM,-1.99
10103,4/9/2022 12:58:04 PM,-2.68
10103,4/9/2022 12:58:08 PM,-2.68
10103,4/9/2022 12:58:12 PM,-2.00
10103,4/9/2022 12:58:16 PM,-3.14
10103,4/9/2022 12:58:20 PM,-2.23
10103,4/9/2022 12:58:24 PM,-1.99
10103,4/9/2022 12:58:28 PM,-2.21
10103,4/9/2022 12:58:32 PM,-2.68
10103,4/9/2022 12:58:36 PM,-2.00
10103,4/9/2022 12:58:40 PM,-2.93
10103,4/9/2022 12:58:44 PM,-1.99
10103,4/9/2022 12:58:48 PM,-1.32
10103,4/9/2022 12:58:52 PM,-2.68
10103,4/9/2022 12:58:56 PM,-3.13
10103,4/9/2022 12:59:00 PM,-2.69
10103,4/9/2022 12:59:04 PM,-3.14
10103,4/9/2022 12:59:08 PM,-2.68
10103,4/9/2022 12:59:12 PM,-2.68
10103,4/9/2022 12:59:16 PM,-2.20
10103,4/9/2022 12:59:20 PM,-2.68
10103,4/9/2022 12:59:24 PM,-2.68
10103,4/9/2022 12:59:28 PM,-2.68
10103,4/9/2022 12:59:32 PM,-2.23
10103,4/9/2022 12:59:36 PM,-1.99
10103,4/9/2022 12:59:40 PM,-1.99
10103,4/9/2022 12:59:44 PM,-1.99
10103,4/9/2022 12:59:48 PM,-2.67
10103,4/9/2022 12:59:52 PM,-3.14
10103,4/9/2022 12:59:56 PM,-2.23
10103,4/9/2022 1:00:00 PM,-1.99
10103,4/9/2022 1:00:04 PM,-1.99
10103,4/9/2022 1:00:08 PM,-2.44
10103,4/9/2022 1:00:12 PM,-2.01
10103,4/9/2022 1:00:16 PM,-3.36
10103,4/9/2022 1:00:20 PM,-3.36
10103,4/9/2022 1:00:24 PM,-2.01
10103,4/9/2022 1:00:28 PM,-2.21
10103,4/9/2022 1:00:32 PM,-3.13
10103,4/9/2022 1:00:36 PM,-2.01
10103,4/9/2022 1:00:40 PM,-2.93
10103,4/9/2022 1:00:44 PM,-2.44
10103,4/9/2022 1:00:48 PM,-3.36
10103,4/9/2022 1:00:52 PM,-2.68
10103,4/9/2022 1:00:56 PM,-2.23
10103,4/9/2022 1:01:00 PM,-2.67
10103,4/9/2022 1:01:04 PM,-2.68
10103,4/9/2022 1:01:08 PM,-2.68
10103,4/9/2022 1:01:12 PM,-3.35
10103,4/9/2022 1:01:16 PM,-3.15
10103,4/9/2022 1:01:20 PM,-2.23
10103,4/9/2022 1:01:24 PM,-1.99
10103,4/9/2022 1:01:28 PM,-2.68
10103,4/9/2022 1:01:32 PM,-2.23
10103,4/9/2022 1:01:36 PM,-1.99
10103,4/9/2022 1:01:40 PM,-2.46
10103,4/9/2022 1:01:44 PM,-2.89
10103,4/9/2022 1:01:48 PM,-2.13
10103,4/9/2022 1:01:52 PM,-2.68
10103,4/9/2022 1:01:56 PM,-2.68
10103,4/9/2022 1:02:00 PM,-2.68
10103,4/9/2022 1:02:04 PM,-2.90
10103,4/9/2022 1:02:08 PM,-2.01
10103,4/9/2022 1:02:12 PM,-1.99
10103,4/9/2022 1:02:16 PM,-2.92
10103,4/9/2022 1:02:20 PM,-2.44
10103,4/9/2022 1:02:24 PM,-2.00
10103,4/9/2022 1:02:28 PM,-2.90
10103,4/9/2022 1:02:32 PM,-2.91
10103,4/9/2022 1:02:36 PM,-3.36
10103,4/9/2022 1:02:40 PM,-2.44
10103,4/9/2022 1:02:44 PM,-2.91
10103,4/9/2022 1:02:48 PM,-1.32
10103,4/9/2022 1:02:52 PM,-2.22
10103,4/9/2022 1:02:56 PM,-2.68
10103,4/9/2022 1:03:00 PM,-1.32
10103,4/9/2022 1:03:04 PM,-2.44
10103,4/9/2022 1:03:08 PM,-2.91
10103,4/9/2022 1:03:12 PM,-3.36
10103,4/9/2022 1:03:16 PM,-2.46
10103,4/9/2022 1:03:20 PM,-2.44
10103,4/9/2022 1:03:24 PM,-2.00
10103,4/9/2022 1:03:28 PM,-1.99
10103,4/9/2022 1:03:32 PM,-1.99
10103,4/9/2022 1:03:36 PM,-1.99
10103,4/9/2022 1:03:40 PM,-2.46
10103,4/9/2022 1:03:44 PM,-2.44
10103,4/9/2022 1:03:48 PM,-2.68
10103,4/9/2022 1:03:52 PM,-1.99
10103,4/9/2022 1:03:56 PM,-1.99
10103,4/9/2022 1:04:00 PM,-1.99
10103,4/9/2022 1:04:04 PM,-2.46
10103,4/9/2022 1:04:08 PM,-1.99
10103,4/9/2022 1:04:12 PM,-2.67
10103,4/9/2022 1:04:16 PM,-2.92
10103,4/9/2022 1:04:20 PM,-2.44
10103,4/9/2022 1:04:24 PM,-2.00
10103,4/9/2022 1:04:28 PM,-2.43
10103,4/9/2022 1:04:32 PM,-2.91
10103,4/9/2022 1:04:36 PM,-2.00
10103,4/9/2022 1:04:40 PM,-1.99
10103,4/9/2022 1:04:44 PM,-1.99
10103,4/9/2022 1:04:48 PM,-2.67
10103,4/9/2022 1:04:52 PM,-2.21
10103,4/9/2022 1:04:56 PM,-2.23
10103,4/9/2022 1:05:00 PM,-1.99
10103,4/9/2022 1:05:04 PM,-1.99
10103,4/9/2022 1:05:08 PM,-2.89
10103,4/9/2022 1:05:12 PM,-2.69
10103,4/9/2022 1:05:16 PM,-2.46
10103,4/9/2022 1:05:20 PM,-2.44
10103,4/9/2022 1:05:24 PM,-2.00
10103,4/9/2022 1:05:28 PM,-1.99
10103,4/9/2022 1:05:32 PM,-1.99
10103,4/9/2022 1:05:36 PM,-1.99
10103,4/9/2022 1:05:40 PM,-1.99
10103,4/9/2022 1:05:44 PM,-1.99
10103,4/9/2022 1:05:48 PM,-1.31
10103,4/9/2022 1:05:52 PM,-2.35
10103,4/9/2022 1:05:56 PM,-2.20
10103,4/9/2022 1:06:00 PM,-2.68
10103,4/9/2022 1:06:04 PM,-2.46
10103,4/9/2022 1:06:08 PM,-1.99
10103,4/9/2022 1:06:12 PM,-1.99
10103,4/9/2022 1:06:16 PM,-2.46
10103,4/9/2022 1:06:20 PM,-2.89
10103,4/9/2022 1:06:24 PM,-2.68
10103,4/9/2022 1:06:28 PM,-1.77
10103,4/9/2022 1:06:32 PM,-1.76
10103,4/9/2022 1:06:36 PM,-1.99
10103,4/9/2022 1:06:40 PM,-3.14
10103,4/9/2022 1:06:44 PM,-2.23
10103,4/9/2022 1:06:48 PM,-3.35
10103,4/9/2022 1:06:52 PM,-2.68
10103,4/9/2022 1:06:56 PM,-1.78
10103,4/9/2022 1:07:00 PM,-2.66
10103,4/9/2022 1:07:04 PM,-1.99
10103,4/9/2022 1:07:08 PM,-1.99
10103,4/9/2022 1:07:12 PM,-1.99
10103,4/9/2022 1:07:16 PM,-2.22
10103,4/9/2022 1:07:20 PM,-2.68
10103,4/9/2022 1:07:24 PM,-2.00
10103,4/9/2022 1:07:28 PM,-2.68
10103,4/9/2022 1:07:32 PM,-2.68
10103,4/9/2022 1:07:36 PM,-2.68
10103,4/9/2022 1:07:40 PM,-2.68
10103,4/9/2022 1:07:44 PM,-2.68
10103,4/9/2022 1:07:48 PM,-3.36
10103,4/9/2022 1:07:52 PM,-2.46
10103,4/9/2022 1:07:56 PM,-2.44
10103,4/9/2022 1:08:00 PM,-3.35
10103,4/9/2022 1:08:04 PM,-1.99
10103,4/9/2022 1:08:08 PM,-2.44
10103,4/9/2022 1:08:12 PM,-2.00
10103,4/9/2022 1:08:16 PM,-1.99
10103,4/9/2022 1:08:20 PM,-1.99
10103,4/9/2022 1:08:24 PM,-1.99
10103,4/9/2022 1:08:28 PM,-1.99
10103,4/9/2022 1:08:32 PM,-2.44
10103,4/9/2022 1:08:36 PM,-3.36
10103,4/9/2022 1:08:40 PM,-2.21
10103,4/9/2022 1:08:44 PM,-2.23
10103,4/9/2022 1:08:48 PM,-1.99
10103,4/9/2022 1:08:52 PM,-2.22
10103,4/9/2022 1:08:56 PM,-3.13
10103,4/9/2022 1:09:00 PM,-2.01
10103,4/9/2022 1:09:04 PM,-1.77
10103,4/9/2022 1:09:08 PM,-2.21
10103,4/9/2022 1:09:12 PM,-2.68
10103,4/9/2022 1:09:16 PM,-2.44
10103,4/9/2022 1:09:20 PM,-2.46
10103,4/9/2022 1:09:24 PM,-1.99
10103,4/9/2022 1:09:28 PM,-1.99
10103,4/9/2022 1:09:32 PM,-2.44
10103,4/9/2022 1:09:36 PM,-2.68
10103,4/9/2022 1:09:40 PM,-2.68
10103,4/9/2022 1:09:44 PM,-2.68
10103,4/9/2022 1:09:48 PM,-2.68
10103,4/9/2022 1:09:52 PM,-1.99
10103,4/9/2022 1:09:56 PM,-2.44
10103,4/9/2022 1:10:00 PM,-2.68
10103,4/9/2022 1:10:04 PM,-2.68
10103,4/9/2022 1:10:08 PM,-1.79
10103,4/9/2022 1:10:12 PM,-1.98
10103,4/9/2022 1:10:16 PM,-2.68
10103,4/9/2022 1:10:20 PM,-2.68
10103,4/9/2022 1:10:24 PM,-2.00
10103,4/9/2022 1:10:28 PM,-2.46
10103,4/9/2022 1:10:32 PM,-1.99
10103,4/9/2022 1:10:36 PM,-2.67
10103,4/9/2022 1:10:40 PM,-2.68
10103,4/9/2022 1:10:44 PM,-2.68
10103,4/9/2022 1:10:48 PM,-2.68
10103,4/9/2022 1:10:52 PM,-2.21
10103,4/9/2022 1:10:56 PM,-2.68
10103,4/9/2022 1:11:00 PM,-3.36
10103,4/9/2022 1:11:04 PM,-2.46
10103,4/9/2022 1:11:08 PM,-1.99
10103,4/9/2022 1:11:12 PM,-1.99
10103,4/9/2022 1:11:16 PM,-2.20
10103,4/9/2022 1:11:20 PM,-3.13
10103,4/9/2022 1:11:24 PM,-2.01
10103,4/9/2022 1:11:28 PM,-2.21
10103,4/9/2022 1:11:32 PM,-2.68
10103,4/9/2022 1:11:36 PM,-2.68
10103,4/9/2022 1:11:40 PM,-2.68
10103,4/9/2022 1:11:44 PM,-2.23
10103,4/9/2022 1:11:48 PM,-3.35
10103,4/9/2022 1:11:52 PM,-2.46
10103,4/9/2022 1:11:56 PM,-1.99
10103,4/9/2022 1:12:00 PM,-2.61
10103,4/9/2022 1:12:04 PM,-2.21
10103,4/9/2022 1:12:08 PM,-3.13
10103,4/9/2022 1:12:12 PM,-2.01
10103,4/9/2022 1:12:16 PM,-2.68
10103,4/9/2022 1:12:20 PM,-2.23
10103,4/9/2022 1:12:24 PM,-1.99
10103,4/9/2022 1:12:28 PM,-2.68
10103,4/9/2022 1:12:32 PM,-2.68
10103,4/9/2022 1:12:36 PM,-2.68
10103,4/9/2022 1:12:40 PM,-2.43
10103,4/9/2022 1:12:44 PM,-3.36
10103,4/9/2022 1:12:48 PM,-3.36
10103,4/9/2022 1:12:52 PM,-2.68
10103,4/9/2022 1:12:56 PM,-2.23
10103,4/9/2022 1:13:00 PM,-3.34
10103,4/9/2022 1:13:04 PM,-2.68
10103,4/9/2022 1:13:08 PM,-3.12
10103,4/9/2022 1:13:12 PM,-3.36
10103,4/9/2022 1:13:16 PM,-2.90
10103,4/9/2022 1:13:20 PM,-2.47
10103,4/9/2022 1:13:24 PM,-2.67
10103,4/9/2022 1:13:28 PM,-2.46
10103,4/9/2022 1:13:32 PM,-1.99
10103,4/9/2022 1:13:36 PM,-1.99
10103,4/9/2022 1:13:40 PM,-1.99
10103,4/9/2022 1:13:44 PM,-2.44
10103,4/9/2022 1:13:48 PM,-2.00
10103,4/9/2022 1:13:52 PM,-1.99
10103,4/9/2022 1:13:56 PM,-1.99
10103,4/9/2022 1:14:00 PM,-1.99
10103,4/9/2022 1:14:04 PM,-2.68
10103,4/9/2022 1:14:08 PM,-2.23
10103,4/9/2022 1:14:12 PM,-1.99
10103,4/9/2022 1:14:16 PM,-2.46
10103,4/9/2022 1:14:20 PM,-2.89
10103,4/9/2022 1:14:24 PM,-2.69
10103,4/9/2022 1:14:28 PM,-2.68
10103,4/9/2022 1:14:32 PM,-2.27
10103,4/9/2022 1:14:36 PM,-3.35
10103,4/9/2022 1:14:40 PM,-2.46
10103,4/9/2022 1:14:44 PM,-1.99
10103,4/9/2022 1:14:48 PM,-1.99
10103,4/9/2022 1:14:52 PM,-2.68
10103,4/9/2022 1:14:56 PM,-1.79
10103,4/9/2022 1:15:00 PM,-2.67
10103,4/9/2022 1:15:04 PM,-2.22
10103,4/9/2022 1:15:08 PM,-2.23
10103,4/9/2022 1:15:12 PM,-3.35
10103,4/9/2022 1:15:16 PM,-2.92
10103,4/9/2022 1:15:20 PM,-2.90
10103,4/9/2022 1:15:24 PM,-2.68
10103,4/9/2022 1:15:28 PM,-2.21
10103,4/9/2022 1:15:32 PM,-2.68
10103,4/9/2022 1:15:36 PM,-2.00
10103,4/9/2022 1:15:40 PM,-2.46
10103,4/9/2022 1:15:44 PM,-2.44
10103,4/9/2022 1:15:48 PM,-2.68
10103,4/9/2022 1:15:52 PM,-2.68
10103,4/9/2022 1:15:56 PM,-2.23
10103,4/9/2022 1:16:00 PM,-2.63
10103,4/9/2022 1:16:04 PM,-2.46
10103,4/9/2022 1:16:08 PM,-1.99
10103,4/9/2022 1:16:12 PM,-2.67
10103,4/9/2022 1:16:16 PM,-2.42
10103,4/9/2022 1:16:20 PM,-2.91
10103,4/9/2022 1:16:24 PM,-2.68
10103,4/9/2022 1:16:28 PM,-1.99
10103,4/9/2022 1:16:32 PM,-1.99
10103,4/9/2022 1:16:36 PM,-2.67
10103,4/9/2022 1:16:40 PM,-2.21
10103,4/9/2022 1:16:44 PM,-2.68
10103,4/9/2022 1:16:48 PM,-3.36
10103,4/9/2022 1:16:52 PM,-2.46
10103,4/9/2022 1:16:56 PM,-2.44
10103,4/9/2022 1:17:00 PM,-2.00
10103,4/9/2022 1:17:04 PM,-2.92
10103,4/9/2022 1:17:08 PM,-1.99
10103,4/9/2022 1:17:12 PM,-2.67
10103,4/9/2022 1:17:16 PM,-2.22
10103,4/9/2022 1:17:20 PM,-2.68
10103,4/9/2022 1:17:24 PM,-2.00
10103,4/9/2022 1:17:28 PM,-1.99
10103,4/9/2022 1:17:32 PM,-1.99
10103,4/9/2022 1:17:36 PM,-1.99
10103,4/9/2022 1:17:40 PM,-2.68
10103,4/9/2022 1:17:44 PM,-3.13
10103,4/9/2022 1:17:48 PM,-2.00
10103,4/9/2022 1:17:52 PM,-2.22
10103,4/9/2022 1:17:56 PM,-2.68
10103,4/9/2022 1:18:00 PM,-3.36
10103,4/9/2022 1:18:04 PM,-1.99
10103,4/9/2022 1:18:08 PM,-1.99
10103,4/9/2022 1:18:12 PM,-3.35
10103,4/9/2022 1:18:16 PM,-2.44
10103,4/9/2022 1:18:20 PM,-3.36
10103,4/9/2022 1:18:24 PM,-2.00
10103,4/9/2022 1:18:28 PM,-1.77
10103,4/9/2022 1:18:32 PM,-1.76
10103,4/9/2022 1:18:36 PM,-3.35
10103,4/9/2022 1:18:40 PM,-2.92
10103,4/9/2022 1:18:44 PM,-2.44
10103,4/9/2022 1:18:48 PM,-2.00
10103,4/9/2022 1:18:52 PM,-3.14
10103,4/9/2022 1:18:56 PM,-2.68
10103,4/9/2022 1:19:00 PM,-2.68
10103,4/9/2022 1:19:04 PM,-2.22
10103,4/9/2022 1:19:08 PM,-2.68
10103,4/9/2022 1:19:12 PM,-2.68
10103,4/9/2022 1:19:16 PM,-1.99
10103,4/9/2022 1:19:20 PM,-1.56
10103,4/9/2022 1:19:24 PM,-1.99
10103,4/9/2022 1:19:28 PM,-2.21
10103,4/9/2022 1:19:32 PM,-2.68
10103,4/9/2022 1:19:36 PM,-2.68
10103,4/9/2022 1:19:40 PM,-2.21
10103,4/9/2022 1:19:44 PM,-1.79
10103,4/9/2022 1:19:48 PM,-1.99
10103,4/9/2022 1:19:52 PM,-3.14
10103,4/9/2022 1:19:56 PM,-2.23
10103,4/9/2022 1:20:00 PM,-2.67
10103,4/9/2022 1:20:04 PM,-1.99
10103,4/9/2022 1:20:08 PM,-2.44
10103,4/9/2022 1:20:12 PM,-2.00
10103,4/9/2022 1:20:16 PM,-2.21
10103,4/9/2022 1:20:20 PM,-3.13
10103,4/9/2022 1:20:24 PM,-2.00
10103,4/9/2022 1:20:28 PM,-2.21
10103,4/9/2022 1:20:32 PM,-2.23
10103,4/9/2022 1:20:36 PM,-1.99
10103,4/9/2022 1:20:40 PM,-1.99
10103,4/9/2022 1:20:44 PM,-2.44
10103,4/9/2022 1:20:48 PM,-2.68
10103,4/9/2022 1:20:52 PM,-2.68
10103,4/9/2022 1:20:56 PM,-3.13
10103,4/9/2022 1:21:00 PM,-2.00
10103,4/9/2022 1:21:04 PM,-1.99
10103,4/9/2022 1:21:08 PM,-1.99
10103,4/9/2022 1:21:12 PM,-1.99
10103,4/9/2022 1:21:16 PM,-2.20
10103,4/9/2022 1:21:20 PM,-2.23
10103,4/9/2022 1:21:24 PM,-1.99
10103,4/9/2022 1:21:28 PM,-1.99
10103,4/9/2022 1:21:32 PM,-2.44
10103,4/9/2022 1:21:36 PM,-3.36
10103,4/9/2022 1:21:40 PM,-1.77
10103,4/9/2022 1:21:44 PM,-1.31
10103,4/9/2022 1:21:48 PM,-2.67
10103,4/9/2022 1:21:52 PM,-1.99
10103,4/9/2022 1:21:56 PM,-2.44
10103,4/9/2022 1:22:00 PM,-2.68
10103,4/9/2022 1:22:04 PM,-2.16
10103,4/9/2022 1:22:08 PM,-3.13
10103,4/9/2022 1:22:12 PM,-2.69
10103,4/9/2022 1:22:16 PM,-2.46
10103,4/9/2022 1:22:20 PM,-2.44
10103,4/9/2022 1:22:24 PM,-2.00
10103,4/9/2022 1:22:28 PM,-2.21
10103,4/9/2022 1:22:32 PM,-2.23
10103,4/9/2022 1:22:36 PM,-2.67
10103,4/9/2022 1:22:40 PM,-2.46
10103,4/9/2022 1:22:44 PM,-2.44
10103,4/9/2022 1:22:48 PM,-1.32
10103,4/9/2022 1:22:52 PM,-1.53
10103,4/9/2022 1:22:56 PM,-2.44
10103,4/9/2022 1:23:00 PM,-2.00
10103,4/9/2022 1:23:04 PM,-3.14
10103,4/9/2022 1:23:08 PM,-2.23
10103,4/9/2022 1:23:12 PM,-2.67
10103,4/9/2022 1:23:16 PM,-2.46
10103,4/9/2022 1:23:20 PM,-1.55
10103,4/9/2022 1:23:24 PM,-1.98
10103,4/9/2022 1:23:28 PM,-2.21
10103,4/9/2022 1:23:32 PM,-2.68
10103,4/9/2022 1:23:36 PM,-2.00
10103,4/9/2022 1:23:40 PM,-2.21
10103,4/9/2022 1:23:44 PM,-2.23
10103,4/9/2022 1:23:48 PM,-2.67
10103,4/9/2022 1:23:52 PM,-2.21
10103,4/9/2022 1:23:56 PM,-2.68
10103,4/9/2022 1:24:00 PM,-2.00
10103,4/9/2022 1:24:04 PM,-1.99
10103,4/9/2022 1:24:08 PM,-1.99
10103,4/9/2022 1:24:12 PM,-1.99
10103,4/9/2022 1:24:16 PM,-2.46
10103,4/9/2022 1:24:20 PM,-2.89
10103,4/9/2022 1:24:24 PM,-2.01
10103,4/9/2022 1:24:28 PM,-1.99
10103,4/9/2022 1:24:32 PM,-1.99
10103,4/9/2022 1:24:36 PM,-1.99
10103,4/9/2022 1:24:40 PM,-3.14
10103,4/9/2022 1:24:44 PM,-2.23
10103,4/9/2022 1:24:48 PM,-1.99
10103,4/9/2022 1:24:52 PM,-2.21
10103,4/9/2022 1:24:56 PM,-2.68
10103,4/9/2022 1:25:00 PM,-2.00
10103,4/9/2022 1:25:04 PM,-2.21
10103,4/9/2022 1:25:08 PM,-2.68
10103,4/9/2022 1:25:12 PM,-2.68
10103,4/9/2022 1:25:16 PM,-2.44
10103,4/9/2022 1:25:20 PM,-2.47
10103,4/9/2022 1:25:24 PM,-3.35
10103,4/9/2022 1:25:28 PM,-1.78
10103,4/9/2022 1:25:32 PM,-2.20
10103,4/9/2022 1:25:36 PM,-2.68
10103,4/9/2022 1:25:40 PM,-2.46
10103,4/9/2022 1:25:44 PM,-1.99
10103,4/9/2022 1:25:48 PM,-1.99
10103,4/9/2022 1:25:52 PM,-1.96
10103,4/9/2022 1:25:56 PM,-2.48
10103,4/9/2022 1:26:00 PM,-1.99
10103,4/9/2022 1:26:04 PM,-1.99
10103,4/9/2022 1:26:08 PM,-2.39
10103,4/9/2022 1:26:12 PM,-2.00
10103,4/9/2022 1:26:16 PM,-3.14
10103,4/9/2022 1:26:20 PM,-2.23
10103,4/9/2022 1:26:24 PM,-1.32
10103,4/9/2022 1:26:28 PM,-1.96
10103,4/9/2022 1:26:32 PM,-2.47
10103,4/9/2022 1:26:36 PM,-2.67
10103,4/9/2022 1:26:40 PM,-1.75
10103,4/9/2022 1:26:44 PM,-1.79
10103,4/9/2022 1:26:48 PM,-2.67
10103,4/9/2022 1:26:52 PM,-2.46
10103,4/9/2022 1:26:56 PM,-1.99
10103,4/9/2022 1:27:00 PM,-1.99
10103,4/9/2022 1:27:04 PM,-2.22
10103,4/9/2022 1:27:08 PM,-2.23
10103,4/9/2022 1:27:12 PM,-1.99
10103,4/9/2022 1:27:16 PM,-1.99
10103,4/9/2022 1:27:20 PM,-1.99
10103,4/9/2022 1:27:24 PM,-2.68
10103,4/9/2022 1:27:28 PM,-2.46
10103,4/9/2022 1:27:32 PM,-1.99
10103,4/9/2022 1:27:36 PM,-3.36
10103,4/9/2022 1:27:40 PM,-1.99
10103,4/9/2022 1:27:44 PM,-2.44
10103,4/9/2022 1:27:48 PM,-2.68
10103,4/9/2022 1:27:52 PM,-2.86
10103,4/9/2022 1:27:56 PM,-2.97
10103,4/9/2022 1:28:00 PM,-2.00
10103,4/9/2022 1:28:04 PM,-2.90
10103,4/9/2022 1:28:08 PM,-2.91
10103,4/9/2022 1:28:12 PM,-2.00
10103,4/9/2022 1:28:16 PM,-1.99
10103,4/9/2022 1:28:20 PM,-1.99
10103,4/9/2022 1:28:24 PM,-1.99
10103,4/9/2022 1:28:28 PM,-2.22
10103,4/9/2022 1:28:32 PM,-2.23
10103,4/9/2022 1:28:36 PM,-1.99
10103,4/9/2022 1:28:40 PM,-2.22
10103,4/9/2022 1:28:44 PM,-2.68
10103,4/9/2022 1:28:48 PM,-2.68
10103,4/9/2022 1:28:52 PM,-2.68
10103,4/9/2022 1:28:56 PM,-3.13
10103,4/9/2022 1:29:00 PM,-2.00
10103,4/9/2022 1:29:04 PM,-1.99
10103,4/9/2022 1:29:08 PM,-2.44
10103,4/9/2022 1:29:12 PM,-2.00
10103,4/9/2022 1:29:16 PM,-1.76
10103,4/9/2022 1:29:20 PM,-2.23
10103,4/9/2022 1:29:24 PM,-2.67
10103,4/9/2022 1:29:28 PM,-2.21
10103,4/9/2022 1:29:32 PM,-1.78
10103,4/9/2022 1:29:36 PM,-2.67
10103,4/9/2022 1:29:40 PM,-2.46
10103,4/9/2022 1:29:44 PM,-1.99
10103,4/9/2022 1:29:48 PM,-2.67
10103,4/9/2022 1:29:52 PM,-2.23
10103,4/9/2022 1:29:56 PM,-1.31
10103,4/9/2022 1:30:00 PM,-1.99
10103,4/9/2022 1:30:04 PM,-1.99
10103,4/9/2022 1:30:08 PM,-1.99
10103,4/9/2022 1:30:12 PM,-1.32
10103,4/9/2022 1:30:16 PM,-1.99
10103,4/9/2022 1:30:20 PM,-1.99
10103,4/9/2022 1:30:24 PM,-2.67
10103,4/9/2022 1:30:28 PM,-2.21
10103,4/9/2022 1:30:32 PM,-3.13
10103,4/9/2022 1:30:36 PM,-2.00
10103,4/9/2022 1:30:40 PM,-2.46
10103,4/9/2022 1:30:44 PM,-2.44
10103,4/9/2022 1:30:48 PM,-2.00
10103,4/9/2022 1:30:52 PM,-2.46
10103,4/9/2022 1:30:56 PM,-2.44
10103,4/9/2022 1:31:00 PM,-2.00
10103,4/9/2022 1:31:04 PM,-2.46
10103,4/9/2022 1:31:08 PM,-2.44
10103,4/9/2022 1:31:12 PM,-1.33
10103,4/9/2022 1:31:16 PM,-1.99
10103,4/9/2022 1:31:20 PM,-1.99
10103,4/9/2022 1:31:24 PM,-1.99
10103,4/9/2022 1:31:28 PM,-2.21
10103,4/9/2022 1:31:32 PM,-2.23
10103,4/9/2022 1:31:36 PM,-1.99
10103,4/9/2022 1:31:40 PM,-1.99
10103,4/9/2022 1:31:44 PM,-1.99
10103,4/9/2022 1:31:48 PM,-1.99
10103,4/9/2022 1:31:52 PM,-1.99
10103,4/9/2022 1:31:56 PM,-2.44
10103,4/9/2022 1:32:00 PM,-1.32
10103,4/9/2022 1:32:04 PM,-1.99
10103,4/9/2022 1:32:08 PM,-2.40
10103,4/9/2022 1:32:12 PM,-2.00
10103,4/9/2022 1:32:16 PM,-2.92
10103,4/9/2022 1:32:20 PM,-1.99
10103,4/9/2022 1:32:24 PM,-3.35
10103,4/9/2022 1:32:28 PM,-2.68
10103,4/9/2022 1:32:32 PM,-3.13
10103,4/9/2022 1:32:36 PM,-2.00
10103,4/9/2022 1:32:40 PM,-2.21
10103,4/9/2022 1:32:44 PM,-2.23
10103,4/9/2022 1:32:48 PM,-2.67
10103,4/9/2022 1:32:52 PM,-1.53
10103,4/9/2022 1:32:56 PM,-2.44
10103,4/9/2022 1:33:00 PM,-2.00
10103,4/9/2022 1:33:04 PM,-2.22
10103,4/9/2022 1:33:08 PM,-2.23
10103,4/9/2022 1:33:12 PM,-1.32
10103,4/9/2022 1:33:16 PM,-1.99
10103,4/9/2022 1:33:20 PM,-1.99
10103,4/9/2022 1:33:24 PM,-1.99
10103,4/9/2022 1:33:28 PM,-1.96
10103,4/9/2022 1:33:32 PM,-2.47
10103,4/9/2022 1:33:36 PM,-1.99
10103,4/9/2022 1:33:40 PM,-2.68
10103,4/9/2022 1:33:44 PM,-2.23
10103,4/9/2022 1:33:48 PM,-3.35
10103,4/9/2022 1:33:52 PM,-2.92
10103,4/9/2022 1:33:56 PM,-1.99
10103,4/9/2022 1:34:00 PM,-2.67
10103,4/9/2022 1:34:04 PM,-1.99
10103,4/9/2022 1:34:08 PM,-2.44
10103,4/9/2022 1:34:12 PM,-2.68
10103,4/9/2022 1:34:16 PM,-1.53
10103,4/9/2022 1:34:20 PM,-2.44
10103,4/9/2022 1:34:24 PM,-2.68
10103,4/9/2022 1:34:28 PM,-1.99
10103,4/9/2022 1:34:32 PM,-1.54
10103,4/9/2022 1:34:36 PM,-1.92
10103,4/9/2022 1:34:40 PM,-2.21
10103,4/9/2022 1:34:44 PM,-2.23
10103,4/9/2022 1:34:48 PM,-1.99
10103,4/9/2022 1:34:52 PM,-2.68
10103,4/9/2022 1:34:56 PM,-1.78
10103,4/9/2022 1:35:00 PM,-1.99
10103,4/9/2022 1:35:04 PM,-1.99
10103,4/9/2022 1:35:08 PM,-1.99
10103,4/9/2022 1:35:12 PM,-1.32
10103,4/9/2022 1:35:16 PM,-2.22
10103,4/9/2022 1:35:20 PM,-2.23
10103,4/9/2022 1:35:24 PM,-2.67
10103,4/9/2022 1:35:28 PM,-2.46
10103,4/9/2022 1:35:32 PM,-1.99
10103,4/9/2022 1:35:36 PM,-1.99
10103,4/9/2022 1:35:40 PM,-1.99
10103,4/9/2022 1:35:44 PM,-1.99
10103,4/9/2022 1:35:48 PM,-2.67
10103,4/9/2022 1:35:52 PM,-2.24
10103,4/9/2022 1:35:56 PM,-2.20
10103,4/9/2022 1:36:00 PM,-2.68
10103,4/9/2022 1:36:04 PM,-1.99
10103,4/9/2022 1:36:08 PM,-1.99
10103,4/9/2022 1:36:12 PM,-1.99
10103,4/9/2022 1:36:16 PM,-1.31
10103,4/9/2022 1:36:20 PM,-1.76
10103,4/9/2022 1:36:24 PM,-1.99
10103,4/9/2022 1:36:28 PM,-2.21
10103,4/9/2022 1:36:32 PM,-2.68
10103,4/9/2022 1:36:36 PM,-2.68
10103,4/9/2022 1:36:40 PM,-1.99
10103,4/9/2022 1:36:44 PM,-1.99
10103,4/9/2022 1:36:48 PM,-1.99
10103,4/9/2022 1:36:52 PM,-2.22
10103,4/9/2022 1:36:56 PM,-2.23
10103,4/9/2022 1:37:00 PM,-1.99
10103,4/9/2022 1:37:04 PM,-2.21
10103,4/9/2022 1:37:08 PM,-3.13
10103,4/9/2022 1:37:12 PM,-2.01
10103,4/9/2022 1:37:16 PM,-2.24
10103,4/9/2022 1:37:20 PM,-2.66
10103,4/9/2022 1:37:24 PM,-2.01
10103,4/9/2022 1:37:28 PM,-2.93
10103,4/9/2022 1:37:32 PM,-1.55
10103,4/9/2022 1:37:36 PM,-2.67
10103,4/9/2022 1:37:40 PM,-1.77
10103,4/9/2022 1:37:44 PM,-1.76
10103,4/9/2022 1:37:48 PM,-3.35
10103,4/9/2022 1:37:52 PM,-1.99
10103,4/9/2022 1:37:56 PM,-1.99
10103,4/9/2022 1:38:00 PM,-1.99
10103,4/9/2022 1:38:04 PM,-2.21
10103,4/9/2022 1:38:08 PM,-2.23
10103,4/9/2022 1:38:12 PM,-1.99
10103,4/9/2022 1:38:16 PM,-1.77
10103,4/9/2022 1:38:20 PM,-1.76
10103,4/9/2022 1:38:24 PM,-2.67
10103,4/9/2022 1:38:28 PM,-2.46
10103,4/9/2022 1:38:32 PM,-1.99
10103,4/9/2022 1:38:36 PM,-1.99
10103,4/9/2022 1:38:40 PM,-1.74
10103,4/9/2022 1:38:44 PM,-2.23
10103,4/9/2022 1:38:48 PM,-1.99
10103,4/9/2022 1:38:52 PM,-2.68
10103,4/9/2022 1:38:56 PM,-2.23
10103,4/9/2022 1:39:00 PM,-1.32
10103,4/9/2022 1:39:04 PM,-2.68
10103,4/9/2022 1:39:08 PM,-2.68
10103,4/9/2022 1:39:12 PM,-2.00
10103,4/9/2022 1:39:16 PM,-2.68
10103,4/9/2022 1:39:20 PM,-2.23
10103,4/9/2022 1:39:24 PM,-1.99
10103,4/9/2022 1:39:28 PM,-2.46
10103,4/9/2022 1:39:32 PM,-2.89
10103,4/9/2022 1:39:36 PM,-2.01
10103,4/9/2022 1:39:40 PM,-1.99
10103,4/9/2022 1:39:44 PM,-1.99
10103,4/9/2022 1:39:48 PM,-3.35
10103,4/9/2022 1:39:52 PM,-2.46
10103,4/9/2022 1:39:56 PM,-1.99
10103,4/9/2022 1:40:00 PM,-1.99
10103,4/9/2022 1:40:04 PM,-1.75
10103,4/9/2022 1:40:08 PM,-2.68
10103,4/9/2022 1:40:12 PM,-2.01
10103,4/9/2022 1:40:16 PM,-1.78
10103,4/9/2022 1:40:20 PM,-1.31
10103,4/9/2022 1:40:24 PM,-1.99
10103,4/9/2022 1:40:28 PM,-1.77
10103,4/9/2022 1:40:32 PM,-1.31
10103,4/9/2022 1:40:36 PM,-1.99
10103,4/9/2022 1:40:40 PM,-2.24
10103,4/9/2022 1:40:44 PM,-2.66
10103,4/9/2022 1:40:48 PM,-3.36
10103,4/9/2022 1:40:52 PM,-2.46
10103,4/9/2022 1:40:56 PM,-2.44
10103,4/9/2022 1:41:00 PM,-2.68
10103,4/9/2022 1:41:04 PM,-1.53
10103,4/9/2022 1:41:08 PM,-2.44
10103,4/9/2022 1:41:12 PM,-2.68
10103,4/9/2022 1:41:16 PM,-2.46
10103,4/9/2022 1:41:20 PM,-2.45
10103,4/9/2022 1:41:24 PM,-2.00
10103,4/9/2022 1:41:28 PM,-1.99
10103,4/9/2022 1:41:32 PM,-2.44
10103,4/9/2022 1:41:36 PM,-2.00
10103,4/9/2022 1:41:40 PM,-1.99
10103,4/9/2022 1:41:44 PM,-2.44
10103,4/9/2022 1:41:48 PM,-2.00
10103,4/9/2022 1:41:52 PM,-2.22
10103,4/9/2022 1:41:56 PM,-2.23
10103,4/9/2022 1:42:00 PM,-3.36
10103,4/9/2022 1:42:04 PM,-2.44
10103,4/9/2022 1:42:08 PM,-2.91
10103,4/9/2022 1:42:12 PM,-3.36
10103,4/9/2022 1:42:16 PM,-2.51
10103,4/9/2022 1:42:20 PM,-2.44
10103,4/9/2022 1:42:24 PM,-2.00
10103,4/9/2022 1:42:28 PM,-2.92
10103,4/9/2022 1:42:32 PM,-2.45
10103,4/9/2022 1:42:36 PM,-2.68
10103,4/9/2022 1:42:40 PM,-1.99
10103,4/9/2022 1:42:44 PM,-1.99
10103,4/9/2022 1:42:48 PM,-1.99
10103,4/9/2022 1:42:52 PM,-1.76
10103,4/9/2022 1:42:56 PM,-2.23
10103,4/9/2022 1:43:00 PM,-2.67
10103,4/9/2022 1:43:04 PM,-2.46
10103,4/9/2022 1:43:08 PM,-2.44
10103,4/9/2022 1:43:12 PM,-2.68
10103,4/9/2022 1:43:16 PM,-2.46
10103,4/9/2022 1:43:20 PM,-2.90
10103,4/9/2022 1:43:24 PM,-2.69
10103,4/9/2022 1:43:28 PM,-1.99
10103,4/9/2022 1:43:32 PM,-1.99
10103,4/9/2022 1:43:36 PM,-2.67
10103,4/9/2022 1:43:40 PM,-2.24
10103,4/9/2022 1:43:44 PM,-1.76
10103,4/9/2022 1:43:48 PM,-1.31
10103,4/9/2022 1:43:52 PM,-2.22
10103,4/9/2022 1:43:56 PM,-2.23
10103,4/9/2022 1:44:00 PM,-2.67
10103,4/9/2022 1:44:04 PM,-2.90
10103,4/9/2022 1:44:08 PM,-2.46
10103,4/9/2022 1:44:12 PM,-3.35
10103,4/9/2022 1:44:16 PM,-1.75
10103,4/9/2022 1:44:20 PM,-2.23
10103,4/9/2022 1:44:24 PM,-1.99
10103,4/9/2022 1:44:28 PM,-2.90
10103,4/9/2022 1:44:32 PM,-2.46
10103,4/9/2022 1:44:36 PM,-1.99
10103,4/9/2022 1:44:40 PM,-2.21
10103,4/9/2022 1:44:44 PM,-2.23
10103,4/9/2022 1:44:48 PM,-1.99
10103,4/9/2022 1:44:52 PM,-1.99
10103,4/9/2022 1:44:56 PM,-1.99
10103,4/9/2022 1:45:00 PM,-1.99
10103,4/9/2022 1:45:04 PM,-2.24
10103,4/9/2022 1:45:08 PM,-1.76
10103,4/9/2022 1:45:12 PM,-1.99
10103,4/9/2022 1:45:16 PM,-2.90
10103,4/9/2022 1:45:20 PM,-2.91
10103,4/9/2022 1:45:24 PM,-2.68
10103,4/9/2022 1:45:28 PM,-2.21
10103,4/9/2022 1:45:32 PM,-2.23
10103,4/9/2022 1:45:36 PM,-1.99
10103,4/9/2022 1:45:40 PM,-3.14
10103,4/9/2022 1:45:44 PM,-2.23
10103,4/9/2022 1:45:48 PM,-2.67
10103,4/9/2022 1:45:52 PM,-2.90
10103,4/9/2022 1:45:56 PM,-2.47
10103,4/9/2022 1:46:00 PM,-2.67
10103,4/9/2022 1:46:04 PM,-1.99
10103,4/9/2022 1:46:08 PM,-2.44
10103,4/9/2022 1:46:12 PM,-2.00
10103,4/9/2022 1:46:16 PM,-1.99
10103,4/9/2022 1:46:20 PM,-2.38
10103,4/9/2022 1:46:24 PM,-2.68
10103,4/9/2022 1:46:28 PM,-2.68
10103,4/9/2022 1:46:32 PM,-2.68
10103,4/9/2022 1:46:36 PM,-3.36
10103,4/9/2022 1:46:40 PM,-1.99
10103,4/9/2022 1:46:44 PM,-2.89
10103,4/9/2022 1:46:48 PM,-2.68
10103,4/9/2022 1:46:52 PM,-2.68
10103,4/9/2022 1:46:56 PM,-2.68
10103,4/9/2022 1:47:00 PM,-2.00
10103,4/9/2022 1:47:04 PM,-2.46
10103,4/9/2022 1:47:08 PM,-2.44
10103,4/9/2022 1:47:12 PM,-2.68
10103,4/9/2022 1:47:16 PM,-1.99
10103,4/9/2022 1:47:20 PM,-1.99
10103,4/9/2022 1:47:24 PM,-2.67
10103,4/9/2022 1:47:28 PM,-2.21
10103,4/9/2022 1:47:32 PM,-1.78
10103,4/9/2022 1:47:36 PM,-1.99
10103,4/9/2022 1:47:40 PM,-2.21
10103,4/9/2022 1:47:44 PM,-3.13
10103,4/9/2022 1:47:48 PM,-3.36
10103,4/9/2022 1:47:52 PM,-2.68
10103,4/9/2022 1:47:56 PM,-2.23
10103,4/9/2022 1:48:00 PM,-2.67
10103,4/9/2022 1:48:04 PM,-2.68
10103,4/9/2022 1:48:08 PM,-2.23
10103,4/9/2022 1:48:12 PM,-1.99
10103,4/9/2022 1:48:16 PM,-1.53
10103,4/9/2022 1:48:20 PM,-1.99
10103,4/9/2022 1:48:24 PM,-1.99
10103,4/9/2022 1:48:28 PM,-2.21
10103,4/9/2022 1:48:32 PM,-2.23
10103,4/9/2022 1:48:36 PM,-2.67
10103,4/9/2022 1:48:40 PM,-3.14
10103,4/9/2022 1:48:44 PM,-2.23
10103,4/9/2022 1:48:48 PM,-1.99
10103,4/9/2022 1:48:52 PM,-3.14
10103,4/9/2022 1:48:56 PM,-2.23
10103,4/9/2022 1:49:00 PM,-2.67
10103,4/9/2022 1:49:04 PM,-1.99
10103,4/9/2022 1:49:08 PM,-1.55
10103,4/9/2022 1:49:12 PM,-3.32
10103,4/9/2022 1:49:16 PM,-1.99
10103,4/9/2022 1:49:20 PM,-2.44
10103,4/9/2022 1:49:24 PM,-2.00
10103,4/9/2022 1:49:28 PM,-2.90
10103,4/9/2022 1:49:32 PM,-2.92
10103,4/9/2022 1:49:36 PM,-3.36
10103,4/9/2022 1:49:40 PM,-2.43
10103,4/9/2022 1:49:44 PM,-2.92
10103,4/9/2022 1:49:48 PM,-2.00
10103,4/9/2022 1:49:52 PM,-1.75
10103,4/9/2022 1:49:56 PM,-2.23
10103,4/9/2022 1:50:00 PM,-2.67
10103,4/9/2022 1:50:04 PM,-2.92
10103,4/9/2022 1:50:08 PM,-1.99
10103,4/9/2022 1:50:12 PM,-2.67
10103,4/9/2022 1:50:16 PM,-2.46
10103,4/9/2022 1:50:20 PM,-2.89
10103,4/9/2022 1:50:24 PM,-2.01
10103,4/9/2022 1:50:28 PM,-2.90
10103,4/9/2022 1:50:32 PM,-2.47
10103,4/9/2022 1:50:36 PM,-1.99
10103,4/9/2022 1:50:40 PM,-1.99
10103,4/9/2022 1:50:44 PM,-1.99
10103,4/9/2022 1:50:48 PM,-3.35
10103,4/9/2022 1:50:52 PM,-2.21
10103,4/9/2022 1:50:56 PM,-1.79
10103,4/9/2022 1:51:00 PM,-2.67
10103,4/9/2022 1:51:04 PM,-1.99
10103,4/9/2022 1:51:08 PM,-1.99
10103,4/9/2022 1:51:12 PM,-1.99
10103,4/9/2022 1:51:16 PM,-1.97
10103,4/9/2022 1:51:20 PM,-2.47
10103,4/9/2022 1:51:24 PM,-3.35
10103,4/9/2022 1:51:28 PM,-2.21
10103,4/9/2022 1:51:32 PM,-2.68
10103,4/9/2022 1:51:36 PM,-2.00
10103,4/9/2022 1:51:40 PM,-1.99
10103,4/9/2022 1:51:44 PM,-2.44
10103,4/9/2022 1:51:48 PM,-3.36
10103,4/9/2022 1:51:52 PM,-2.46
10103,4/9/2022 1:51:56 PM,-2.88
10103,4/9/2022 1:52:00 PM,-3.36
10103,4/9/2022 1:52:04 PM,-2.68
10103,4/9/2022 1:52:08 PM,-2.68
10103,4/9/2022 1:52:12 PM,-3.35
10103,4/9/2022 1:52:16 PM,-2.46
10103,4/9/2022 1:52:20 PM,-1.99
10103,4/9/2022 1:52:24 PM,-1.99
10103,4/9/2022 1:52:28 PM,-2.21
10103,4/9/2022 1:52:32 PM,-2.23
10103,4/9/2022 1:52:36 PM,-1.32
10103,4/9/2022 1:52:40 PM,-1.31
10103,4/9/2022 1:52:44 PM,-1.76
10103,4/9/2022 1:52:48 PM,-1.99
10103,4/9/2022 1:52:52 PM,-2.46
10103,4/9/2022 1:52:56 PM,-2.89
10103,4/9/2022 1:53:00 PM,-2.01
10103,4/9/2022 1:53:04 PM,-2.46
10103,4/9/2022 1:53:08 PM,-1.99
10103,4/9/2022 1:53:12 PM,-1.99
10103,4/9/2022 1:53:16 PM,-2.46
10103,4/9/2022 1:53:20 PM,-1.54
10103,4/9/2022 1:53:24 PM,-1.99
10103,4/9/2022 1:53:28 PM,-2.68
10103,4/9/2022 1:53:32 PM,-3.13
10103,4/9/2022 1:53:36 PM,-2.68
10103,4/9/2022 1:53:40 PM,-2.68
10103,4/9/2022 1:53:44 PM,-2.68
10103,4/9/2022 1:53:48 PM,-2.00
10103,4/9/2022 1:53:52 PM,-2.68
10103,4/9/2022 1:53:56 PM,-2.68
10103,4/9/2022 1:54:00 PM,-2.00
10103,4/9/2022 1:54:04 PM,-2.22
10103,4/9/2022 1:54:08 PM,-2.68
10103,4/9/2022 1:54:12 PM,-2.68
10103,4/9/2022 1:54:16 PM,-2.22
10103,4/9/2022 1:54:20 PM,-2.68
10103,4/9/2022 1:54:24 PM,-2.68
10103,4/9/2022 1:54:28 PM,-1.99
10103,4/9/2022 1:54:32 PM,-1.99
10103,4/9/2022 1:54:36 PM,-1.99
10103,4/9/2022 1:54:40 PM,-1.99
10103,4/9/2022 1:54:44 PM,-1.99
10103,4/9/2022 1:54:48 PM,-2.67
10103,4/9/2022 1:54:52 PM,-1.99
10103,4/9/2022 1:54:56 PM,-2.44
10103,4/9/2022 1:55:00 PM,-2.00
10103,4/9/2022 1:55:04 PM,-2.22
10103,4/9/2022 1:55:08 PM,-2.23
10103,4/9/2022 1:55:12 PM,-2.67
10103,4/9/2022 1:55:16 PM,-1.99
10103,4/9/2022 1:55:20 PM,-2.90
10103,4/9/2022 1:55:24 PM,-2.00
10103,4/9/2022 1:55:28 PM,-2.21
10103,4/9/2022 1:55:32 PM,-2.68
10103,4/9/2022 1:55:36 PM,-2.68
10103,4/9/2022 1:55:40 PM,-2.68
10103,4/9/2022 1:55:44 PM,-2.68
10103,4/9/2022 1:55:48 PM,-2.00
10103,4/9/2022 1:55:52 PM,-2.68
10103,4/9/2022 1:55:56 PM,-2.23
10103,4/9/2022 1:56:00 PM,-1.99
10103,4/9/2022 1:56:04 PM,-2.68
10103,4/9/2022 1:56:08 PM,-2.23
10103,4/9/2022 1:56:12 PM,-2.67
10103,4/9/2022 1:56:16 PM,-1.99
10103,4/9/2022 1:56:20 PM,-1.99
10103,4/9/2022 1:56:24 PM,-1.99
10103,4/9/2022 1:56:28 PM,-1.75
10103,4/9/2022 1:56:32 PM,-1.78
10103,4/9/2022 1:56:36 PM,-1.99
10103,4/9/2022 1:56:40 PM,-1.53
10103,4/9/2022 1:56:44 PM,-1.99
10103,4/9/2022 1:56:48 PM,-2.67
10103,4/9/2022 1:56:52 PM,-2.46
10103,4/9/2022 1:56:56 PM,-2.89
10103,4/9/2022 1:57:00 PM,-3.36
10103,4/9/2022 1:57:04 PM,-2.46
10103,4/9/2022 1:57:08 PM,-2.44
10103,4/9/2022 1:57:12 PM,-3.36
10103,4/9/2022 1:57:16 PM,-1.99
10103,4/9/2022 1:57:20 PM,-1.99
10103,4/9/2022 1:57:24 PM,-3.35
10103,4/9/2022 1:57:28 PM,-2.68
10103,4/9/2022 1:57:32 PM,-2.23
10103,4/9/2022 1:57:36 PM,-2.67
10103,4/9/2022 1:57:40 PM,-2.46
10103,4/9/2022 1:57:44 PM,-1.99
10103,4/9/2022 1:57:48 PM,-2.67
10103,4/9/2022 1:57:52 PM,-2.90
10103,4/9/2022 1:57:56 PM,-2.47
10103,4/9/2022 1:58:00 PM,-1.31
10103,4/9/2022 1:58:04 PM,-2.68
10103,4/9/2022 1:58:08 PM,-2.68
10103,4/9/2022 1:58:12 PM,-2.68
10103,4/9/2022 1:58:16 PM,-2.21
10103,4/9/2022 1:58:20 PM,-2.68
10103,4/9/2022 1:58:24 PM,-2.68
10103,4/9/2022 1:58:28 PM,-1.75
10103,4/9/2022 1:58:32 PM,-2.68
10103,4/9/2022 1:58:36 PM,-2.68
10103,4/9/2022 1:58:40 PM,-2.68
10103,4/9/2022 1:58:44 PM,-2.23
10103,4/9/2022 1:58:48 PM,-1.31
10103,4/9/2022 1:58:52 PM,-2.68
10103,4/9/2022 1:58:56 PM,-2.68
10103,4/9/2022 1:59:00 PM,-2.00
10103,4/9/2022 1:59:04 PM,-2.21
10103,4/9/2022 1:59:08 PM,-2.23
10103,4/9/2022 1:59:12 PM,-3.35
10103,4/9/2022 1:59:16 PM,-1.31
10103,4/9/2022 1:59:20 PM,-2.66
10103,4/9/2022 1:59:24 PM,-2.68
10103,4/9/2022 1:59:28 PM,-3.15
10103,4/9/2022 1:59:32 PM,-2.68
10103,4/9/2022 1:59:36 PM,-2.68
10103,4/9/2022 1:59:40 PM,-2.21
10103,4/9/2022 1:59:44 PM,-2.23
10103,4/9/2022 1:59:48 PM,-1.99
10103,4/9/2022 1:59:52 PM,-2.21
10103,4/9/2022 1:59:56 PM,-2.23
10103,4/9/2022 2:00:00 PM,-2.67
10103,4/9/2022 2:00:04 PM,-2.68
10103,4/9/2022 2:00:08 PM,-2.23
10103,4/9/2022 2:00:12 PM,-2.67
10103,4/9/2022 2:00:16 PM,-2.24
10103,4/9/2022 2:00:20 PM,-2.21
10103,4/9/2022 2:00:24 PM,-2.68
10103,4/9/2022 2:00:28 PM,-2.68
10103,4/9/2022 2:00:32 PM,-2.23
10103,4/9/2022 2:00:36 PM,-2.67
10103,4/9/2022 2:00:40 PM,-2.68
10103,4/9/2022 2:00:44 PM,-2.68
10103,4/9/2022 2:00:48 PM,-2.68
10103,4/9/2022 2:00:52 PM,-2.46
10103,4/9/2022 2:00:56 PM,-2.37
10103,4/9/2022 2:01:00 PM,-2.00
10103,4/9/2022 2:01:04 PM,-3.14
10103,4/9/2022 2:01:08 PM,-2.23
10103,4/9/2022 2:01:12 PM,-1.99
10103,4/9/2022 2:01:16 PM,-2.92
10103,4/9/2022 2:01:20 PM,-1.99
10103,4/9/2022 2:01:24 PM,-1.99
10103,4/9/2022 2:01:28 PM,-1.52
10103,4/9/2022 2:01:32 PM,-1.55
10103,4/9/2022 2:01:36 PM,-2.66
10103,4/9/2022 2:01:40 PM,-2.21
10103,4/9/2022 2:01:44 PM,-2.68
10103,4/9/2022 2:01:48 PM,-2.00
10103,4/9/2022 2:01:52 PM,-2.46
10103,4/9/2022 2:01:56 PM,-2.44
10103,4/9/2022 2:02:00 PM,-2.68
10103,4/9/2022 2:02:04 PM,-2.68
10103,4/9/2022 2:02:08 PM,-2.68
10103,4/9/2022 2:02:12 PM,-2.00
10103,4/9/2022 2:02:16 PM,-2.46
10103,4/9/2022 2:02:20 PM,-2.44
10103,4/9/2022 2:02:24 PM,-2.07
10103,4/9/2022 2:02:28 PM,-2.21
10103,4/9/2022 2:02:32 PM,-2.23
10103,4/9/2022 2:02:36 PM,-1.99
10103,4/9/2022 2:02:40 PM,-2.21
10103,4/9/2022 2:02:44 PM,-2.23
10103,4/9/2022 2:02:48 PM,-1.99
10103,4/9/2022 2:02:52 PM,-3.14
10103,4/9/2022 2:02:56 PM,-2.68
10103,4/9/2022 2:03:00 PM,-2.00
10103,4/9/2022 2:03:04 PM,-2.68
10103,4/9/2022 2:03:08 PM,-2.23
10103,4/9/2022 2:03:12 PM,-2.67
10103,4/9/2022 2:03:16 PM,-2.44
10103,4/9/2022 2:03:20 PM,-3.81
10103,4/9/2022 2:03:24 PM,-3.37
10103,4/9/2022 2:03:28 PM,-2.90
10103,4/9/2022 2:03:32 PM,-2.47
10103,4/9/2022 2:03:36 PM,-2.67
10103,4/9/2022 2:03:40 PM,-3.14
10103,4/9/2022 2:03:44 PM,-2.23
10103,4/9/2022 2:03:48 PM,-2.67
10103,4/9/2022 2:03:52 PM,-2.46
10103,4/9/2022 2:03:56 PM,-1.55
10103,4/9/2022 2:04:00 PM,-2.66
10103,4/9/2022 2:04:04 PM,-2.21
10103,4/9/2022 2:04:08 PM,-1.78
10103,4/9/2022 2:04:12 PM,-1.98
10103,4/9/2022 2:04:16 PM,-2.46
10103,4/9/2022 2:04:20 PM,-1.99
10103,4/9/2022 2:04:24 PM,-1.99
10103,4/9/2022 2:04:28 PM,-1.78
10103,4/9/2022 2:04:32 PM,-2.20
10103,4/9/2022 2:04:36 PM,-3.35
10103,4/9/2022 2:04:40 PM,-2.19
10103,4/9/2022 2:04:44 PM,-2.23
10103,4/9/2022 2:04:48 PM,-1.99
10103,4/9/2022 2:04:52 PM,-2.21
10103,4/9/2022 2:04:56 PM,-2.23
10103,4/9/2022 2:05:00 PM,-1.99
10103,4/9/2022 2:05:04 PM,-2.43
10103,4/9/2022 2:05:08 PM,-2.47
10103,4/9/2022 2:05:12 PM,-3.34
10103,4/9/2022 2:05:16 PM,-2.68
10103,4/9/2022 2:05:20 PM,-1.78
10103,4/9/2022 2:05:24 PM,-1.99
10103,4/9/2022 2:05:28 PM,-2.68
10103,4/9/2022 2:05:32 PM,-2.23
10103,4/9/2022 2:05:36 PM,-2.67
10103,4/9/2022 2:05:40 PM,-2.21
10103,4/9/2022 2:05:44 PM,-2.23
10103,4/9/2022 2:05:48 PM,-1.99
10103,4/9/2022 2:05:52 PM,-2.68
10103,4/9/2022 2:05:56 PM,-2.68
10103,4/9/2022 2:06:00 PM,-3.36
10103,4/9/2022 2:06:04 PM,-2.46
10103,4/9/2022 2:06:08 PM,-2.45
10103,4/9/2022 2:06:12 PM,-2.01
10103,4/9/2022 2:06:16 PM,-2.46
10103,4/9/2022 2:06:20 PM,-2.89
10103,4/9/2022 2:06:24 PM,-2.68
10103,4/9/2022 2:06:28 PM,-2.68
10103,4/9/2022 2:06:32 PM,-2.23
10103,4/9/2022 2:06:36 PM,-1.99
10103,4/9/2022 2:06:40 PM,-2.90
10103,4/9/2022 2:06:44 PM,-2.02
10103,4/9/2022 2:06:48 PM,-1.91
10103,4/9/2022 2:06:52 PM,-1.99
10103,4/9/2022 2:06:56 PM,-1.99
10103,4/9/2022 2:07:00 PM,-1.99
10103,4/9/2022 2:07:04 PM,-2.68
10103,4/9/2022 2:07:08 PM,-2.23
10103,4/9/2022 2:07:12 PM,-3.35
10103,4/9/2022 2:07:16 PM,-1.99
10103,4/9/2022 2:07:20 PM,-2.45
10103,4/9/2022 2:07:24 PM,-2.68
10103,4/9/2022 2:07:28 PM,-2.46
10103,4/9/2022 2:07:32 PM,-1.99
10103,4/9/2022 2:07:36 PM,-2.67
10103,4/9/2022 2:07:40 PM,-2.68
10103,4/9/2022 2:07:44 PM,-2.68
10103,4/9/2022 2:07:48 PM,-2.00
10103,4/9/2022 2:07:52 PM,-2.22
10103,4/9/2022 2:07:56 PM,-2.68
10103,4/9/2022 2:08:00 PM,-2.68
10103,4/9/2022 2:08:04 PM,-1.99
10103,4/9/2022 2:08:08 PM,-1.99
10103,4/9/2022 2:08:12 PM,-1.99
10103,4/9/2022 2:08:16 PM,-2.24
10103,4/9/2022 2:08:20 PM,-1.76
10103,4/9/2022 2:08:24 PM,-1.99
10103,4/9/2022 2:08:28 PM,-2.46
10103,4/9/2022 2:08:32 PM,-1.54
10103,4/9/2022 2:08:36 PM,-3.35
10103,4/9/2022 2:08:40 PM,-2.24
10103,4/9/2022 2:08:44 PM,-1.76
10103,4/9/2022 2:08:48 PM,-2.67
10103,4/9/2022 2:08:52 PM,-2.46
10103,4/9/2022 2:08:56 PM,-2.44
10103,4/9/2022 2:09:00 PM,-2.00
10103,4/9/2022 2:09:04 PM,-2.46
10103,4/9/2022 2:09:08 PM,-1.99
10103,4/9/2022 2:09:12 PM,-1.42
10103,4/9/2022 2:09:16 PM,-2.46
10103,4/9/2022 2:09:20 PM,-2.44
10103,4/9/2022 2:09:24 PM,-2.00
10103,4/9/2022 2:09:28 PM,-2.21
10103,4/9/2022 2:09:32 PM,-2.23
10103,4/9/2022 2:09:36 PM,-2.67
10103,4/9/2022 2:09:40 PM,-2.44
10103,4/9/2022 2:09:44 PM,-2.91
10103,4/9/2022 2:09:48 PM,-2.68
10103,4/9/2022 2:09:52 PM,-2.90
10103,4/9/2022 2:09:56 PM,-2.47
10103,4/9/2022 2:10:00 PM,-3.35
10103,4/9/2022 2:10:04 PM,-2.46
10103,4/9/2022 2:10:08 PM,-1.99
10103,4/9/2022 2:10:12 PM,-1.99
10103,4/9/2022 2:10:16 PM,-1.99
10103,4/9/2022 2:10:20 PM,-2.43
10103,4/9/2022 2:10:24 PM,-2.68
10103,4/9/2022 2:10:28 PM,-2.21
10103,4/9/2022 2:10:32 PM,-2.23
10103,4/9/2022 2:10:36 PM,-1.99
10103,4/9/2022 2:10:40 PM,-2.43
10103,4/9/2022 2:10:44 PM,-2.92
10103,4/9/2022 2:10:48 PM,-2.00
10103,4/9/2022 2:10:52 PM,-1.99
10103,4/9/2022 2:10:56 PM,-1.99
10103,4/9/2022 2:11:00 PM,-2.67
10103,4/9/2022 2:11:04 PM,-2.21
10103,4/9/2022 2:11:08 PM,-2.68
10103,4/9/2022 2:11:12 PM,-2.68
10103,4/9/2022 2:11:16 PM,-2.46
10103,4/9/2022 2:11:20 PM,-1.99
10103,4/9/2022 2:11:24 PM,-1.99
10103,4/9/2022 2:11:28 PM,-2.90
10103,4/9/2022 2:11:32 PM,-2.57
10103,4/9/2022 2:11:36 PM,-1.99
10103,4/9/2022 2:11:40 PM,-1.99
10103,4/9/2022 2:11:44 PM,-2.89
10103,4/9/2022 2:11:48 PM,-2.00
10103,4/9/2022 2:11:52 PM,-1.75
10103,4/9/2022 2:11:56 PM,-3.13
10103,4/9/2022 2:12:00 PM,-2.69
10103,4/9/2022 2:12:04 PM,-1.99
10103,4/9/2022 2:12:08 PM,-2.44
10103,4/9/2022 2:12:12 PM,-2.68
10103,4/9/2022 2:12:16 PM,-1.99
10103,4/9/2022 2:12:20 PM,-2.44
10103,4/9/2022 2:12:24 PM,-1.32
10103,4/9/2022 2:12:28 PM,-1.53
10103,4/9/2022 2:12:32 PM,-2.89
10103,4/9/2022 2:12:36 PM,-2.68
10103,4/9/2022 2:12:40 PM,-1.99
10103,4/9/2022 2:12:44 PM,-1.99
10103,4/9/2022 2:12:48 PM,-2.67
10103,4/9/2022 2:12:52 PM,-2.68
10103,4/9/2022 2:12:56 PM,-2.23
10103,4/9/2022 2:13:00 PM,-2.67
10103,4/9/2022 2:13:04 PM,-1.99
10103,4/9/2022 2:13:08 PM,-2.44
10103,4/9/2022 2:13:12 PM,-2.00
10103,4/9/2022 2:13:16 PM,-2.92
10103,4/9/2022 2:13:20 PM,-2.44
10103,4/9/2022 2:13:24 PM,-2.00
10103,4/9/2022 2:13:28 PM,-2.90
10103,4/9/2022 2:13:32 PM,-2.47
10103,4/9/2022 2:13:36 PM,-1.99
10103,4/9/2022 2:13:40 PM,-2.21
10103,4/9/2022 2:13:44 PM,-2.68
10103,4/9/2022 2:13:48 PM,-2.68
10103,4/9/2022 2:13:52 PM,-2.46
10103,4/9/2022 2:13:56 PM,-2.44
10103,4/9/2022 2:14:00 PM,-3.36
10103,4/9/2022 2:14:04 PM,-2.47
10103,4/9/2022 2:14:08 PM,-2.43
10103,4/9/2022 2:14:12 PM,-2.00
10103,4/9/2022 2:14:16 PM,-2.68
10103,4/9/2022 2:14:20 PM,-2.23
10103,4/9/2022 2:14:24 PM,-3.35
10103,4/9/2022 2:14:28 PM,-2.68
10103,4/9/2022 2:14:32 PM,-2.68
10103,4/9/2022 2:14:36 PM,-2.68
10103,4/9/2022 2:14:40 PM,-1.78
10103,4/9/2022 2:14:44 PM,-2.65
10103,4/9/2022 2:14:48 PM,-1.33
10103,4/9/2022 2:14:52 PM,-1.97
10103,4/9/2022 2:14:56 PM,-2.47
10103,4/9/2022 2:15:00 PM,-2.67
10103,4/9/2022 2:15:04 PM,-2.46
10103,4/9/2022 2:15:08 PM,-2.44
10103,4/9/2022 2:15:12 PM,-2.00
10103,4/9/2022 2:15:16 PM,-2.22
10103,4/9/2022 2:15:20 PM,-2.23
10103,4/9/2022 2:15:24 PM,-2.67
10103,4/9/2022 2:15:28 PM,-1.99
10103,4/9/2022 2:15:32 PM,-1.99
10103,4/9/2022 2:15:36 PM,-2.67
10103,4/9/2022 2:15:40 PM,-2.21
10103,4/9/2022 2:15:44 PM,-2.68
10103,4/9/2022 2:15:48 PM,-2.00
10103,4/9/2022 2:15:52 PM,-2.21
10103,4/9/2022 2:15:56 PM,-2.23
10103,4/9/2022 2:16:00 PM,-1.99
10103,4/9/2022 2:16:04 PM,-2.90
10103,4/9/2022 2:16:08 PM,-2.91
10103,4/9/2022 2:16:12 PM,-2.00
10103,4/9/2022 2:16:16 PM,-2.68
10103,4/9/2022 2:16:20 PM,-2.68
10103,4/9/2022 2:16:24 PM,-2.68
10103,4/9/2022 2:16:28 PM,-2.46
10103,4/9/2022 2:16:32 PM,-2.44
10103,4/9/2022 2:16:36 PM,-2.68
10103,4/9/2022 2:16:40 PM,-2.21
10103,4/9/2022 2:16:44 PM,-2.23
10103,4/9/2022 2:16:48 PM,-1.99
10103,4/9/2022 2:16:52 PM,-2.68
10103,4/9/2022 2:16:56 PM,-2.23
10103,4/9/2022 2:17:00 PM,-1.99
10103,4/9/2022 2:17:04 PM,-1.53
10103,4/9/2022 2:17:08 PM,-2.44
10103,4/9/2022 2:17:12 PM,-2.68
10103,4/9/2022 2:17:16 PM,-2.92
10103,4/9/2022 2:17:20 PM,-1.99
10103,4/9/2022 2:17:24 PM,-1.99
10103,4/9/2022 2:17:28 PM,-1.99
10103,4/9/2022 2:17:32 PM,-2.44
10103,4/9/2022 2:17:36 PM,-3.36
10103,4/9/2022 2:17:40 PM,-2.92
10103,4/9/2022 2:17:44 PM,-1.99
10103,4/9/2022 2:17:48 PM,-2.67
10103,4/9/2022 2:17:52 PM,-1.99
10103,4/9/2022 2:17:56 PM,-1.99
10103,4/9/2022 2:18:00 PM,-2.67
10103,4/9/2022 2:18:04 PM,-2.46
10103,4/9/2022 2:18:08 PM,-2.44
10103,4/9/2022 2:18:12 PM,-2.68
10103,4/9/2022 2:18:16 PM,-2.93
10103,4/9/2022 2:18:20 PM,-2.89
10103,4/9/2022 2:18:24 PM,-3.36
10103,4/9/2022 2:18:28 PM,-2.90
10103,4/9/2022 2:18:32 PM,-3.81
10103,4/9/2022 2:18:36 PM,-3.37
10103,4/9/2022 2:18:40 PM,-2.21
10103,4/9/2022 2:18:44 PM,-2.68
10103,4/9/2022 2:18:48 PM,-2.00
10103,4/9/2022 2:18:52 PM,-2.90
10103,4/9/2022 2:18:56 PM,-2.91
10103,4/9/2022 2:19:00 PM,-2.68
10103,4/9/2022 2:19:04 PM,-2.36
10103,4/9/2022 2:19:08 PM,-2.58
10103,4/9/2022 2:19:12 PM,-1.99
10103,4/9/2022 2:19:16 PM,-3.36
10103,4/9/2022 2:19:20 PM,-2.46
10103,4/9/2022 2:19:24 PM,-3.36
10103,4/9/2022 2:19:28 PM,-2.92
10103,4/9/2022 2:19:32 PM,-2.44
10103,4/9/2022 2:19:36 PM,-2.68
10103,4/9/2022 2:19:40 PM,-3.14
10103,4/9/2022 2:19:44 PM,-2.23
10103,4/9/2022 2:19:48 PM,-1.99
10103,4/9/2022 2:19:52 PM,-2.92
10103,4/9/2022 2:19:56 PM,-2.44
10103,4/9/2022 2:20:00 PM,-2.00
10103,4/9/2022 2:20:04 PM,-1.99
10103,4/9/2022 2:20:08 PM,-2.45
10103,4/9/2022 2:20:12 PM,-2.00
10103,4/9/2022 2:20:16 PM,-2.22
10103,4/9/2022 2:20:20 PM,-2.23
10103,4/9/2022 2:20:24 PM,-1.99
10103,4/9/2022 2:20:28 PM,-2.46
10103,4/9/2022 2:20:32 PM,-1.99
10103,4/9/2022 2:20:36 PM,-3.36
10103,4/9/2022 2:20:40 PM,-2.92
10103,4/9/2022 2:20:44 PM,-2.44
10103,4/9/2022 2:20:48 PM,-2.00
10103,4/9/2022 2:20:52 PM,-2.92
10103,4/9/2022 2:20:56 PM,-1.99
10103,4/9/2022 2:21:00 PM,-2.63
10103,4/9/2022 2:21:04 PM,-2.92
10103,4/9/2022 2:21:08 PM,-1.99
10103,4/9/2022 2:21:12 PM,-2.67
10103,4/9/2022 2:21:16 PM,-2.68
10103,4/9/2022 2:21:20 PM,-3.13
10103,4/9/2022 2:21:24 PM,-2.00
10103,4/9/2022 2:21:28 PM,-2.43
10103,4/9/2022 2:21:32 PM,-2.91
10103,4/9/2022 2:21:36 PM,-2.00
10103,4/9/2022 2:21:40 PM,-1.99
10103,4/9/2022 2:21:44 PM,-2.44
10103,4/9/2022 2:21:48 PM,-3.36
10103,4/9/2022 2:21:52 PM,-1.99
10103,4/9/2022 2:21:56 PM,-2.44
10103,4/9/2022 2:22:00 PM,-2.00
10103,4/9/2022 2:22:04 PM,-2.90
10103,4/9/2022 2:22:08 PM,-3.36
10103,4/9/2022 2:22:12 PM,-2.69
10103,4/9/2022 2:22:16 PM,-1.99
10103,4/9/2022 2:22:20 PM,-1.99
10103,4/9/2022 2:22:24 PM,-1.99
10103,4/9/2022 2:22:28 PM,-1.99
10103,4/9/2022 2:22:32 PM,-2.44
10103,4/9/2022 2:22:36 PM,-2.00
10103,4/9/2022 2:22:40 PM,-2.92
10103,4/9/2022 2:22:44 PM,-1.99
10103,4/9/2022 2:22:48 PM,-1.99
10103,4/9/2022 2:22:52 PM,-2.22
10103,4/9/2022 2:22:56 PM,-2.23
10103,4/9/2022 2:23:00 PM,-2.67
10103,4/9/2022 2:23:04 PM,-2.44
10103,4/9/2022 2:23:08 PM,-2.46
10103,4/9/2022 2:23:12 PM,-2.67
10103,4/9/2022 2:23:16 PM,-2.44
10103,4/9/2022 2:23:20 PM,-2.46
10103,4/9/2022 2:23:24 PM,-1.99
10103,4/9/2022 2:23:28 PM,-2.68
10103,4/9/2022 2:23:32 PM,-2.68
10103,4/9/2022 2:23:36 PM,-2.68
10103,4/9/2022 2:23:40 PM,-3.14
10103,4/9/2022 2:23:44 PM,-2.23
10103,4/9/2022 2:23:48 PM,-1.31
10103,4/9/2022 2:23:52 PM,-2.44
10103,4/9/2022 2:23:56 PM,-2.92
10103,4/9/2022 2:24:00 PM,-2.68
10103,4/9/2022 2:24:04 PM,-1.99
10103,4/9/2022 2:24:08 PM,-2.44
10103,4/9/2022 2:24:12 PM,-2.00
10103,4/9/2022 2:24:16 PM,-2.92
10103,4/9/2022 2:24:20 PM,-2.44
10103,4/9/2022 2:24:24 PM,-2.00
10103,4/9/2022 2:24:28 PM,-2.68
10103,4/9/2022 2:24:32 PM,-3.13
10103,4/9/2022 2:24:36 PM,-2.00
10103,4/9/2022 2:24:40 PM,-2.21
10103,4/9/2022 2:24:44 PM,-2.23
10103,4/9/2022 2:24:48 PM,-1.99
10103,4/9/2022 2:24:52 PM,-2.46
10103,4/9/2022 2:24:56 PM,-2.44
10103,4/9/2022 2:25:00 PM,-2.68
10103,4/9/2022 2:25:04 PM,-2.92
10103,4/9/2022 2:25:08 PM,-2.44
10103,4/9/2022 2:25:12 PM,-2.68
10103,4/9/2022 2:25:16 PM,-1.99
10103,4/9/2022 2:25:20 PM,-1.99
10103,4/9/2022 2:25:24 PM,-1.99
10103,4/9/2022 2:25:28 PM,-2.68
10103,4/9/2022 2:25:32 PM,-2.68
10103,4/9/2022 2:25:36 PM,-3.36
10103,4/9/2022 2:25:40 PM,-2.46
10103,4/9/2022 2:25:44 PM,-2.40
10103,4/9/2022 2:25:48 PM,-2.00
10103,4/9/2022 2:25:52 PM,-2.70
10103,4/9/2022 2:25:56 PM,-2.20
10103,4/9/2022 2:26:00 PM,-2.68
10103,4/9/2022 2:26:04 PM,-1.77
10103,4/9/2022 2:26:08 PM,-2.21
10103,4/9/2022 2:26:12 PM,-2.00
10103,4/9/2022 2:26:16 PM,-2.21
10103,4/9/2022 2:26:20 PM,-2.23
10103,4/9/2022 2:26:24 PM,-3.35
10103,4/9/2022 2:26:28 PM,-2.90
10103,4/9/2022 2:26:32 PM,-2.01
10103,4/9/2022 2:26:36 PM,-2.67
10103,4/9/2022 2:26:40 PM,-1.99
10103,4/9/2022 2:26:44 PM,-2.44
10103,4/9/2022 2:26:48 PM,-2.00
10103,4/9/2022 2:26:52 PM,-2.92
10103,4/9/2022 2:26:56 PM,-1.55
10103,4/9/2022 2:27:00 PM,-3.35
10103,4/9/2022 2:27:04 PM,-2.46
10103,4/9/2022 2:27:08 PM,-2.44
10103,4/9/2022 2:27:12 PM,-2.00
10103,4/9/2022 2:27:16 PM,-1.99
10103,4/9/2022 2:27:20 PM,-1.99
10103,4/9/2022 2:27:24 PM,-1.99
10103,4/9/2022 2:27:28 PM,-2.68
10103,4/9/2022 2:27:32 PM,-2.68
10103,4/9/2022 2:27:36 PM,-2.00
10103,4/9/2022 2:27:40 PM,-2.68
10103,4/9/2022 2:27:44 PM,-2.68
10103,4/9/2022 2:27:48 PM,-3.35
10103,4/9/2022 2:27:52 PM,-2.70
10103,4/9/2022 2:27:56 PM,-1.76
10103,4/9/2022 2:28:00 PM,-1.99
10103,4/9/2022 2:28:04 PM,-2.46
10103,4/9/2022 2:28:08 PM,-1.99
10103,4/9/2022 2:28:12 PM,-1.99
10103,4/9/2022 2:28:16 PM,-2.46
10103,4/9/2022 2:28:20 PM,-2.44
10103,4/9/2022 2:28:24 PM,-2.00
10103,4/9/2022 2:28:28 PM,-2.24
10103,4/9/2022 2:28:32 PM,-2.21
10103,4/9/2022 2:28:36 PM,-2.00
10103,4/9/2022 2:28:40 PM,-3.14
10103,4/9/2022 2:28:44 PM,-2.23
10103,4/9/2022 2:28:48 PM,-1.99
10103,4/9/2022 2:28:52 PM,-2.44
10103,4/9/2022 2:28:56 PM,-2.92
10103,4/9/2022 2:29:00 PM,-2.00
10103,4/9/2022 2:29:04 PM,-2.68
10103,4/9/2022 2:29:08 PM,-2.23
10103,4/9/2022 2:29:12 PM,-1.99
10103,4/9/2022 2:29:16 PM,-2.46
10103,4/9/2022 2:29:20 PM,-2.44
10103,4/9/2022 2:29:24 PM,-2.68
10103,4/9/2022 2:29:28 PM,-1.99
10103,4/9/2022 2:29:32 PM,-2.44
10103,4/9/2022 2:29:36 PM,-2.00
10103,4/9/2022 2:29:40 PM,-2.68
10103,4/9/2022 2:29:44 PM,-2.23
10103,4/9/2022 2:29:48 PM,-2.67
10103,4/9/2022 2:29:52 PM,-3.58
10103,4/9/2022 2:29:56 PM,-2.71
10103,4/9/2022 2:30:00 PM,-2.68
10103,4/9/2022 2:30:04 PM,-2.21
10103,4/9/2022 2:30:08 PM,-1.79
10103,4/9/2022 2:30:12 PM,-3.32
10103,4/9/2022 2:30:16 PM,-2.21
10103,4/9/2022 2:30:20 PM,-3.13
10103,4/9/2022 2:30:24 PM,-2.01
10103,4/9/2022 2:30:28 PM,-2.21
10103,4/9/2022 2:30:32 PM,-2.23
10103,4/9/2022 2:30:36 PM,-1.99
10103,4/9/2022 2:30:40 PM,-2.93
10103,4/9/2022 2:30:44 PM,-2.89
10103,4/9/2022 2:30:48 PM,-2.01
10103,4/9/2022 2:30:52 PM,-1.99
10103,4/9/2022 2:30:56 PM,-2.44
10103,4/9/2022 2:31:00 PM,-2.00
10103,4/9/2022 2:31:04 PM,-2.68
10103,4/9/2022 2:31:08 PM,-2.68
10103,4/9/2022 2:31:12 PM,-2.01
10103,4/9/2022 2:31:16 PM,-2.68
10103,4/9/2022 2:31:20 PM,-2.23
10103,4/9/2022 2:31:24 PM,-2.67
10103,4/9/2022 2:31:28 PM,-2.68
10103,4/9/2022 2:31:32 PM,-2.23
10103,4/9/2022 2:31:36 PM,-2.67
10103,4/9/2022 2:31:40 PM,-2.90
10103,4/9/2022 2:31:44 PM,-2.91
10103,4/9/2022 2:31:48 PM,-2.00
10103,4/9/2022 2:31:52 PM,-1.53
10103,4/9/2022 2:31:56 PM,-2.89
10103,4/9/2022 2:32:00 PM,-2.68
10103,4/9/2022 2:32:04 PM,-1.99
10103,4/9/2022 2:32:08 PM,-2.45
10103,4/9/2022 2:32:12 PM,-2.00
10103,4/9/2022 2:32:16 PM,-2.68
10103,4/9/2022 2:32:20 PM,-2.68
10103,4/9/2022 2:32:24 PM,-2.68
10103,4/9/2022 2:32:28 PM,-2.68
10103,4/9/2022 2:32:32 PM,-2.68
10103,4/9/2022 2:32:36 PM,-2.00
10103,4/9/2022 2:32:40 PM,-2.24
10103,4/9/2022 2:32:44 PM,-1.76
10103,4/9/2022 2:32:48 PM,-1.99
10103,4/9/2022 2:32:52 PM,-2.68
10103,4/9/2022 2:32:56 PM,-2.23
10103,4/9/2022 2:33:00 PM,-2.67
10103,4/9/2022 2:33:04 PM,-1.99
10103,4/9/2022 2:33:08 PM,-2.44
10103,4/9/2022 2:33:12 PM,-2.68
10103,4/9/2022 2:33:16 PM,-1.99
10103,4/9/2022 2:33:20 PM,-1.99
10103,4/9/2022 2:33:24 PM,-2.67
10103,4/9/2022 2:33:28 PM,-3.14
10103,4/9/2022 2:33:32 PM,-2.68
10103,4/9/2022 2:33:36 PM,-3.36
10103,4/9/2022 2:33:40 PM,-3.14
10103,4/9/2022 2:33:44 PM,-2.68
10103,4/9/2022 2:33:48 PM,-2.68
10103,4/9/2022 2:33:52 PM,-2.46
10103,4/9/2022 2:33:56 PM,-1.99
10103,4/9/2022 2:34:00 PM,-2.67
10103,4/9/2022 2:34:04 PM,-2.68
10103,4/9/2022 2:34:08 PM,-2.23
10103,4/9/2022 2:34:12 PM,-1.99
10103,4/9/2022 2:34:16 PM,-2.46
10103,4/9/2022 2:34:20 PM,-1.99
10103,4/9/2022 2:34:24 PM,-1.99
10103,4/9/2022 2:34:28 PM,-2.46
10103,4/9/2022 2:34:32 PM,-2.45
10103,4/9/2022 2:34:36 PM,-3.36
10103,4/9/2022 2:34:40 PM,-2.21
10103,4/9/2022 2:34:44 PM,-3.13
10103,4/9/2022 2:34:48 PM,-3.36
10103,4/9/2022 2:34:52 PM,-2.68
10103,4/9/2022 2:34:56 PM,-2.68
10103,4/9/2022 2:35:00 PM,-2.68
10103,4/9/2022 2:35:04 PM,-2.46
10103,4/9/2022 2:35:08 PM,-2.80
10103,4/9/2022 2:35:12 PM,-2.69
10103,4/9/2022 2:35:16 PM,-2.46
10103,4/9/2022 2:35:20 PM,-1.99
10103,4/9/2022 2:35:24 PM,-2.67
10103,4/9/2022 2:35:28 PM,-2.21
10103,4/9/2022 2:35:32 PM,-2.23
10103,4/9/2022 2:35:36 PM,-1.99
10103,4/9/2022 2:35:40 PM,-2.22
10103,4/9/2022 2:35:44 PM,-2.68
10103,4/9/2022 2:35:48 PM,-3.36
10103,4/9/2022 2:35:52 PM,-2.68
10103,4/9/2022 2:35:56 PM,-2.23
10103,4/9/2022 2:36:00 PM,-2.67
10103,4/9/2022 2:36:04 PM,-2.22
10103,4/9/2022 2:36:08 PM,-2.23
10103,4/9/2022 2:36:12 PM,-2.67
10103,4/9/2022 2:36:16 PM,-1.53
10103,4/9/2022 2:36:20 PM,-1.99
10103,4/9/2022 2:36:24 PM,-2.67
10103,4/9/2022 2:36:28 PM,-2.46
10103,4/9/2022 2:36:32 PM,-1.99
10103,4/9/2022 2:36:36 PM,-1.99
10103,4/9/2022 2:36:40 PM,-2.46
10103,4/9/2022 2:36:44 PM,-1.99
10103,4/9/2022 2:36:48 PM,-1.99
10103,4/9/2022 2:36:52 PM,-2.68
10103,4/9/2022 2:36:56 PM,-2.23
10103,4/9/2022 2:37:00 PM,-2.67
10103,4/9/2022 2:37:04 PM,-2.46
10103,4/9/2022 2:37:08 PM,-1.99
10103,4/9/2022 2:37:12 PM,-1.99
10103,4/9/2022 2:37:16 PM,-1.99
10103,4/9/2022 2:37:20 PM,-2.44
10103,4/9/2022 2:37:24 PM,-2.00
10103,4/9/2022 2:37:28 PM,-2.21
10103,4/9/2022 2:37:32 PM,-3.10
10103,4/9/2022 2:37:36 PM,-2.00
10103,4/9/2022 2:37:40 PM,-2.46
10103,4/9/2022 2:37:44 PM,-2.44
10103,4/9/2022 2:37:48 PM,-2.68
10103,4/9/2022 2:37:52 PM,-2.24
10103,4/9/2022 2:37:56 PM,-2.65
10103,4/9/2022 2:38:00 PM,-2.00
10103,4/9/2022 2:38:04 PM,-2.22
10103,4/9/2022 2:38:08 PM,-2.68
10103,4/9/2022 2:38:12 PM,-2.68
10103,4/9/2022 2:38:16 PM,-1.75
10103,4/9/2022 2:38:20 PM,-3.13
10103,4/9/2022 2:38:24 PM,-2.01
10103,4/9/2022 2:38:28 PM,-2.68
10103,4/9/2022 2:38:32 PM,-2.23
10103,4/9/2022 2:38:36 PM,-2.67
10103,4/9/2022 2:38:40 PM,-1.99
10103,4/9/2022 2:38:44 PM,-2.44
10103,4/9/2022 2:38:48 PM,-2.68
10103,4/9/2022 2:38:52 PM,-2.44
10103,4/9/2022 2:38:56 PM,-2.92
10103,4/9/2022 2:39:00 PM,-1.32
10103,4/9/2022 2:39:04 PM,-2.68
10103,4/9/2022 2:39:08 PM,-2.23
10103,4/9/2022 2:39:12 PM,-2.67
10103,4/9/2022 2:39:16 PM,-2.46
10103,4/9/2022 2:39:20 PM,-1.99
10103,4/9/2022 2:39:24 PM,-2.67
10103,4/9/2022 2:39:28 PM,-2.93
10103,4/9/2022 2:39:32 PM,-1.99
10103,4/9/2022 2:39:36 PM,-2.67
10103,4/9/2022 2:39:40 PM,-2.43
10103,4/9/2022 2:39:44 PM,-2.47
10103,4/9/2022 2:39:48 PM,-3.35
10103,4/9/2022 2:39:52 PM,-1.99
10103,4/9/2022 2:39:56 PM,-1.99
10103,4/9/2022 2:40:00 PM,-2.67
10103,4/9/2022 2:40:04 PM,-2.90
10103,4/9/2022 2:40:08 PM,-2.47
10103,4/9/2022 2:40:12 PM,-1.99
10103,4/9/2022 2:40:16 PM,-3.14
10103,4/9/2022 2:40:20 PM,-3.12
10103,4/9/2022 2:40:24 PM,-2.01
10103,4/9/2022 2:40:28 PM,-2.25
10103,4/9/2022 2:40:32 PM,-2.21
10103,4/9/2022 2:40:36 PM,-2.68
10103,4/9/2022 2:40:40 PM,-2.21
10103,4/9/2022 2:40:44 PM,-2.23
10103,4/9/2022 2:40:48 PM,-1.99
10103,4/9/2022 2:40:52 PM,-2.21
10103,4/9/2022 2:40:56 PM,-1.79
10103,4/9/2022 2:41:00 PM,-3.34
10103,4/9/2022 2:41:04 PM,-2.68
10103,4/9/2022 2:41:08 PM,-2.23
10103,4/9/2022 2:41:12 PM,-1.99
10103,4/9/2022 2:41:16 PM,-2.21
10103,4/9/2022 2:41:20 PM,-2.23
10103,4/9/2022 2:41:24 PM,-2.67
10103,4/9/2022 2:41:28 PM,-2.68
10103,4/9/2022 2:41:32 PM,-1.78
10103,4/9/2022 2:41:36 PM,-3.34
10103,4/9/2022 2:41:40 PM,-2.92
10103,4/9/2022 2:41:44 PM,-1.99
10103,4/9/2022 2:41:48 PM,-2.67
10103,4/9/2022 2:41:52 PM,-1.99
10103,4/9/2022 2:41:56 PM,-1.99
10103,4/9/2022 2:42:00 PM,-2.67
10103,4/9/2022 2:42:04 PM,-2.68
10103,4/9/2022 2:42:08 PM,-3.13
10103,4/9/2022 2:42:12 PM,-2.01
10103,4/9/2022 2:42:16 PM,-1.99
10103,4/9/2022 2:42:20 PM,-2.44
10103,4/9/2022 2:42:24 PM,-2.68
10103,4/9/2022 2:42:28 PM,-2.21
10103,4/9/2022 2:42:32 PM,-2.23
10103,4/9/2022 2:42:36 PM,-3.35
10103,4/9/2022 2:42:40 PM,-1.99
10103,4/9/2022 2:42:44 PM,-2.44
10103,4/9/2022 2:42:48 PM,-2.00
10103,4/9/2022 2:42:52 PM,-1.99
10103,4/9/2022 2:42:56 PM,-1.99
10103,4/9/2022 2:43:00 PM,-3.35
10103,4/9/2022 2:43:04 PM,-2.21
10103,4/9/2022 2:43:08 PM,-2.23
10103,4/9/2022 2:43:12 PM,-1.99
10103,4/9/2022 2:43:16 PM,-1.99
10103,4/9/2022 2:43:20 PM,-2.44
10103,4/9/2022 2:43:24 PM,-2.00
10103,4/9/2022 2:43:28 PM,-2.68
10103,4/9/2022 2:43:32 PM,-3.13
10103,4/9/2022 2:43:36 PM,-2.00
10103,4/9/2022 2:43:40 PM,-2.22
10103,4/9/2022 2:43:44 PM,-2.23
10103,4/9/2022 2:43:48 PM,-1.99
10103,4/9/2022 2:43:52 PM,-1.98
10103,4/9/2022 2:43:56 PM,-2.92
10103,4/9/2022 2:44:00 PM,-2.00
10103,4/9/2022 2:44:04 PM,-1.99
10103,4/9/2022 2:44:08 PM,-1.99
10103,4/9/2022 2:44:12 PM,-1.99
10103,4/9/2022 2:44:16 PM,-1.99
10103,4/9/2022 2:44:20 PM,-2.44
10103,4/9/2022 2:44:24 PM,-3.36
10103,4/9/2022 2:44:28 PM,-2.68
10103,4/9/2022 2:44:32 PM,-1.78
10103,4/9/2022 2:44:36 PM,-1.99
10103,4/9/2022 2:44:40 PM,-2.49
10103,4/9/2022 2:44:44 PM,-1.99
10103,4/9/2022 2:44:48 PM,-3.36
10103,4/9/2022 2:44:52 PM,-2.44
10103,4/9/2022 2:44:56 PM,-2.91
10103,4/9/2022 2:45:00 PM,-3.36
10103,4/9/2022 2:45:04 PM,-2.68
10103,4/9/2022 2:45:08 PM,-2.23
10103,4/9/2022 2:45:12 PM,-2.67
10103,4/9/2022 2:45:16 PM,-2.46
10103,4/9/2022 2:45:20 PM,-1.99
10103,4/9/2022 2:45:24 PM,-2.67
10103,4/9/2022 2:45:28 PM,-2.21
10103,4/9/2022 2:45:32 PM,-2.23
10103,4/9/2022 2:45:36 PM,-1.99
10103,4/9/2022 2:45:40 PM,-2.46
10103,4/9/2022 2:45:44 PM,-2.44
10103,4/9/2022 2:45:48 PM,-2.00
10103,4/9/2022 2:45:52 PM,-1.99
10103,4/9/2022 2:45:56 PM,-2.89
10103,4/9/2022 2:46:00 PM,-2.68
10103,4/9/2022 2:46:04 PM,-2.68
10103,4/9/2022 2:46:08 PM,-2.23
10103,4/9/2022 2:46:12 PM,-2.67
10103,4/9/2022 2:46:16 PM,-2.46
10103,4/9/2022 2:46:20 PM,-2.44
10103,4/9/2022 2:46:24 PM,-2.68
10103,4/9/2022 2:46:28 PM,-2.46
10103,4/9/2022 2:46:32 PM,-1.99
10103,4/9/2022 2:46:36 PM,-3.35
10103,4/9/2022 2:46:40 PM,-2.20
10103,4/9/2022 2:46:44 PM,-2.68
10103,4/9/2022 2:46:48 PM,-2.68
10103,4/9/2022 2:46:52 PM,-2.68
10103,4/9/2022 2:46:56 PM,-2.68
10103,4/9/2022 2:47:00 PM,-2.68
10103,4/9/2022 2:47:04 PM,-2.68
10103,4/9/2022 2:47:08 PM,-2.68
10103,4/9/2022 2:47:12 PM,-2.00
10103,4/9/2022 2:47:16 PM,-2.68
10103,4/9/2022 2:47:20 PM,-2.23
10103,4/9/2022 2:47:24 PM,-2.67
10103,4/9/2022 2:47:28 PM,-2.21
10103,4/9/2022 2:47:32 PM,-3.13
10103,4/9/2022 2:47:36 PM,-4.04
10103,4/9/2022 2:47:40 PM,-2.68
10103,4/9/2022 2:47:44 PM,-2.23
10103,4/9/2022 2:47:48 PM,-2.67
10103,4/9/2022 2:47:52 PM,-2.92
10103,4/9/2022 2:47:56 PM,-1.99
10103,4/9/2022 2:48:00 PM,-2.67
10103,4/9/2022 2:48:04 PM,-2.68
10103,4/9/2022 2:48:08 PM,-2.23
10103,4/9/2022 2:48:12 PM,-3.35
10103,4/9/2022 2:48:16 PM,-2.22
10103,4/9/2022 2:48:20 PM,-2.23
10103,4/9/2022 2:48:24 PM,-1.99
10103,4/9/2022 2:48:28 PM,-2.46
10103,4/9/2022 2:48:32 PM,-2.44
10103,4/9/2022 2:48:36 PM,-3.36
10103,4/9/2022 2:48:40 PM,-2.68
10103,4/9/2022 2:48:44 PM,-2.68
10103,4/9/2022 2:48:48 PM,-2.68
10103,4/9/2022 2:48:52 PM,-2.22
10103,4/9/2022 2:48:56 PM,-3.13
10103,4/9/2022 2:49:00 PM,-2.68
10103,4/9/2022 2:49:04 PM,-2.68
10103,4/9/2022 2:49:08 PM,-2.68
10103,4/9/2022 2:49:12 PM,-2.00
10103,4/9/2022 2:49:16 PM,-2.46
10103,4/9/2022 2:49:20 PM,-2.44
10103,4/9/2022 2:49:24 PM,-2.00
10103,4/9/2022 2:49:28 PM,-2.46
10103,4/9/2022 2:49:32 PM,-1.99
10103,4/9/2022 2:49:36 PM,-3.35
10103,4/9/2022 2:49:40 PM,-2.90
10103,4/9/2022 2:49:44 PM,-3.36
10103,4/9/2022 2:49:48 PM,-3.36
10103,4/9/2022 2:49:52 PM,-2.21
10103,4/9/2022 2:49:56 PM,-3.13
10103,4/9/2022 2:50:00 PM,-2.00
10103,4/9/2022 2:50:04 PM,-2.68
10103,4/9/2022 2:50:08 PM,-2.68
10103,4/9/2022 2:50:12 PM,-2.00
10103,4/9/2022 2:50:16 PM,-2.21
10103,4/9/2022 2:50:20 PM,-2.23
10103,4/9/2022 2:50:24 PM,-2.67
10103,4/9/2022 2:50:28 PM,-2.92
10103,4/9/2022 2:50:32 PM,-2.44
10103,4/9/2022 2:50:36 PM,-2.68
10103,4/9/2022 2:50:40 PM,-2.46
10103,4/9/2022 2:50:44 PM,-1.99
10103,4/9/2022 2:50:48 PM,-2.67
10103,4/9/2022 2:50:52 PM,-2.68
10103,4/9/2022 2:50:56 PM,-2.23
10103,4/9/2022 2:51:00 PM,-2.68
10103,4/9/2022 2:51:04 PM,-2.18
10103,4/9/2022 2:51:08 PM,-2.68
10103,4/9/2022 2:51:12 PM,-2.68
10103,4/9/2022 2:51:16 PM,-2.92
10103,4/9/2022 2:51:20 PM,-1.99
10103,4/9/2022 2:51:24 PM,-3.35
10103,4/9/2022 2:51:28 PM,-2.21
10103,4/9/2022 2:51:32 PM,-3.13
10103,4/9/2022 2:51:36 PM,-2.68
10103,4/9/2022 2:51:40 PM,-2.46
10103,4/9/2022 2:51:44 PM,-2.89
10103,4/9/2022 2:51:48 PM,-2.68
10103,4/9/2022 2:51:52 PM,-3.36
10103,4/9/2022 2:51:56 PM,-2.92
10103,4/9/2022 2:52:00 PM,-2.00
10103,4/9/2022 2:52:04 PM,-2.22
10103,4/9/2022 2:52:08 PM,-2.68
10103,4/9/2022 2:52:12 PM,-2.00
10103,4/9/2022 2:52:16 PM,-2.43
10103,4/9/2022 2:52:20 PM,-2.92
10103,4/9/2022 2:52:24 PM,-1.32
10103,4/9/2022 2:52:28 PM,-2.21
10103,4/9/2022 2:52:32 PM,-2.68
10103,4/9/2022 2:52:36 PM,-2.00
10103,4/9/2022 2:52:40 PM,-3.16
10103,4/9/2022 2:52:44 PM,-3.11
10103,4/9/2022 2:52:48 PM,-2.69
10103,4/9/2022 2:52:52 PM,-2.68
10103,4/9/2022 2:52:56 PM,-2.68
10103,4/9/2022 2:53:00 PM,-2.68
10103,4/9/2022 2:53:04 PM,-1.99
10103,4/9/2022 2:53:08 PM,-1.99
10103,4/9/2022 2:53:12 PM,-3.34
10103,4/9/2022 2:53:16 PM,-2.92
10103,4/9/2022 2:53:20 PM,-1.99
10103,4/9/2022 2:53:24 PM,-1.99
10103,4/9/2022 2:53:28 PM,-2.46
10103,4/9/2022 2:53:32 PM,-2.44
10103,4/9/2022 2:53:36 PM,-2.68
10103,4/9/2022 2:53:40 PM,-2.93
10103,4/9/2022 2:53:44 PM,-1.99
10103,4/9/2022 2:53:48 PM,-2.67
10103,4/9/2022 2:53:52 PM,-2.68
10103,4/9/2022 2:53:56 PM,-3.12
10103,4/9/2022 2:54:00 PM,-2.69
10103,4/9/2022 2:54:04 PM,-2.46
10103,4/9/2022 2:54:08 PM,-2.44
10103,4/9/2022 2:54:12 PM,-2.68
10103,4/9/2022 2:54:16 PM,-2.46
10103,4/9/2022 2:54:20 PM,-2.89
10103,4/9/2022 2:54:24 PM,-2.01
10103,4/9/2022 2:54:28 PM,-2.21
10103,4/9/2022 2:54:32 PM,-2.68
10103,4/9/2022 2:54:36 PM,-2.00
10103,4/9/2022 2:54:40 PM,-1.99
10103,4/9/2022 2:54:44 PM,-1.99
10103,4/9/2022 2:54:48 PM,-2.67
10103,4/9/2022 2:54:52 PM,-2.68
10103,4/9/2022 2:54:56 PM,-2.68
10103,4/9/2022 2:55:00 PM,-2.00
10103,4/9/2022 2:55:04 PM,-2.21
10103,4/9/2022 2:55:08 PM,-2.68
10103,4/9/2022 2:55:12 PM,-3.35
10103,4/9/2022 2:55:16 PM,-2.92
10103,4/9/2022 2:55:20 PM,-2.44
10103,4/9/2022 2:55:24 PM,-2.68
10103,4/9/2022 2:55:28 PM,-3.15
10103,4/9/2022 2:55:32 PM,-2.68
10103,4/9/2022 2:55:36 PM,-2.00
10103,4/9/2022 2:55:40 PM,-2.68
10103,4/9/2022 2:55:44 PM,-2.23
10103,4/9/2022 2:55:48 PM,-2.67
10103,4/9/2022 2:55:52 PM,-3.15
10103,4/9/2022 2:55:56 PM,-2.24
10103,4/9/2022 2:56:00 PM,-2.67
10103,4/9/2022 2:56:04 PM,-2.46
10103,4/9/2022 2:56:08 PM,-1.99
10103,4/9/2022 2:56:12 PM,-2.67
10103,4/9/2022 2:56:16 PM,-2.21
10103,4/9/2022 2:56:20 PM,-2.23
10103,4/9/2022 2:56:24 PM,-2.68
10103,4/9/2022 2:56:28 PM,-2.68
10103,4/9/2022 2:56:32 PM,-2.68
10103,4/9/2022 2:56:36 PM,-2.68
10103,4/9/2022 2:56:40 PM,-2.68
10103,4/9/2022 2:56:44 PM,-2.68
10103,4/9/2022 2:56:48 PM,-2.68
10103,4/9/2022 2:56:52 PM,-2.22
10103,4/9/2022 2:56:56 PM,-2.68
10103,4/9/2022 2:57:00 PM,-2.00
10103,4/9/2022 2:57:04 PM,-2.90
10103,4/9/2022 2:57:08 PM,-2.91
10103,4/9/2022 2:57:12 PM,-2.68
10103,4/9/2022 2:57:16 PM,-2.44
10103,4/9/2022 2:57:20 PM,-2.46
10103,4/9/2022 2:57:24 PM,-2.68
10103,4/9/2022 2:57:28 PM,-2.46
10103,4/9/2022 2:57:32 PM,-2.44
10103,4/9/2022 2:57:36 PM,-2.68
10103,4/9/2022 2:57:40 PM,-2.92
10103,4/9/2022 2:57:44 PM,-2.44
10103,4/9/2022 2:57:48 PM,-2.00
10103,4/9/2022 2:57:52 PM,-3.14
10103,4/9/2022 2:57:56 PM,-3.13
10103,4/9/2022 2:58:00 PM,-2.68
10103,4/9/2022 2:58:04 PM,-2.46
10103,4/9/2022 2:58:08 PM,-2.45
10103,4/9/2022 2:58:12 PM,-2.00
10103,4/9/2022 2:58:16 PM,-3.14
10103,4/9/2022 2:58:20 PM,-2.68
10103,4/9/2022 2:58:24 PM,-2.68
10103,4/9/2022 2:58:28 PM,-3.14
10103,4/9/2022 2:58:32 PM,-2.23
10103,4/9/2022 2:58:36 PM,-2.68
10103,4/9/2022 2:58:40 PM,-2.44
10103,4/9/2022 2:58:44 PM,-2.47
10103,4/9/2022 2:58:48 PM,-2.68
10103,4/9/2022 2:58:52 PM,-2.90
10103,4/9/2022 2:58:56 PM,-2.91
10103,4/9/2022 2:59:00 PM,-2.68
10103,4/9/2022 2:59:04 PM,-1.99
10103,4/9/2022 2:59:08 PM,-2.39
10103,4/9/2022 2:59:12 PM,-2.68
10103,4/9/2022 2:59:16 PM,-2.68
10103,4/9/2022 2:59:20 PM,-2.23
10103,4/9/2022 2:59:24 PM,-2.67
10103,4/9/2022 2:59:28 PM,-1.99
10103,4/9/2022 2:59:32 PM,-2.44
10103,4/9/2022 2:59:36 PM,-2.03
10103,4/9/2022 2:59:40 PM,-2.44
10103,4/9/2022 2:59:44 PM,-2.91
10103,4/9/2022 2:59:48 PM,-2.68
10103,4/9/2022 2:59:52 PM,-2.68
10103,4/9/2022 2:59:56 PM,-3.12
10103,4/9/2022 3:00:00 PM,-2.68
10103,4/9/2022 3:00:04 PM,-2.68
10103,4/9/2022 3:00:08 PM,-3.13
10103,4/9/2022 3:00:12 PM,-2.69
10103,4/9/2022 3:00:16 PM,-2.90
10103,4/9/2022 3:00:20 PM,-2.46
10103,4/9/2022 3:00:24 PM,-3.36
10103,4/9/2022 3:00:28 PM,-2.46
10103,4/9/2022 3:00:32 PM,-2.45
10103,4/9/2022 3:00:36 PM,-2.68
10103,4/9/2022 3:00:40 PM,-2.90
10103,4/9/2022 3:00:44 PM,-2.47
10103,4/9/2022 3:00:48 PM,-2.67
10103,4/9/2022 3:00:52 PM,-1.99
10103,4/9/2022 3:00:56 PM,-1.99
10103,4/9/2022 3:01:00 PM,-3.35
10103,4/9/2022 3:01:04 PM,-2.68
10103,4/9/2022 3:01:08 PM,-2.29
10103,4/9/2022 3:01:12 PM,-1.99
10103,4/9/2022 3:01:16 PM,-2.68
10103,4/9/2022 3:01:20 PM,-2.68
10103,4/9/2022 3:01:24 PM,-2.68
10103,4/9/2022 3:01:28 PM,-2.68
10103,4/9/2022 3:01:32 PM,-2.23
10103,4/9/2022 3:01:36 PM,-2.67
10103,4/9/2022 3:01:40 PM,-2.68
10103,4/9/2022 3:01:44 PM,-2.68
10103,4/9/2022 3:01:48 PM,-2.00
10103,4/9/2022 3:01:52 PM,-2.90
10103,4/9/2022 3:01:56 PM,-2.47
10103,4/9/2022 3:02:00 PM,-3.35
10103,4/9/2022 3:02:04 PM,-2.68
10103,4/9/2022 3:02:08 PM,-2.68
10103,4/9/2022 3:02:12 PM,-3.36
10103,4/9/2022 3:02:16 PM,-2.46
10103,4/9/2022 3:02:20 PM,-2.44
10103,4/9/2022 3:02:24 PM,-2.68
10103,4/9/2022 3:02:28 PM,-2.43
10103,4/9/2022 3:02:32 PM,-2.91
10103,4/9/2022 3:02:36 PM,-2.68
10103,4/9/2022 3:02:40 PM,-2.68
10103,4/9/2022 3:02:44 PM,-3.13
10103,4/9/2022 3:02:48 PM,-2.08
10103,4/9/2022 3:02:52 PM,-1.99
10103,4/9/2022 3:02:56 PM,-1.99
10103,4/9/2022 3:03:00 PM,-2.67
10103,4/9/2022 3:03:04 PM,-2.21
10103,4/9/2022 3:03:08 PM,-2.23
10103,4/9/2022 3:03:12 PM,-2.67
10103,4/9/2022 3:03:16 PM,-1.99
10103,4/9/2022 3:03:20 PM,-1.99
10103,4/9/2022 3:03:24 PM,-2.67
10103,4/9/2022 3:03:28 PM,-3.14
10103,4/9/2022 3:03:32 PM,-2.68
10103,4/9/2022 3:03:36 PM,-2.68
10103,4/9/2022 3:03:40 PM,-2.44
10103,4/9/2022 3:03:44 PM,-2.91
10103,4/9/2022 3:03:48 PM,-2.68
10103,4/9/2022 3:03:52 PM,-1.99
10103,4/9/2022 3:03:56 PM,-2.44
10103,4/9/2022 3:04:00 PM,-3.36
10103,4/9/2022 3:04:04 PM,-2.68
10103,4/9/2022 3:04:08 PM,-2.68
10103,4/9/2022 3:04:12 PM,-2.00
10103,4/9/2022 3:04:16 PM,-2.21
10103,4/9/2022 3:04:20 PM,-2.68
10103,4/9/2022 3:04:24 PM,-2.68
10103,4/9/2022 3:04:28 PM,-2.21
10103,4/9/2022 3:04:32 PM,-3.58
10103,4/9/2022 3:04:36 PM,-2.69
10103,4/9/2022 3:04:40 PM,-2.68
10103,4/9/2022 3:04:44 PM,-3.13
10103,4/9/2022 3:04:48 PM,-2.75
10103,4/9/2022 3:04:52 PM,-2.68
10103,4/9/2022 3:04:56 PM,-2.23
10103,4/9/2022 3:05:00 PM,-1.99
10103,4/9/2022 3:05:04 PM,-2.21
10103,4/9/2022 3:05:08 PM,-2.68
10103,4/9/2022 3:05:12 PM,-2.00
10103,4/9/2022 3:05:16 PM,-3.14
10103,4/9/2022 3:05:20 PM,-2.68
10103,4/9/2022 3:05:24 PM,-2.00
10103,4/9/2022 3:05:28 PM,-2.68
10103,4/9/2022 3:05:32 PM,-2.68
10103,4/9/2022 3:05:36 PM,-2.68
10103,4/9/2022 3:05:40 PM,-2.90
10103,4/9/2022 3:05:44 PM,-2.92
10103,4/9/2022 3:05:48 PM,-2.68
10103,4/9/2022 3:05:52 PM,-3.36
10103,4/9/2022 3:05:56 PM,-2.92
10103,4/9/2022 3:06:00 PM,-2.68
10103,4/9/2022 3:06:04 PM,-2.46
10103,4/9/2022 3:06:08 PM,-2.89
10103,4/9/2022 3:06:12 PM,-2.69
10103,4/9/2022 3:06:16 PM,-3.36
10103,4/9/2022 3:06:20 PM,-2.92
10103,4/9/2022 3:06:24 PM,-4.04
10103,4/9/2022 3:06:28 PM,-2.43
10103,4/9/2022 3:06:32 PM,-2.91
10103,4/9/2022 3:06:36 PM,-2.68
10103,4/9/2022 3:06:40 PM,-2.46
10103,4/9/2022 3:06:44 PM,-2.44
10103,4/9/2022 3:06:48 PM,-2.68
10103,4/9/2022 3:06:52 PM,-2.68
10103,4/9/2022 3:06:56 PM,-3.13
10103,4/9/2022 3:07:00 PM,-2.69
10103,4/9/2022 3:07:04 PM,-2.90
10103,4/9/2022 3:07:08 PM,-3.36
10103,4/9/2022 3:07:12 PM,-2.69
10103,4/9/2022 3:07:16 PM,-2.68
10103,4/9/2022 3:07:20 PM,-2.68
10103,4/9/2022 3:07:24 PM,-2.68
10103,4/9/2022 3:07:28 PM,-2.68
10103,4/9/2022 3:07:32 PM,-2.68
10103,4/9/2022 3:07:36 PM,-2.00
10103,4/9/2022 3:07:40 PM,-3.14
10103,4/9/2022 3:07:44 PM,-2.68
10103,4/9/2022 3:07:48 PM,-2.00
10103,4/9/2022 3:07:52 PM,-2.90
10103,4/9/2022 3:07:56 PM,-3.36
10103,4/9/2022 3:08:00 PM,-2.01
10103,4/9/2022 3:08:04 PM,-1.99
10103,4/9/2022 3:08:08 PM,-2.44
10103,4/9/2022 3:08:12 PM,-2.00
10103,4/9/2022 3:08:16 PM,-2.68
10103,4/9/2022 3:08:20 PM,-2.23
10103,4/9/2022 3:08:24 PM,-2.67
10103,4/9/2022 3:08:28 PM,-2.46
10103,4/9/2022 3:08:32 PM,-2.44
10103,4/9/2022 3:08:36 PM,-2.68
10103,4/9/2022 3:08:40 PM,-2.68
10103,4/9/2022 3:08:44 PM,-2.23
10103,4/9/2022 3:08:48 PM,-2.67
10103,4/9/2022 3:08:52 PM,-2.43
10103,4/9/2022 3:08:56 PM,-2.92
10103,4/9/2022 3:09:00 PM,-3.36
10103,4/9/2022 3:09:04 PM,-2.35
10103,4/9/2022 3:09:08 PM,-2.99
10103,4/9/2022 3:09:12 PM,-2.68
10103,4/9/2022 3:09:16 PM,-2.46
10103,4/9/2022 3:09:20 PM,-3.34
10103,4/9/2022 3:09:24 PM,-2.69
10103,4/9/2022 3:09:28 PM,-2.21
10103,4/9/2022 3:09:32 PM,-2.68
10103,4/9/2022 3:09:36 PM,-2.68
10103,4/9/2022 3:09:40 PM,-2.46
10103,4/9/2022 3:09:44 PM,-2.44
10103,4/9/2022 3:09:48 PM,-2.00
10103,4/9/2022 3:09:52 PM,-2.68
10103,4/9/2022 3:09:56 PM,-2.68
10103,4/9/2022 3:10:00 PM,-2.00
10103,4/9/2022 3:10:04 PM,-2.68
10103,4/9/2022 3:10:08 PM,-2.68
10103,4/9/2022 3:10:12 PM,-2.68
10103,4/9/2022 3:10:16 PM,-2.92
10103,4/9/2022 3:10:20 PM,-2.44
10103,4/9/2022 3:10:24 PM,-2.68
10103,4/9/2022 3:10:28 PM,-2.68
10103,4/9/2022 3:10:32 PM,-2.23
10103,4/9/2022 3:10:36 PM,-3.36
10103,4/9/2022 3:10:40 PM,-2.68
10103,4/9/2022 3:10:44 PM,-3.13
10103,4/9/2022 3:10:48 PM,-2.68
10103,4/9/2022 3:10:52 PM,-2.15
10103,4/9/2022 3:10:56 PM,-2.68
10103,4/9/2022 3:11:00 PM,-3.36
10103,4/9/2022 3:11:04 PM,-2.22
10103,4/9/2022 3:11:08 PM,-2.68
10103,4/9/2022 3:11:12 PM,-2.68
10103,4/9/2022 3:11:16 PM,-2.68
10103,4/9/2022 3:11:20 PM,-2.68
10103,4/9/2022 3:11:24 PM,-2.68
10103,4/9/2022 3:11:28 PM,-2.46
10103,4/9/2022 3:11:32 PM,-1.99
10103,4/9/2022 3:11:36 PM,-3.36
10103,4/9/2022 3:11:40 PM,-3.14
10103,4/9/2022 3:11:44 PM,-2.23
10103,4/9/2022 3:11:48 PM,-2.67
10103,4/9/2022 3:11:52 PM,-3.14
10103,4/9/2022 3:11:56 PM,-3.13
10103,4/9/2022 3:12:00 PM,-2.68
10103,4/9/2022 3:12:04 PM,-3.14
10103,4/9/2022 3:12:08 PM,-2.68
10103,4/9/2022 3:12:12 PM,-2.00
10103,4/9/2022 3:12:16 PM,-2.22
10103,4/9/2022 3:12:20 PM,-2.68
10103,4/9/2022 3:12:24 PM,-3.36
10103,4/9/2022 3:12:28 PM,-3.14
10103,4/9/2022 3:12:32 PM,-2.68
10103,4/9/2022 3:12:36 PM,-2.68
10103,4/9/2022 3:12:40 PM,-3.14
10103,4/9/2022 3:12:44 PM,-2.68
10103,4/9/2022 3:12:48 PM,-2.68
10103,4/9/2022 3:12:52 PM,-3.17
10103,4/9/2022 3:12:56 PM,-2.68
10103,4/9/2022 3:13:00 PM,-3.36
10103,4/9/2022 3:13:04 PM,-3.36
10103,4/9/2022 3:13:08 PM,-2.46
10103,4/9/2022 3:13:12 PM,-2.67
10103,4/9/2022 3:13:16 PM,-1.99
10103,4/9/2022 3:13:20 PM,-2.45
10103,4/9/2022 3:13:24 PM,-2.68
10103,4/9/2022 3:13:28 PM,-1.99
10103,4/9/2022 3:13:32 PM,-2.44
10103,4/9/2022 3:13:36 PM,-3.36
10103,4/9/2022 3:13:40 PM,-2.22
10103,4/9/2022 3:13:44 PM,-2.68
10103,4/9/2022 3:13:48 PM,-2.00
10103,4/9/2022 3:13:52 PM,-2.68
10103,4/9/2022 3:13:56 PM,-2.68
10103,4/9/2022 3:14:00 PM,-2.00
10103,4/9/2022 3:14:04 PM,-2.46
10103,4/9/2022 3:14:08 PM,-2.44
10103,4/9/2022 3:14:12 PM,-2.00
10103,4/9/2022 3:14:16 PM,-2.46
10103,4/9/2022 3:14:20 PM,-2.44
10103,4/9/2022 3:14:24 PM,-2.68
10103,4/9/2022 3:14:28 PM,-2.68
10103,4/9/2022 3:14:32 PM,-3.13
10103,4/9/2022 3:14:36 PM,-2.68
10103,4/9/2022 3:14:40 PM,-2.92
10103,4/9/2022 3:14:44 PM,-1.99
10103,4/9/2022 3:14:48 PM,-2.67
10103,4/9/2022 3:14:52 PM,-2.49
10103,4/9/2022 3:14:56 PM,-2.79
10103,4/9/2022 3:15:00 PM,-2.00
10103,4/9/2022 3:15:04 PM,-2.68
10103,4/9/2022 3:15:08 PM,-3.58
10103,4/9/2022 3:15:12 PM,-2.70
10103,4/9/2022 3:15:16 PM,-1.99
10103,4/9/2022 3:15:20 PM,-1.99
10103,4/9/2022 3:15:24 PM,-1.99
10103,4/9/2022 3:15:28 PM,-2.21
10103,4/9/2022 3:15:32 PM,-2.68
10103,4/9/2022 3:15:36 PM,-2.00
10103,4/9/2022 3:15:40 PM,-2.68
10103,4/9/2022 3:15:44 PM,-2.23
10103,4/9/2022 3:15:48 PM,-3.35
10103,4/9/2022 3:15:52 PM,-2.68
10103,4/9/2022 3:15:56 PM,-2.68
10103,4/9/2022 3:16:00 PM,-2.68
10103,4/9/2022 3:16:04 PM,-2.92
10103,4/9/2022 3:16:08 PM,-2.44
10103,4/9/2022 3:16:12 PM,-3.35
10103,4/9/2022 3:16:16 PM,-2.68
10103,4/9/2022 3:16:20 PM,-2.23
10103,4/9/2022 3:16:24 PM,-2.67
10103,4/9/2022 3:16:28 PM,-2.21
10103,4/9/2022 3:16:32 PM,-3.13
10103,4/9/2022 3:16:36 PM,-2.68
10103,4/9/2022 3:16:40 PM,-2.46
10103,4/9/2022 3:16:44 PM,-2.44
10103,4/9/2022 3:16:48 PM,-2.68
10103,4/9/2022 3:16:52 PM,-1.69
10103,4/9/2022 3:16:56 PM,-2.68
10103,4/9/2022 3:17:00 PM,-2.00
10103,4/9/2022 3:17:04 PM,-2.46
10103,4/9/2022 3:17:08 PM,-2.44
10103,4/9/2022 3:17:12 PM,-2.00
10103,4/9/2022 3:17:16 PM,-2.68
10103,4/9/2022 3:17:20 PM,-2.68
10103,4/9/2022 3:17:24 PM,-2.00
10103,4/9/2022 3:17:28 PM,-1.99
10103,4/9/2022 3:17:32 PM,-2.44
10103,4/9/2022 3:17:36 PM,-3.36
10103,4/9/2022 3:17:40 PM,-2.68
10103,4/9/2022 3:17:44 PM,-2.68
10103,4/9/2022 3:17:48 PM,-2.00
10103,4/9/2022 3:17:52 PM,-2.43
10103,4/9/2022 3:17:56 PM,-2.47
10103,4/9/2022 3:18:00 PM,-2.67
10103,4/9/2022 3:18:04 PM,-2.22
10103,4/9/2022 3:18:08 PM,-2.23
10103,4/9/2022 3:18:12 PM,-2.67
10103,4/9/2022 3:18:16 PM,-2.21
10103,4/9/2022 3:18:20 PM,-2.68
10103,4/9/2022 3:18:24 PM,-3.36
10103,4/9/2022 3:18:28 PM,-2.90
10103,4/9/2022 3:18:32 PM,-2.91
10103,4/9/2022 3:18:36 PM,-2.68
10103,4/9/2022 3:18:40 PM,-2.43
10103,4/9/2022 3:18:44 PM,-2.47
10103,4/9/2022 3:18:48 PM,-2.67
10103,4/9/2022 3:18:52 PM,-2.68
10103,4/9/2022 3:18:56 PM,-3.12
10103,4/9/2022 3:19:00 PM,-2.02
10103,4/9/2022 3:19:04 PM,-2.86
10103,4/9/2022 3:19:08 PM,-2.98
10103,4/9/2022 3:19:12 PM,-2.68
10103,4/9/2022 3:19:16 PM,-2.68
10103,4/9/2022 3:19:20 PM,-3.13
10103,4/9/2022 3:19:24 PM,-2.68
10103,4/9/2022 3:19:28 PM,-2.46
10103,4/9/2022 3:19:32 PM,-1.99
10103,4/9/2022 3:19:36 PM,-3.35
10103,4/9/2022 3:19:40 PM,-2.46
10103,4/9/2022 3:19:44 PM,-2.44
10103,4/9/2022 3:19:48 PM,-4.04
10103,4/9/2022 3:19:52 PM,-2.92
10103,4/9/2022 3:19:56 PM,-1.99
10103,4/9/2022 3:20:00 PM,-1.99
10103,4/9/2022 3:20:04 PM,-2.68
10103,4/9/2022 3:20:08 PM,-2.68
10103,4/9/2022 3:20:12 PM,-2.68
10103,4/9/2022 3:20:16 PM,-2.68
10103,4/9/2022 3:20:20 PM,-3.13
10103,4/9/2022 3:20:24 PM,-2.69
10103,4/9/2022 3:20:28 PM,-2.21
10103,4/9/2022 3:20:32 PM,-2.68
10103,4/9/2022 3:20:36 PM,-2.00
10103,4/9/2022 3:20:40 PM,-2.68
10103,4/9/2022 3:20:44 PM,-2.68
10103,4/9/2022 3:20:48 PM,-2.68
10103,4/9/2022 3:20:52 PM,-2.68
10103,4/9/2022 3:20:56 PM,-2.23
10103,4/9/2022 3:21:00 PM,-2.67
10103,4/9/2022 3:21:04 PM,-2.43
10103,4/9/2022 3:21:08 PM,-2.96
10103,4/9/2022 3:21:12 PM,-2.68
10103,4/9/2022 3:21:16 PM,-1.99
10103,4/9/2022 3:21:20 PM,-2.44
10103,4/9/2022 3:21:24 PM,-2.00
10103,4/9/2022 3:21:28 PM,-2.68
10103,4/9/2022 3:21:32 PM,-2.23
10103,4/9/2022 3:21:36 PM,-1.99
10103,4/9/2022 3:21:40 PM,-2.46
10103,4/9/2022 3:21:44 PM,-2.44
10103,4/9/2022 3:21:48 PM,-1.32
10103,4/9/2022 3:21:52 PM,-2.46
10103,4/9/2022 3:21:56 PM,-2.88
10103,4/9/2022 3:22:00 PM,-2.69
10103,4/9/2022 3:22:04 PM,-2.24
10103,4/9/2022 3:22:08 PM,-1.76
10103,4/9/2022 3:22:12 PM,-3.34
10103,4/9/2022 3:22:16 PM,-2.21
10103,4/9/2022 3:22:20 PM,-2.68
10103,4/9/2022 3:22:24 PM,-2.68
10103,4/9/2022 3:22:28 PM,-2.68
10103,4/9/2022 3:22:32 PM,-2.68
10103,4/9/2022 3:22:36 PM,-2.68
10103,4/9/2022 3:22:40 PM,-2.65
10103,4/9/2022 3:22:44 PM,-3.16
10103,4/9/2022 3:22:48 PM,-3.36
10103,4/9/2022 3:22:52 PM,-2.92
10103,4/9/2022 3:22:56 PM,-2.37
10103,4/9/2022 3:23:00 PM,-2.68
10103,4/9/2022 3:23:04 PM,-2.92
10103,4/9/2022 3:23:08 PM,-2.44
10103,4/9/2022 3:23:12 PM,-2.68
10103,4/9/2022 3:23:16 PM,-2.68
10103,4/9/2022 3:23:20 PM,-1.78
10103,4/9/2022 3:23:24 PM,-2.67
10103,4/9/2022 3:23:28 PM,-2.68
10103,4/9/2022 3:23:32 PM,-2.23
10103,4/9/2022 3:23:36 PM,-2.68
10103,4/9/2022 3:23:40 PM,-3.36
10103,4/9/2022 3:23:44 PM,-3.36
10103,4/9/2022 3:23:48 PM,-4.04
10103,4/9/2022 3:23:52 PM,-2.22
10103,4/9/2022 3:23:56 PM,-2.68
10103,4/9/2022 3:24:00 PM,-2.68
10103,4/9/2022 3:24:04 PM,-2.46
10103,4/9/2022 3:24:08 PM,-2.90
10103,4/9/2022 3:24:12 PM,-1.33
10103,4/9/2022 3:24:16 PM,-2.68
10103,4/9/2022 3:24:20 PM,-2.68
10103,4/9/2022 3:24:24 PM,-2.68
10103,4/9/2022 3:24:28 PM,-2.68
10103,4/9/2022 3:24:32 PM,-2.68
10103,4/9/2022 3:24:36 PM,-2.68
10103,4/9/2022 3:24:40 PM,-2.92
10103,4/9/2022 3:24:44 PM,-2.44
10103,4/9/2022 3:24:48 PM,-3.36
10103,4/9/2022 3:24:52 PM,-2.90
10103,4/9/2022 3:24:56 PM,-2.91
10103,4/9/2022 3:25:00 PM,-2.07
10103,4/9/2022 3:25:04 PM,-2.22
10103,4/9/2022 3:25:08 PM,-2.23
10103,4/9/2022 3:25:12 PM,-2.67
10103,4/9/2022 3:25:16 PM,-2.46
10103,4/9/2022 3:25:20 PM,-2.45
10103,4/9/2022 3:25:24 PM,-2.00
10103,4/9/2022 3:25:28 PM,-2.21
10103,4/9/2022 3:25:32 PM,-2.23
10103,4/9/2022 3:25:36 PM,-1.99
10103,4/9/2022 3:25:40 PM,-2.92
10103,4/9/2022 3:25:44 PM,-2.44
10103,4/9/2022 3:25:48 PM,-3.36
10103,4/9/2022 3:25:52 PM,-3.36
10103,4/9/2022 3:25:56 PM,-2.92
10103,4/9/2022 3:26:00 PM,-2.68
10103,4/9/2022 3:26:04 PM,-2.68
10103,4/9/2022 3:26:08 PM,-2.68
10103,4/9/2022 3:26:12 PM,-2.01
10103,4/9/2022 3:26:16 PM,-2.22
10103,4/9/2022 3:26:20 PM,-2.23
10103,4/9/2022 3:26:24 PM,-3.35
10103,4/9/2022 3:26:28 PM,-2.68
10103,4/9/2022 3:26:32 PM,-2.68
10103,4/9/2022 3:26:36 PM,-2.68
10103,4/9/2022 3:26:40 PM,-2.46
10103,4/9/2022 3:26:44 PM,-2.44
10103,4/9/2022 3:26:48 PM,-2.68
10103,4/9/2022 3:26:52 PM,-2.22
10103,4/9/2022 3:26:56 PM,-2.68
10103,4/9/2022 3:27:00 PM,-2.00
10103,4/9/2022 3:27:04 PM,-2.22
10103,4/9/2022 3:27:08 PM,-2.68
10103,4/9/2022 3:27:12 PM,-2.68
10103,4/9/2022 3:27:16 PM,-2.52
10103,4/9/2022 3:27:20 PM,-1.99
10103,4/9/2022 3:27:24 PM,-3.35
10103,4/9/2022 3:27:28 PM,-2.93
10103,4/9/2022 3:27:32 PM,-2.44
10103,4/9/2022 3:27:36 PM,-2.00
10103,4/9/2022 3:27:40 PM,-2.22
10103,4/9/2022 3:27:44 PM,-3.13
10103,4/9/2022 3:27:48 PM,-2.00
10103,4/9/2022 3:27:52 PM,-2.46
10103,4/9/2022 3:27:56 PM,-2.44
10103,4/9/2022 3:28:00 PM,-3.36
10103,4/9/2022 3:28:04 PM,-2.22
10103,4/9/2022 3:28:08 PM,-2.23
10103,4/9/2022 3:28:12 PM,-1.99
10103,4/9/2022 3:28:16 PM,-2.90
10103,4/9/2022 3:28:20 PM,-2.91
10103,4/9/2022 3:28:24 PM,-2.00
10103,4/9/2022 3:28:28 PM,-1.99
10103,4/9/2022 3:28:32 PM,-2.44
10103,4/9/2022 3:28:36 PM,-2.68
10103,4/9/2022 3:28:40 PM,-2.68
10103,4/9/2022 3:28:44 PM,-3.13
10103,4/9/2022 3:28:48 PM,-2.68
10103,4/9/2022 3:28:52 PM,-2.22
10103,4/9/2022 3:28:56 PM,-2.68
10103,4/9/2022 3:29:00 PM,-2.68
10103,4/9/2022 3:29:04 PM,-2.68
10103,4/9/2022 3:29:08 PM,-3.13
10103,4/9/2022 3:29:12 PM,-2.69
10103,4/9/2022 3:29:16 PM,-2.68
10103,4/9/2022 3:29:20 PM,-3.13
10103,4/9/2022 3:29:24 PM,-2.00
10103,4/9/2022 3:29:28 PM,-2.90
10103,4/9/2022 3:29:32 PM,-2.47
10103,4/9/2022 3:29:36 PM,-2.67
10103,4/9/2022 3:29:40 PM,-1.99
10103,4/9/2022 3:29:44 PM,-1.99
10103,4/9/2022 3:29:48 PM,-1.99
10103,4/9/2022 3:29:52 PM,-2.44
10103,4/9/2022 3:29:56 PM,-2.92
10103,4/9/2022 3:30:00 PM,-3.36
10103,4/9/2022 3:30:04 PM,-2.22
10103,4/9/2022 3:30:08 PM,-3.13
10103,4/9/2022 3:30:12 PM,-2.69
10103,4/9/2022 3:30:16 PM,-2.21
10103,4/9/2022 3:30:20 PM,-2.68
10103,4/9/2022 3:30:24 PM,-2.68
10103,4/9/2022 3:30:28 PM,-2.46
10103,4/9/2022 3:30:32 PM,-2.44
10103,4/9/2022 3:30:36 PM,-2.68
10103,4/9/2022 3:30:40 PM,-2.68
10103,4/9/2022 3:30:44 PM,-2.23
10103,4/9/2022 3:30:48 PM,-2.67
10103,4/9/2022 3:30:52 PM,-2.68
10103,4/9/2022 3:30:56 PM,-2.23
10103,4/9/2022 3:31:00 PM,-2.67
10103,4/9/2022 3:31:04 PM,-2.43
10103,4/9/2022 3:31:08 PM,-2.92
10103,4/9/2022 3:31:12 PM,-3.35
10103,4/9/2022 3:31:16 PM,-1.99
10103,4/9/2022 3:31:20 PM,-1.99
10103,4/9/2022 3:31:24 PM,-2.67
10103,4/9/2022 3:31:28 PM,-1.99
10103,4/9/2022 3:31:32 PM,-2.77
10103,4/9/2022 3:31:36 PM,-2.01
10103,4/9/2022 3:31:40 PM,-1.99
10103,4/9/2022 3:31:44 PM,-2.44
10103,4/9/2022 3:31:48 PM,-2.68
10103,4/9/2022 3:31:52 PM,-2.21
10103,4/9/2022 3:31:56 PM,-3.12
10103,4/9/2022 3:32:00 PM,-2.01
10103,4/9/2022 3:32:04 PM,-2.68
10103,4/9/2022 3:32:08 PM,-3.58
10103,4/9/2022 3:32:12 PM,-2.70
10103,4/9/2022 3:32:16 PM,-2.21
10103,4/9/2022 3:32:20 PM,-2.68
10103,4/9/2022 3:32:24 PM,-2.68
10103,4/9/2022 3:32:28 PM,-1.99
10103,4/9/2022 3:32:32 PM,-2.44
10103,4/9/2022 3:32:36 PM,-2.68
10103,4/9/2022 3:32:40 PM,-2.68
10103,4/9/2022 3:32:44 PM,-2.68
10103,4/9/2022 3:32:48 PM,-2.68
10103,4/9/2022 3:32:52 PM,-2.68
10103,4/9/2022 3:32:56 PM,-3.13
10103,4/9/2022 3:33:00 PM,-2.68
10103,4/9/2022 3:33:04 PM,-1.99
10103,4/9/2022 3:33:08 PM,-2.44
10103,4/9/2022 3:33:12 PM,-2.00
10103,4/9/2022 3:33:16 PM,-2.44
10103,4/9/2022 3:33:20 PM,-2.91
10103,4/9/2022 3:33:24 PM,-2.68
10103,4/9/2022 3:33:28 PM,-2.21
10103,4/9/2022 3:33:32 PM,-2.68
10103,4/9/2022 3:33:36 PM,-2.68
10103,4/9/2022 3:33:40 PM,-1.99
10103,4/9/2022 3:33:44 PM,-1.99
10103,4/9/2022 3:33:48 PM,-2.67
10103,4/9/2022 3:33:52 PM,-2.68
10103,4/9/2022 3:33:56 PM,-2.68
10103,4/9/2022 3:34:00 PM,-2.00
10103,4/9/2022 3:34:04 PM,-2.92
10103,4/9/2022 3:34:08 PM,-2.44
10103,4/9/2022 3:34:12 PM,-2.68
10103,4/9/2022 3:34:16 PM,-2.46
10103,4/9/2022 3:34:20 PM,-1.99
10103,4/9/2022 3:34:24 PM,-2.67
10103,4/9/2022 3:34:28 PM,-2.90
10103,4/9/2022 3:34:32 PM,-2.91
10103,4/9/2022 3:34:36 PM,-2.00
10103,4/9/2022 3:34:40 PM,-3.15
10103,4/9/2022 3:34:44 PM,-2.68
10103,4/9/2022 3:34:48 PM,-3.36
10103,4/9/2022 3:34:52 PM,-2.68
10103,4/9/2022 3:34:56 PM,-2.23
10103,4/9/2022 3:35:00 PM,-2.67
10103,4/9/2022 3:35:04 PM,-2.90
10103,4/9/2022 3:35:08 PM,-2.92
10103,4/9/2022 3:35:12 PM,-2.00
10103,4/9/2022 3:35:16 PM,-2.92
10103,4/9/2022 3:35:20 PM,-2.44
10103,4/9/2022 3:35:24 PM,-2.00
10103,4/9/2022 3:35:28 PM,-2.93
10103,4/9/2022 3:35:32 PM,-1.59
10103,4/9/2022 3:35:36 PM,-2.66
10103,4/9/2022 3:35:40 PM,-3.14
10103,4/9/2022 3:35:44 PM,-2.68
10103,4/9/2022 3:35:48 PM,-2.68
10103,4/9/2022 3:35:52 PM,-2.46
10103,4/9/2022 3:35:56 PM,-2.89
10103,4/9/2022 3:36:00 PM,-2.00
10103,4/9/2022 3:36:04 PM,-2.22
10103,4/9/2022 3:36:08 PM,-2.68
10103,4/9/2022 3:36:12 PM,-2.00
10103,4/9/2022 3:36:16 PM,-2.22
10103,4/9/2022 3:36:20 PM,-3.13
10103,4/9/2022 3:36:24 PM,-2.68
10103,4/9/2022 3:36:28 PM,-1.75
10103,4/9/2022 3:36:32 PM,-2.23
10103,4/9/2022 3:36:36 PM,-2.68
10103,4/9/2022 3:36:40 PM,-2.68
10103,4/9/2022 3:36:44 PM,-2.23
10103,4/9/2022 3:36:48 PM,-2.60
10103,4/9/2022 3:36:52 PM,-2.23
10103,4/9/2022 3:36:56 PM,-1.76
10103,4/9/2022 3:37:00 PM,-2.67
10103,4/9/2022 3:37:04 PM,-1.99
10103,4/9/2022 3:37:08 PM,-2.89
10103,4/9/2022 3:37:12 PM,-2.69
10103,4/9/2022 3:37:16 PM,-2.68
10103,4/9/2022 3:37:20 PM,-2.23
10103,4/9/2022 3:37:24 PM,-1.99
10103,4/9/2022 3:37:28 PM,-2.90
10103,4/9/2022 3:37:32 PM,-2.91
10103,4/9/2022 3:37:36 PM,-3.36
10103,4/9/2022 3:37:40 PM,-2.68
10103,4/9/2022 3:37:44 PM,-2.23
10103,4/9/2022 3:37:48 PM,-1.31
10103,4/9/2022 3:37:52 PM,-2.46
10103,4/9/2022 3:37:56 PM,-1.99
10103,4/9/2022 3:38:00 PM,-1.99
10103,4/9/2022 3:38:04 PM,-1.99
10103,4/9/2022 3:38:08 PM,-2.45
10103,4/9/2022 3:38:12 PM,-2.00
10103,4/9/2022 3:38:16 PM,-1.77
10103,4/9/2022 3:38:20 PM,-2.21
10103,4/9/2022 3:38:24 PM,-2.68
10103,4/9/2022 3:38:28 PM,-2.43
10103,4/9/2022 3:38:32 PM,-2.46
10103,4/9/2022 3:38:36 PM,-1.99
10103,4/9/2022 3:38:40 PM,-2.21
10103,4/9/2022 3:38:44 PM,-2.23
10103,4/9/2022 3:38:48 PM,-2.67
10103,4/9/2022 3:38:52 PM,-1.99
10103,4/9/2022 3:38:56 PM,-2.44
10103,4/9/2022 3:39:00 PM,-2.00
10103,4/9/2022 3:39:04 PM,-2.21
10103,4/9/2022 3:39:08 PM,-1.78
10103,4/9/2022 3:39:12 PM,-2.66
10103,4/9/2022 3:39:16 PM,-1.99
10103,4/9/2022 3:39:20 PM,-2.44
10103,4/9/2022 3:39:24 PM,-2.68
10103,4/9/2022 3:39:28 PM,-3.14
10103,4/9/2022 3:39:32 PM,-2.26
10103,4/9/2022 3:39:36 PM,-2.67
10103,4/9/2022 3:39:40 PM,-2.20
10103,4/9/2022 3:39:44 PM,-2.68
10103,4/9/2022 3:39:48 PM,-3.36
10103,4/9/2022 3:39:52 PM,-1.99
10103,4/9/2022 3:39:56 PM,-2.89
10103,4/9/2022 3:40:00 PM,-2.00
10103,4/9/2022 3:40:04 PM,-2.46
10103,4/9/2022 3:40:08 PM,-1.99
10103,4/9/2022 3:40:12 PM,-2.67
10103,4/9/2022 3:40:16 PM,-3.14
10103,4/9/2022 3:40:20 PM,-3.13
10103,4/9/2022 3:40:24 PM,-3.36
10103,4/9/2022 3:40:28 PM,-2.68
10103,4/9/2022 3:40:32 PM,-2.68
10103,4/9/2022 3:40:36 PM,-2.68
10103,4/9/2022 3:40:40 PM,-2.46
10103,4/9/2022 3:40:44 PM,-2.44
10103,4/9/2022 3:40:48 PM,-2.68
10103,4/9/2022 3:40:52 PM,-2.46
10103,4/9/2022 3:40:56 PM,-2.89
10103,4/9/2022 3:41:00 PM,-2.68
10103,4/9/2022 3:41:04 PM,-2.68
10103,4/9/2022 3:41:08 PM,-2.68
10103,4/9/2022 3:41:12 PM,-2.00
10103,4/9/2022 3:41:16 PM,-2.46
10103,4/9/2022 3:41:20 PM,-2.44
10103,4/9/2022 3:41:24 PM,-3.36
10103,4/9/2022 3:41:28 PM,-2.21
10103,4/9/2022 3:41:32 PM,-3.10
10103,4/9/2022 3:41:36 PM,-2.01
10103,4/9/2022 3:41:40 PM,-2.21
10103,4/9/2022 3:41:44 PM,-3.13
10103,4/9/2022 3:41:48 PM,-3.36
10103,4/9/2022 3:41:52 PM,-2.68
10103,4/9/2022 3:41:56 PM,-2.23
10103,4/9/2022 3:42:00 PM,-1.99
10103,4/9/2022 3:42:04 PM,-1.99
10103,4/9/2022 3:42:08 PM,-2.89
10103,4/9/2022 3:42:12 PM,-2.69
10103,4/9/2022 3:42:16 PM,-2.68
10103,4/9/2022 3:42:20 PM,-2.68
10103,4/9/2022 3:42:24 PM,-2.68
10103,4/9/2022 3:42:28 PM,-2.46
10103,4/9/2022 3:42:32 PM,-2.44
10103,4/9/2022 3:42:36 PM,-2.68
10103,4/9/2022 3:42:40 PM,-2.68
10103,4/9/2022 3:42:44 PM,-2.68
10103,4/9/2022 3:42:48 PM,-2.00
10103,4/9/2022 3:42:52 PM,-1.99
10103,4/9/2022 3:42:56 PM,-2.44
10103,4/9/2022 3:43:00 PM,-2.68
10103,4/9/2022 3:43:04 PM,-2.46
10103,4/9/2022 3:43:08 PM,-1.99
10103,4/9/2022 3:43:12 PM,-1.99
10103,4/9/2022 3:43:16 PM,-2.90
10103,4/9/2022 3:43:20 PM,-3.36
10103,4/9/2022 3:43:24 PM,-2.01
10103,4/9/2022 3:43:28 PM,-2.43
10103,4/9/2022 3:43:32 PM,-2.47
10103,4/9/2022 3:43:36 PM,-2.67
10103,4/9/2022 3:43:40 PM,-2.46
10103,4/9/2022 3:43:44 PM,-1.99
10103,4/9/2022 3:43:48 PM,-2.67
10103,4/9/2022 3:43:52 PM,-1.99
10103,4/9/2022 3:43:56 PM,-1.99
10103,4/9/2022 3:44:00 PM,-2.67
10103,4/9/2022 3:44:04 PM,-2.68
10103,4/9/2022 3:44:08 PM,-2.68
10103,4/9/2022 3:44:12 PM,-3.35
10103,4/9/2022 3:44:16 PM,-2.21
10103,4/9/2022 3:44:20 PM,-2.23
10103,4/9/2022 3:44:24 PM,-2.67
10103,4/9/2022 3:44:28 PM,-2.24
10103,4/9/2022 3:44:32 PM,-2.66
10103,4/9/2022 3:44:36 PM,-2.68
10103,4/9/2022 3:44:40 PM,-2.68
10103,4/9/2022 3:44:44 PM,-2.68
10103,4/9/2022 3:44:48 PM,-1.32
10103,4/9/2022 3:44:52 PM,-2.68
10103,4/9/2022 3:44:56 PM,-2.23
10103,4/9/2022 3:45:00 PM,-2.67
10103,4/9/2022 3:45:04 PM,-2.68
10103,4/9/2022 3:45:08 PM,-2.68
10103,4/9/2022 3:45:12 PM,-2.68
10103,4/9/2022 3:45:16 PM,-3.36
10103,4/9/2022 3:45:20 PM,-2.92
10103,4/9/2022 3:45:24 PM,-3.36
10103,4/9/2022 3:45:28 PM,-2.21
10103,4/9/2022 3:45:32 PM,-2.23
10103,4/9/2022 3:45:36 PM,-3.35
10103,4/9/2022 3:45:40 PM,-2.46
10103,4/9/2022 3:45:44 PM,-1.99
10103,4/9/2022 3:45:48 PM,-1.99
10103,4/9/2022 3:45:52 PM,-3.14
10103,4/9/2022 3:45:56 PM,-3.12
10103,4/9/2022 3:46:00 PM,-3.36
10103,4/9/2022 3:46:04 PM,-2.92
10103,4/9/2022 3:46:08 PM,-1.99
10103,4/9/2022 3:46:12 PM,-2.67
10103,4/9/2022 3:46:16 PM,-3.14
10103,4/9/2022 3:46:20 PM,-2.23
10103,4/9/2022 3:46:24 PM,-1.99
10103,4/9/2022 3:46:28 PM,-2.68
10103,4/9/2022 3:46:32 PM,-2.68
10103,4/9/2022 3:46:36 PM,-2.00
10103,4/9/2022 3:46:40 PM,-2.93
10103,4/9/2022 3:46:44 PM,-1.99
10103,4/9/2022 3:46:48 PM,-2.67
10103,4/9/2022 3:46:52 PM,-2.90
10103,4/9/2022 3:46:56 PM,-2.92
10103,4/9/2022 3:47:00 PM,-2.68
10103,4/9/2022 3:47:04 PM,-2.46
10103,4/9/2022 3:47:08 PM,-2.88
10103,4/9/2022 3:47:12 PM,-2.69
10103,4/9/2022 3:47:16 PM,-3.15
10103,4/9/2022 3:47:20 PM,-3.12
10103,4/9/2022 3:47:24 PM,-2.69
10103,4/9/2022 3:47:28 PM,-2.21
10103,4/9/2022 3:47:32 PM,-2.68
10103,4/9/2022 3:47:36 PM,-2.68
10103,4/9/2022 3:47:40 PM,-2.21
10103,4/9/2022 3:47:44 PM,-3.13
10103,4/9/2022 3:47:48 PM,-2.69
10103,4/9/2022 3:47:52 PM,-2.21
10103,4/9/2022 3:47:56 PM,-2.68
10103,4/9/2022 3:48:00 PM,-2.00
10103,4/9/2022 3:48:04 PM,-2.46
10103,4/9/2022 3:48:08 PM,-1.99
10103,4/9/2022 3:48:12 PM,-1.99
10103,4/9/2022 3:48:16 PM,-2.21
10103,4/9/2022 3:48:20 PM,-2.23
10103,4/9/2022 3:48:24 PM,-2.68
10103,4/9/2022 3:48:28 PM,-3.15
10103,4/9/2022 3:48:32 PM,-2.68
10103,4/9/2022 3:48:36 PM,-2.68
10103,4/9/2022 3:48:40 PM,-2.68
10103,4/9/2022 3:48:44 PM,-2.23
10103,4/9/2022 3:48:48 PM,-2.67
10103,4/9/2022 3:48:52 PM,-2.68
10103,4/9/2022 3:48:56 PM,-2.68
10103,4/9/2022 3:49:00 PM,-2.00
10103,4/9/2022 3:49:04 PM,-2.92
10103,4/9/2022 3:49:08 PM,-2.44
10103,4/9/2022 3:49:12 PM,-2.68
10103,4/9/2022 3:49:16 PM,-2.22
10103,4/9/2022 3:49:20 PM,-2.68
10103,4/9/2022 3:49:24 PM,-2.68
10103,4/9/2022 3:49:28 PM,-2.43
10103,4/9/2022 3:49:32 PM,-2.91
10103,4/9/2022 3:49:36 PM,-3.36
10103,4/9/2022 3:49:40 PM,-1.99
10103,4/9/2022 3:49:44 PM,-1.99
10103,4/9/2022 3:49:48 PM,-3.36
10103,4/9/2022 3:49:52 PM,-3.14
10103,4/9/2022 3:49:56 PM,-2.68
10103,4/9/2022 3:50:00 PM,-2.68
10103,4/9/2022 3:50:04 PM,-2.68
10103,4/9/2022 3:50:08 PM,-2.23
10103,4/9/2022 3:50:12 PM,-2.67
10103,4/9/2022 3:50:16 PM,-2.68
10103,4/9/2022 3:50:20 PM,-2.68
10103,4/9/2022 3:50:24 PM,-2.68
10103,4/9/2022 3:50:28 PM,-2.68
10103,4/9/2022 3:50:32 PM,-2.68
10103,4/9/2022 3:50:36 PM,-2.68
10103,4/9/2022 3:50:40 PM,-2.90
10103,4/9/2022 3:50:44 PM,-2.91
10103,4/9/2022 3:50:48 PM,-2.00
10103,4/9/2022 3:50:52 PM,-1.76
10103,4/9/2022 3:50:56 PM,-2.68
10103,4/9/2022 3:51:00 PM,-2.68
10103,4/9/2022 3:51:04 PM,-2.22
10103,4/9/2022 3:51:08 PM,-3.13
10103,4/9/2022 3:51:12 PM,-2.69
10103,4/9/2022 3:51:16 PM,-2.46
10103,4/9/2022 3:51:20 PM,-2.44
10103,4/9/2022 3:51:24 PM,-2.00
10103,4/9/2022 3:51:28 PM,-2.68
10103,4/9/2022 3:51:32 PM,-3.13
10103,4/9/2022 3:51:36 PM,-2.68
10103,4/9/2022 3:51:40 PM,-2.68
10103,4/9/2022 3:51:44 PM,-2.23
10103,4/9/2022 3:51:48 PM,-1.31
10103,4/9/2022 3:51:52 PM,-1.99
10103,4/9/2022 3:51:56 PM,-1.99
10103,4/9/2022 3:52:00 PM,-1.99
10103,4/9/2022 3:52:04 PM,-2.90
10103,4/9/2022 3:52:08 PM,-2.91
10103,4/9/2022 3:52:12 PM,-2.68
10103,4/9/2022 3:52:16 PM,-2.68
10103,4/9/2022 3:52:20 PM,-3.13
10103,4/9/2022 3:52:24 PM,-2.68
10103,4/9/2022 3:52:28 PM,-2.92
10103,4/9/2022 3:52:32 PM,-2.44
10103,4/9/2022 3:52:36 PM,-2.68
10103,4/9/2022 3:52:40 PM,-2.68
10103,4/9/2022 3:52:44 PM,-2.68
10103,4/9/2022 3:52:48 PM,-3.36
10103,4/9/2022 3:52:52 PM,-3.14
10103,4/9/2022 3:52:56 PM,-2.68
10103,4/9/2022 3:53:00 PM,-3.36
10103,4/9/2022 3:53:04 PM,-2.68
10103,4/9/2022 3:53:08 PM,-3.13
10103,4/9/2022 3:53:12 PM,-2.01
10103,4/9/2022 3:53:16 PM,-2.90
10103,4/9/2022 3:53:20 PM,-3.36
10103,4/9/2022 3:53:24 PM,-2.68
10103,4/9/2022 3:53:28 PM,-2.46
10103,4/9/2022 3:53:32 PM,-2.44
10103,4/9/2022 3:53:36 PM,-3.36
10103,4/9/2022 3:53:40 PM,-2.68
10103,4/9/2022 3:53:44 PM,-2.68
10103,4/9/2022 3:53:48 PM,-2.68
10103,4/9/2022 3:53:52 PM,-1.99
10103,4/9/2022 3:53:56 PM,-2.44
10103,4/9/2022 3:54:00 PM,-2.68
10103,4/9/2022 3:54:04 PM,-3.14
10103,4/9/2022 3:54:08 PM,-2.68
10103,4/9/2022 3:54:12 PM,-2.68
10103,4/9/2022 3:54:16 PM,-2.21
10103,4/9/2022 3:54:20 PM,-2.68
10103,4/9/2022 3:54:24 PM,-2.68
10103,4/9/2022 3:54:28 PM,-2.21
10103,4/9/2022 3:54:32 PM,-3.13
10103,4/9/2022 3:54:36 PM,-2.68
10103,4/9/2022 3:54:40 PM,-2.90
10103,4/9/2022 3:54:44 PM,-3.36
10103,4/9/2022 3:54:48 PM,-2.00
10103,4/9/2022 3:54:52 PM,-2.45
10103,4/9/2022 3:54:56 PM,-2.44
10103,4/9/2022 3:55:00 PM,-2.00
10103,4/9/2022 3:55:04 PM,-2.68
10103,4/9/2022 3:55:08 PM,-2.68
10103,4/9/2022 3:55:12 PM,-2.00
10103,4/9/2022 3:55:16 PM,-2.46
10103,4/9/2022 3:55:20 PM,-2.44
10103,4/9/2022 3:55:24 PM,-2.68
10103,4/9/2022 3:55:28 PM,-2.46
10103,4/9/2022 3:55:32 PM,-2.44
10103,4/9/2022 3:55:36 PM,-2.00
10103,4/9/2022 3:55:40 PM,-2.46
10103,4/9/2022 3:55:44 PM,-2.89
10103,4/9/2022 3:55:48 PM,-3.36
10103,4/9/2022 3:55:52 PM,-3.18
10103,4/9/2022 3:55:56 PM,-2.68
10103,4/9/2022 3:56:00 PM,-2.68
10103,4/9/2022 3:56:04 PM,-3.12
10103,4/9/2022 3:56:08 PM,-2.70
10103,4/9/2022 3:56:12 PM,-1.99
10103,4/9/2022 3:56:16 PM,-3.14
10103,4/9/2022 3:56:20 PM,-2.68
10103,4/9/2022 3:56:24 PM,-2.00
10103,4/9/2022 3:56:28 PM,-2.68
10103,4/9/2022 3:56:32 PM,-2.68
10103,4/9/2022 3:56:36 PM,-2.00
10103,4/9/2022 3:56:40 PM,-2.21
10103,4/9/2022 3:56:44 PM,-3.13
10103,4/9/2022 3:56:48 PM,-1.33
10103,4/9/2022 3:56:52 PM,-2.68
10103,4/9/2022 3:56:56 PM,-2.23
10103,4/9/2022 3:57:00 PM,-1.99
10103,4/9/2022 3:57:04 PM,-1.53
10103,4/9/2022 3:57:08 PM,-2.44
10103,4/9/2022 3:57:12 PM,-2.01
10103,4/9/2022 3:57:16 PM,-2.21
10103,4/9/2022 3:57:20 PM,-2.68
10103,4/9/2022 3:57:24 PM,-2.00
10103,4/9/2022 3:57:28 PM,-2.65
10103,4/9/2022 3:57:32 PM,-3.15
10103,4/9/2022 3:57:36 PM,-2.00
10103,4/9/2022 3:57:40 PM,-2.68
10103,4/9/2022 3:57:44 PM,-2.68
10103,4/9/2022 3:57:48 PM,-2.68
10103,4/9/2022 3:57:52 PM,-2.68
10103,4/9/2022 3:57:56 PM,-2.23
10103,4/9/2022 3:58:00 PM,-2.67
10103,4/9/2022 3:58:04 PM,-2.68
10103,4/9/2022 3:58:08 PM,-2.23
10103,4/9/2022 3:58:12 PM,-2.67
10103,4/9/2022 3:58:16 PM,-2.68
10103,4/9/2022 3:58:20 PM,-2.23
10103,4/9/2022 3:58:24 PM,-2.67
10103,4/9/2022 3:58:28 PM,-3.14
10103,4/9/2022 3:58:32 PM,-2.23
10103,4/9/2022 3:58:36 PM,-2.67
10103,4/9/2022 3:58:40 PM,-2.43
10103,4/9/2022 3:58:44 PM,-2.92
10103,4/9/2022 3:58:48 PM,-2.00
10103,4/9/2022 3:58:52 PM,-2.46
10103,4/9/2022 3:58:56 PM,-2.44
10103,4/9/2022 3:59:00 PM,-2.68
10103,4/9/2022 3:59:04 PM,-3.14
10103,4/9/2022 3:59:08 PM,-2.68
10103,4/9/2022 3:59:12 PM,-2.68
10103,4/9/2022 3:59:16 PM,-2.90
10103,4/9/2022 3:59:20 PM,-2.47
10103,4/9/2022 3:59:24 PM,-2.67
10103,4/9/2022 3:59:28 PM,-1.99
10103,4/9/2022 3:59:32 PM,-2.44
10103,4/9/2022 3:59:36 PM,-2.68
10103,4/9/2022 3:59:40 PM,-2.46
10103,4/9/2022 3:59:44 PM,-2.83
10103,4/9/2022 3:59:48 PM,-2.69
10103,4/9/2022 3:59:52 PM,-2.46
10103,4/9/2022 3:59:56 PM,-2.44
10103,4/9/2022 4:00:00 PM,-2.68
10103,4/9/2022 4:00:04 PM,-2.68
10103,4/9/2022 4:00:08 PM,-2.68
10103,4/9/2022 4:00:12 PM,-2.00
10103,4/9/2022 4:00:16 PM,-2.68
10103,4/9/2022 4:00:20 PM,-2.68
10103,4/9/2022 4:00:24 PM,-2.00
10103,4/9/2022 4:00:28 PM,-2.21
10103,4/9/2022 4:00:32 PM,-2.68
10103,4/9/2022 4:00:36 PM,-2.68
10103,4/9/2022 4:00:40 PM,-2.46
10103,4/9/2022 4:00:44 PM,-1.99
10103,4/9/2022 4:00:48 PM,-2.67
10103,4/9/2022 4:00:52 PM,-2.68
10103,4/9/2022 4:00:56 PM,-2.68
10103,4/9/2022 4:01:00 PM,-3.36
10103,4/9/2022 4:01:04 PM,-3.15
10103,4/9/2022 4:01:08 PM,-3.12
10103,4/9/2022 4:01:12 PM,-2.01
10103,4/9/2022 4:01:16 PM,-2.68
10103,4/9/2022 4:01:20 PM,-2.68
10103,4/9/2022 4:01:24 PM,-3.36
10103,4/9/2022 4:01:28 PM,-2.68
10103,4/9/2022 4:01:32 PM,-2.68
10103,4/9/2022 4:01:36 PM,-2.00
10103,4/9/2022 4:01:40 PM,-2.68
10103,4/9/2022 4:01:44 PM,-2.68
10103,4/9/2022 4:01:48 PM,-2.68
10103,4/9/2022 4:01:52 PM,-2.22
10103,4/9/2022 4:01:56 PM,-2.68
10103,4/9/2022 4:02:00 PM,-2.00
10103,4/9/2022 4:02:04 PM,-2.51
10103,4/9/2022 4:02:08 PM,-1.99
10103,4/9/2022 4:02:12 PM,-2.67
10103,4/9/2022 4:02:16 PM,-2.22
10103,4/9/2022 4:02:20 PM,-3.13
10103,4/9/2022 4:02:24 PM,-2.00
10103,4/9/2022 4:02:28 PM,-2.90
10103,4/9/2022 4:02:32 PM,-2.91
10103,4/9/2022 4:02:36 PM,-2.68
10103,4/9/2022 4:02:40 PM,-3.36
10103,4/9/2022 4:02:44 PM,-2.91
10103,4/9/2022 4:02:48 PM,-2.00
10103,4/9/2022 4:02:52 PM,-2.46
10103,4/9/2022 4:02:56 PM,-2.44
10103,4/9/2022 4:03:00 PM,-3.36
10103,4/9/2022 4:03:04 PM,-2.68
10103,4/9/2022 4:03:08 PM,-2.23
10103,4/9/2022 4:03:12 PM,-1.99
10103,4/9/2022 4:03:16 PM,-2.22
10103,4/9/2022 4:03:20 PM,-1.78
10103,4/9/2022 4:03:24 PM,-2.67
10103,4/9/2022 4:03:28 PM,-2.68
10103,4/9/2022 4:03:32 PM,-2.68
10103,4/9/2022 4:03:36 PM,-3.36
10103,4/9/2022 4:03:40 PM,-2.22
10103,4/9/2022 4:03:44 PM,-2.68
10103,4/9/2022 4:03:48 PM,-3.36
10103,4/9/2022 4:03:52 PM,-2.46
10103,4/9/2022 4:03:56 PM,-2.89
10103,4/9/2022 4:04:00 PM,-2.68
10103,4/9/2022 4:04:04 PM,-2.46
10103,4/9/2022 4:04:08 PM,-1.99
10103,4/9/2022 4:04:12 PM,-2.67
10103,4/9/2022 4:04:16 PM,-2.90
10103,4/9/2022 4:04:20 PM,-2.91
10103,4/9/2022 4:04:24 PM,-2.00
10103,4/9/2022 4:04:28 PM,-2.46
10103,4/9/2022 4:04:32 PM,-1.99
10103,4/9/2022 4:04:36 PM,-2.67
10103,4/9/2022 4:04:40 PM,-3.14
10103,4/9/2022 4:04:44 PM,-3.13
10103,4/9/2022 4:04:48 PM,-2.68
10103,4/9/2022 4:04:52 PM,-3.14
10103,4/9/2022 4:04:56 PM,-3.13
10103,4/9/2022 4:05:00 PM,-2.00
10103,4/9/2022 4:05:04 PM,-2.22
10103,4/9/2022 4:05:08 PM,-2.23
10103,4/9/2022 4:05:12 PM,-2.67
10103,4/9/2022 4:05:16 PM,-2.22
10103,4/9/2022 4:05:20 PM,-2.23
10103,4/9/2022 4:05:24 PM,-4.03
10103,4/9/2022 4:05:28 PM,-1.99
10103,4/9/2022 4:05:32 PM,-2.44
10103,4/9/2022 4:05:36 PM,-2.00
10103,4/9/2022 4:05:40 PM,-3.38
10103,4/9/2022 4:05:44 PM,-2.89
10103,4/9/2022 4:05:48 PM,-2.00
10103,4/9/2022 4:05:52 PM,-2.90
10103,4/9/2022 4:05:56 PM,-2.92
10103,4/9/2022 4:06:00 PM,-2.68
10103,4/9/2022 4:06:04 PM,-2.68
10103,4/9/2022 4:06:08 PM,-3.07
10103,4/9/2022 4:06:12 PM,-3.36
10103,4/9/2022 4:06:16 PM,-1.99
10103,4/9/2022 4:06:20 PM,-1.99
10103,4/9/2022 4:06:24 PM,-3.35
10103,4/9/2022 4:06:28 PM,-2.43
10103,4/9/2022 4:06:32 PM,-2.46
10103,4/9/2022 4:06:36 PM,-2.67
10103,4/9/2022 4:06:40 PM,-2.90
10103,4/9/2022 4:06:44 PM,-3.36
10103,4/9/2022 4:06:48 PM,-2.68
10103,4/9/2022 4:06:52 PM,-3.39
10103,4/9/2022 4:06:56 PM,-2.44
10103,4/9/2022 4:07:00 PM,-2.68
10103,4/9/2022 4:07:04 PM,-1.99
10103,4/9/2022 4:07:08 PM,-2.44
10103,4/9/2022 4:07:12 PM,-2.00
10103,4/9/2022 4:07:16 PM,-2.68
10103,4/9/2022 4:07:20 PM,-2.68
10103,4/9/2022 4:07:24 PM,-2.68
10103,4/9/2022 4:07:28 PM,-3.14
10103,4/9/2022 4:07:32 PM,-2.68
10103,4/9/2022 4:07:36 PM,-2.68
10103,4/9/2022 4:07:40 PM,-2.21
10103,4/9/2022 4:07:44 PM,-2.68
10103,4/9/2022 4:07:48 PM,-2.68
10103,4/9/2022 4:07:52 PM,-3.14
10103,4/9/2022 4:07:56 PM,-3.13
10103,4/9/2022 4:08:00 PM,-2.68
10103,4/9/2022 4:08:04 PM,-3.14
10103,4/9/2022 4:08:08 PM,-2.68
10103,4/9/2022 4:08:12 PM,-3.35
10103,4/9/2022 4:08:16 PM,-2.68
10103,4/9/2022 4:08:20 PM,-2.23
10103,4/9/2022 4:08:24 PM,-2.67
10103,4/9/2022 4:08:28 PM,-2.46
10103,4/9/2022 4:08:32 PM,-2.44
10103,4/9/2022 4:08:36 PM,-2.68
10103,4/9/2022 4:08:40 PM,-3.61
10103,4/9/2022 4:08:44 PM,-2.68
10103,4/9/2022 4:08:48 PM,-3.36
10103,4/9/2022 4:08:52 PM,-2.46
10103,4/9/2022 4:08:56 PM,-2.44
10103,4/9/2022 4:09:00 PM,-2.00
10103,4/9/2022 4:09:04 PM,-2.21
10103,4/9/2022 4:09:08 PM,-2.68
10103,4/9/2022 4:09:12 PM,-2.68
10103,4/9/2022 4:09:16 PM,-2.68
10103,4/9/2022 4:09:20 PM,-2.68
10103,4/9/2022 4:09:24 PM,-2.68
10103,4/9/2022 4:09:28 PM,-3.36
10103,4/9/2022 4:09:32 PM,-2.47
10103,4/9/2022 4:09:36 PM,-2.67
10103,4/9/2022 4:09:40 PM,-2.43
10103,4/9/2022 4:09:44 PM,-2.91
10103,4/9/2022 4:09:48 PM,-2.68
10103,4/9/2022 4:09:52 PM,-2.68
10103,4/9/2022 4:09:56 PM,-2.68
10103,4/9/2022 4:10:00 PM,-2.68
10103,4/9/2022 4:10:04 PM,-1.99
10103,4/9/2022 4:10:08 PM,-2.44
10103,4/9/2022 4:10:12 PM,-2.00
10103,4/9/2022 4:10:16 PM,-2.68
10103,4/9/2022 4:10:20 PM,-2.68
10103,4/9/2022 4:10:24 PM,-2.68
10103,4/9/2022 4:10:28 PM,-2.68
10103,4/9/2022 4:10:32 PM,-3.12
10103,4/9/2022 4:10:36 PM,-2.69
10103,4/9/2022 4:10:40 PM,-2.43
10103,4/9/2022 4:10:44 PM,-2.92
10103,4/9/2022 4:10:48 PM,-2.68
10103,4/9/2022 4:10:52 PM,-2.68
10103,4/9/2022 4:10:56 PM,-2.68
10103,4/9/2022 4:11:00 PM,-2.68
10103,4/9/2022 4:11:04 PM,-2.68
10103,4/9/2022 4:11:08 PM,-2.68
10103,4/9/2022 4:11:12 PM,-2.68
10103,4/9/2022 4:11:16 PM,-3.36
10103,4/9/2022 4:11:20 PM,-2.91
10103,4/9/2022 4:11:24 PM,-2.07
10103,4/9/2022 4:11:28 PM,-2.68
10103,4/9/2022 4:11:32 PM,-2.68
10103,4/9/2022 4:11:36 PM,-2.68
10103,4/9/2022 4:11:40 PM,-2.43
10103,4/9/2022 4:11:44 PM,-2.92
10103,4/9/2022 4:11:48 PM,-2.68
10103,4/9/2022 4:11:52 PM,-2.68
10103,4/9/2022 4:11:56 PM,-2.68
10103,4/9/2022 4:12:00 PM,-2.68
10103,4/9/2022 4:12:04 PM,-1.53
10103,4/9/2022 4:12:08 PM,-2.89
10103,4/9/2022 4:12:12 PM,-2.69
10103,4/9/2022 4:12:16 PM,-2.90
10103,4/9/2022 4:12:20 PM,-2.92
10103,4/9/2022 4:12:24 PM,-2.68
10103,4/9/2022 4:12:28 PM,-3.14
10103,4/9/2022 4:12:32 PM,-3.13
10103,4/9/2022 4:12:36 PM,-2.01
10103,4/9/2022 4:12:40 PM,-2.68
10103,4/9/2022 4:12:44 PM,-2.68
10103,4/9/2022 4:12:48 PM,-2.68
10103,4/9/2022 4:12:52 PM,-2.68
10103,4/9/2022 4:12:56 PM,-2.23
10103,4/9/2022 4:13:00 PM,-2.67
10103,4/9/2022 4:13:04 PM,-2.21
10103,4/9/2022 4:13:08 PM,-2.68
10103,4/9/2022 4:13:12 PM,-2.68
10103,4/9/2022 4:13:16 PM,-3.14
10103,4/9/2022 4:13:20 PM,-2.68
10103,4/9/2022 4:13:24 PM,-2.68
10103,4/9/2022 4:13:28 PM,-2.68
10103,4/9/2022 4:13:32 PM,-3.13
10103,4/9/2022 4:13:36 PM,-2.69
10103,4/9/2022 4:13:40 PM,-2.46
10103,4/9/2022 4:13:44 PM,-2.89
10103,4/9/2022 4:13:48 PM,-2.69
10103,4/9/2022 4:13:52 PM,-2.46
10103,4/9/2022 4:13:56 PM,-2.44
10103,4/9/2022 4:14:00 PM,-2.68
10103,4/9/2022 4:14:04 PM,-2.68
10103,4/9/2022 4:14:08 PM,-2.23
10103,4/9/2022 4:14:12 PM,-2.67
10103,4/9/2022 4:14:16 PM,-2.68
10103,4/9/2022 4:14:20 PM,-2.68
10103,4/9/2022 4:14:24 PM,-2.68
10103,4/9/2022 4:14:28 PM,-2.90
10103,4/9/2022 4:14:32 PM,-2.92
10103,4/9/2022 4:14:36 PM,-2.68
10103,4/9/2022 4:14:40 PM,-2.68
10103,4/9/2022 4:14:44 PM,-2.68
10103,4/9/2022 4:14:48 PM,-2.68
10103,4/9/2022 4:14:52 PM,-2.92
10103,4/9/2022 4:14:56 PM,-1.99
10103,4/9/2022 4:15:00 PM,-2.68
10103,4/9/2022 4:15:04 PM,-2.22
10103,4/9/2022 4:15:08 PM,-2.23
10103,4/9/2022 4:15:12 PM,-2.67
10103,4/9/2022 4:15:16 PM,-2.90
10103,4/9/2022 4:15:20 PM,-2.91
10103,4/9/2022 4:15:24 PM,-2.68
10103,4/9/2022 4:15:28 PM,-2.68
10103,4/9/2022 4:15:32 PM,-2.28
10103,4/9/2022 4:15:36 PM,-2.67
10103,4/9/2022 4:15:40 PM,-2.90
10103,4/9/2022 4:15:44 PM,-2.91
10103,4/9/2022 4:15:48 PM,-2.68
10103,4/9/2022 4:15:52 PM,-3.36
10103,4/9/2022 4:15:56 PM,-2.92
10103,4/9/2022 4:16:00 PM,-2.68
10103,4/9/2022 4:16:04 PM,-2.46
10103,4/9/2022 4:16:08 PM,-2.45
10103,4/9/2022 4:16:12 PM,-3.36
10103,4/9/2022 4:16:16 PM,-1.99
10103,4/9/2022 4:16:20 PM,-2.89
10103,4/9/2022 4:16:24 PM,-2.68
10103,4/9/2022 4:16:28 PM,-3.36
10103,4/9/2022 4:16:32 PM,-2.91
10103,4/9/2022 4:16:36 PM,-2.68
10103,4/9/2022 4:16:40 PM,-2.90
10103,4/9/2022 4:16:44 PM,-2.91
10103,4/9/2022 4:16:48 PM,-2.68
10103,4/9/2022 4:16:52 PM,-2.90
10103,4/9/2022 4:16:56 PM,-2.91
10103,4/9/2022 4:17:00 PM,-3.36
10103,4/9/2022 4:17:04 PM,-2.68
10103,4/9/2022 4:17:08 PM,-2.23
10103,4/9/2022 4:17:12 PM,-2.67
10103,4/9/2022 4:17:16 PM,-2.68
10103,4/9/2022 4:17:20 PM,-2.68
10103,4/9/2022 4:17:24 PM,-2.68
10103,4/9/2022 4:17:28 PM,-2.90
10103,4/9/2022 4:17:32 PM,-2.91
10103,4/9/2022 4:17:36 PM,-2.68
10103,4/9/2022 4:17:40 PM,-2.22
10103,4/9/2022 4:17:44 PM,-2.68
10103,4/9/2022 4:17:48 PM,-2.68
10103,4/9/2022 4:17:52 PM,-2.68
10103,4/9/2022 4:17:56 PM,-3.13
10103,4/9/2022 4:18:00 PM,-2.69
10103,4/9/2022 4:18:04 PM,-2.90
10103,4/9/2022 4:18:08 PM,-2.91
10103,4/9/2022 4:18:12 PM,-2.68
10103,4/9/2022 4:18:16 PM,-2.46
10103,4/9/2022 4:18:20 PM,-1.99
10103,4/9/2022 4:18:24 PM,-2.67
10103,4/9/2022 4:18:28 PM,-1.99
10103,4/9/2022 4:18:32 PM,-2.44
10103,4/9/2022 4:18:36 PM,-2.68
10103,4/9/2022 4:18:40 PM,-2.46
10103,4/9/2022 4:18:44 PM,-2.44
10103,4/9/2022 4:18:48 PM,-2.68
10103,4/9/2022 4:18:52 PM,-2.68
10103,4/9/2022 4:18:56 PM,-2.68
10103,4/9/2022 4:19:00 PM,-2.00
10103,4/9/2022 4:19:04 PM,-3.14
10103,4/9/2022 4:19:08 PM,-2.23
10103,4/9/2022 4:19:12 PM,-1.99
10103,4/9/2022 4:19:16 PM,-2.90
10103,4/9/2022 4:19:20 PM,-2.91
10103,4/9/2022 4:19:24 PM,-3.36
10103,4/9/2022 4:19:28 PM,-2.68
10103,4/9/2022 4:19:32 PM,-2.68
10103,4/9/2022 4:19:36 PM,-2.68
10103,4/9/2022 4:19:40 PM,-2.68
10103,4/9/2022 4:19:44 PM,-2.68
10103,4/9/2022 4:19:48 PM,-3.36
10103,4/9/2022 4:19:52 PM,-2.46
10103,4/9/2022 4:19:56 PM,-2.44
10103,4/9/2022 4:20:00 PM,-2.00
10103,4/9/2022 4:20:04 PM,-2.68
10103,4/9/2022 4:20:08 PM,-2.68
10103,4/9/2022 4:20:12 PM,-2.00
10103,4/9/2022 4:20:16 PM,-2.44
10103,4/9/2022 4:20:20 PM,-2.91
10103,4/9/2022 4:20:24 PM,-2.68
10103,4/9/2022 4:20:28 PM,-2.46
10103,4/9/2022 4:20:32 PM,-2.44
10103,4/9/2022 4:20:36 PM,-2.68
10103,4/9/2022 4:20:40 PM,-1.99
10103,4/9/2022 4:20:44 PM,-2.44
10103,4/9/2022 4:20:48 PM,-2.00
10103,4/9/2022 4:20:52 PM,-2.44
10103,4/9/2022 4:20:56 PM,-2.92
10103,4/9/2022 4:21:00 PM,-2.68
10103,4/9/2022 4:21:04 PM,-2.21
10103,4/9/2022 4:21:08 PM,-2.23
10103,4/9/2022 4:21:12 PM,-1.99
10103,4/9/2022 4:21:16 PM,-2.44
10103,4/9/2022 4:21:20 PM,-2.91
10103,4/9/2022 4:21:24 PM,-2.68
10103,4/9/2022 4:21:28 PM,-2.43
10103,4/9/2022 4:21:32 PM,-3.36
10103,4/9/2022 4:21:36 PM,-2.01
10103,4/9/2022 4:21:40 PM,-2.68
10103,4/9/2022 4:21:44 PM,-2.68
10103,4/9/2022 4:21:48 PM,-3.36
10103,4/9/2022 4:21:52 PM,-2.46
10103,4/9/2022 4:21:56 PM,-2.89
10103,4/9/2022 4:22:00 PM,-2.01
10103,4/9/2022 4:22:04 PM,-2.90
10103,4/9/2022 4:22:08 PM,-2.46
10103,4/9/2022 4:22:12 PM,-3.35
10103,4/9/2022 4:22:16 PM,-1.99
10103,4/9/2022 4:22:20 PM,-2.44
10103,4/9/2022 4:22:24 PM,-2.00
10103,4/9/2022 4:22:28 PM,-2.68
10103,4/9/2022 4:22:32 PM,-2.68
10103,4/9/2022 4:22:36 PM,-2.68
10103,4/9/2022 4:22:40 PM,-2.68
10103,4/9/2022 4:22:44 PM,-2.68
10103,4/9/2022 4:22:48 PM,-2.68
10103,4/9/2022 4:22:52 PM,-3.14
10103,4/9/2022 4:22:56 PM,-3.13
10103,4/9/2022 4:23:00 PM,-2.01
10103,4/9/2022 4:23:04 PM,-2.90
10103,4/9/2022 4:23:08 PM,-2.47
10103,4/9/2022 4:23:12 PM,-3.34
10103,4/9/2022 4:23:16 PM,-2.68
10103,4/9/2022 4:23:20 PM,-3.13
10103,4/9/2022 4:23:24 PM,-2.01
10103,4/9/2022 4:23:28 PM,-2.94
10103,4/9/2022 4:23:32 PM,-2.87
10103,4/9/2022 4:23:36 PM,-3.36
10103,4/9/2022 4:23:40 PM,-2.68
10103,4/9/2022 4:23:44 PM,-2.68
10103,4/9/2022 4:23:48 PM,-2.68
10103,4/9/2022 4:23:52 PM,-2.90
10103,4/9/2022 4:23:56 PM,-2.92
10103,4/9/2022 4:24:00 PM,-2.68
10103,4/9/2022 4:24:04 PM,-2.92
10103,4/9/2022 4:24:08 PM,-2.44
10103,4/9/2022 4:24:12 PM,-2.68
10103,4/9/2022 4:24:16 PM,-3.36
10103,4/9/2022 4:24:20 PM,-3.36
10103,4/9/2022 4:24:24 PM,-2.68
10103,4/9/2022 4:24:28 PM,-2.68
10103,4/9/2022 4:24:32 PM,-3.13
10103,4/9/2022 4:24:36 PM,-2.01
10103,4/9/2022 4:24:40 PM,-2.89
10103,4/9/2022 4:24:44 PM,-2.93
10103,4/9/2022 4:24:48 PM,-2.68
10103,4/9/2022 4:24:52 PM,-3.14
10103,4/9/2022 4:24:56 PM,-2.23
10103,4/9/2022 4:25:00 PM,-3.35
10103,4/9/2022 4:25:04 PM,-3.14
10103,4/9/2022 4:25:08 PM,-3.13
10103,4/9/2022 4:25:12 PM,-2.69
10103,4/9/2022 4:25:16 PM,-2.46
10103,4/9/2022 4:25:20 PM,-2.44
10103,4/9/2022 4:25:24 PM,-3.36
10103,4/9/2022 4:25:28 PM,-2.68
10103,4/9/2022 4:25:32 PM,-2.68
10103,4/9/2022 4:25:36 PM,-2.00
10103,4/9/2022 4:25:40 PM,-2.21
10103,4/9/2022 4:25:44 PM,-3.13
10103,4/9/2022 4:25:48 PM,-2.01
10103,4/9/2022 4:25:52 PM,-3.15
10103,4/9/2022 4:25:56 PM,-2.68
10103,4/9/2022 4:26:00 PM,-2.00
10103,4/9/2022 4:26:04 PM,-2.68
10103,4/9/2022 4:26:08 PM,-2.68
10103,4/9/2022 4:26:12 PM,-3.35
10103,4/9/2022 4:26:16 PM,-3.14
10103,4/9/2022 4:26:20 PM,-2.68
10103,4/9/2022 4:26:24 PM,-2.68
10103,4/9/2022 4:26:28 PM,-2.68
10103,4/9/2022 4:26:32 PM,-2.68
10103,4/9/2022 4:26:36 PM,-3.35
10103,4/9/2022 4:26:40 PM,-3.15
10103,4/9/2022 4:26:44 PM,-2.68
10103,4/9/2022 4:26:48 PM,-2.68
10103,4/9/2022 4:26:52 PM,-3.17
10103,4/9/2022 4:26:56 PM,-2.20
10103,4/9/2022 4:27:00 PM,-2.68
10103,4/9/2022 4:27:04 PM,-2.68
10103,4/9/2022 4:27:08 PM,-2.23
10103,4/9/2022 4:27:12 PM,-1.99
10103,4/9/2022 4:27:16 PM,-2.68
10103,4/9/2022 4:27:20 PM,-3.13
10103,4/9/2022 4:27:24 PM,-2.00
10103,4/9/2022 4:27:28 PM,-2.68
10103,4/9/2022 4:27:32 PM,-2.68
10103,4/9/2022 4:27:36 PM,-2.68
10103,4/9/2022 4:27:40 PM,-3.14
10103,4/9/2022 4:27:44 PM,-3.12
10103,4/9/2022 4:27:48 PM,-3.36
10103,4/9/2022 4:27:52 PM,-2.44
10103,4/9/2022 4:27:56 PM,-3.36
10103,4/9/2022 4:28:00 PM,-2.68
10103,4/9/2022 4:28:04 PM,-2.68
10103,4/9/2022 4:28:08 PM,-2.68
10103,4/9/2022 4:28:12 PM,-3.36
10103,4/9/2022 4:28:16 PM,-2.68
10103,4/9/2022 4:28:20 PM,-3.45
10103,4/9/2022 4:28:24 PM,-2.69
10103,4/9/2022 4:28:28 PM,-2.90
10103,4/9/2022 4:28:32 PM,-2.91
10103,4/9/2022 4:28:36 PM,-2.68
10103,4/9/2022 4:28:40 PM,-2.21
10103,4/9/2022 4:28:44 PM,-3.13
10103,4/9/2022 4:28:48 PM,-2.68
10103,4/9/2022 4:28:52 PM,-2.68
10103,4/9/2022 4:28:56 PM,-2.68
10103,4/9/2022 4:29:00 PM,-2.68
10103,4/9/2022 4:29:04 PM,-3.14
10103,4/9/2022 4:29:08 PM,-3.13
10103,4/9/2022 4:29:12 PM,-3.36
10103,4/9/2022 4:29:16 PM,-3.36
10103,4/9/2022 4:29:20 PM,-2.96
10103,4/9/2022 4:29:24 PM,-2.68
10103,4/9/2022 4:29:28 PM,-2.68
10103,4/9/2022 4:29:32 PM,-2.23
10103,4/9/2022 4:29:36 PM,-2.67
10103,4/9/2022 4:29:40 PM,-3.14
10103,4/9/2022 4:29:44 PM,-3.13
10103,4/9/2022 4:29:48 PM,-4.04
10103,4/9/2022 4:29:52 PM,-2.90
10103,4/9/2022 4:29:56 PM,-2.92
10103,4/9/2022 4:30:00 PM,-2.68
10103,4/9/2022 4:30:04 PM,-2.46
10103,4/9/2022 4:30:08 PM,-2.44
10103,4/9/2022 4:30:12 PM,-3.36
10103,4/9/2022 4:30:16 PM,-2.68
10103,4/9/2022 4:30:20 PM,-3.12
10103,4/9/2022 4:30:24 PM,-2.68
10103,4/9/2022 4:30:28 PM,-3.58
10103,4/9/2022 4:30:32 PM,-2.70
10103,4/9/2022 4:30:36 PM,-2.67
10103,4/9/2022 4:30:40 PM,-2.90
10103,4/9/2022 4:30:44 PM,-2.92
10103,4/9/2022 4:30:48 PM,-2.00
10103,4/9/2022 4:30:52 PM,-3.61
10103,4/9/2022 4:30:56 PM,-2.68
10103,4/9/2022 4:31:00 PM,-3.36
10103,4/9/2022 4:31:04 PM,-3.36
10103,4/9/2022 4:31:08 PM,-2.92
10103,4/9/2022 4:31:12 PM,-2.68
10103,4/9/2022 4:31:16 PM,-3.60
10103,4/9/2022 4:31:20 PM,-2.68
10103,4/9/2022 4:31:24 PM,-2.00
10103,4/9/2022 4:31:28 PM,-2.90
10103,4/9/2022 4:31:32 PM,-2.47
10103,4/9/2022 4:31:36 PM,-2.67
10103,4/9/2022 4:31:40 PM,-2.68
10103,4/9/2022 4:31:44 PM,-2.28
10103,4/9/2022 4:31:48 PM,-2.67
10103,4/9/2022 4:31:52 PM,-2.68
10103,4/9/2022 4:31:56 PM,-3.13
10103,4/9/2022 4:32:00 PM,-2.71
10103,4/9/2022 4:32:04 PM,-2.90
10103,4/9/2022 4:32:08 PM,-2.91
10103,4/9/2022 4:32:12 PM,-2.68
10103,4/9/2022 4:32:16 PM,-2.68
10103,4/9/2022 4:32:20 PM,-2.68
10103,4/9/2022 4:32:24 PM,-2.68
10103,4/9/2022 4:32:28 PM,-2.90
10103,4/9/2022 4:32:32 PM,-3.36
10103,4/9/2022 4:32:36 PM,-2.68
10103,4/9/2022 4:32:40 PM,-2.68
10103,4/9/2022 4:32:44 PM,-2.68
10103,4/9/2022 4:32:48 PM,-2.68
10103,4/9/2022 4:32:52 PM,-2.68
10103,4/9/2022 4:32:56 PM,-3.13
10103,4/9/2022 4:33:00 PM,-3.36
10103,4/9/2022 4:33:04 PM,-2.68
10103,4/9/2022 4:33:08 PM,-2.68
10103,4/9/2022 4:33:12 PM,-4.02
10103,4/9/2022 4:33:16 PM,-3.59
10103,4/9/2022 4:33:20 PM,-2.70
10103,4/9/2022 4:33:24 PM,-2.67
10103,4/9/2022 4:33:28 PM,-2.24
10103,4/9/2022 4:33:32 PM,-2.66
10103,4/9/2022 4:33:36 PM,-3.36
10103,4/9/2022 4:33:40 PM,-2.68
10103,4/9/2022 4:33:44 PM,-2.68
10103,4/9/2022 4:33:48 PM,-2.68
10103,4/9/2022 4:33:52 PM,-2.46
10103,4/9/2022 4:33:56 PM,-2.44
10103,4/9/2022 4:34:00 PM,-2.68
10103,4/9/2022 4:34:04 PM,-3.36
10103,4/9/2022 4:34:08 PM,-2.46
10103,4/9/2022 4:34:12 PM,-3.35
10103,4/9/2022 4:34:16 PM,-2.21
10103,4/9/2022 4:34:20 PM,-2.68
10103,4/9/2022 4:34:24 PM,-2.00
10103,4/9/2022 4:34:28 PM,-2.21
10103,4/9/2022 4:34:32 PM,-2.68
10103,4/9/2022 4:34:36 PM,-2.68
10103,4/9/2022 4:34:40 PM,-2.86
10103,4/9/2022 4:34:44 PM,-2.59
10103,4/9/2022 4:34:48 PM,-1.99
10103,4/9/2022 4:34:52 PM,-2.90
10103,4/9/2022 4:34:56 PM,-2.92
10103,4/9/2022 4:35:00 PM,-2.68
10103,4/9/2022 4:35:04 PM,-2.21
10103,4/9/2022 4:35:08 PM,-2.68
10103,4/9/2022 4:35:12 PM,-2.68
10103,4/9/2022 4:35:16 PM,-2.22
10103,4/9/2022 4:35:20 PM,-2.23
10103,4/9/2022 4:35:24 PM,-4.03
10103,4/9/2022 4:35:28 PM,-2.68
10103,4/9/2022 4:35:32 PM,-2.23
10103,4/9/2022 4:35:36 PM,-4.03
10103,4/9/2022 4:35:40 PM,-2.68
10103,4/9/2022 4:35:44 PM,-2.68
10103,4/9/2022 4:35:48 PM,-3.36
10103,4/9/2022 4:35:52 PM,-3.14
10103,4/9/2022 4:35:56 PM,-2.68
10103,4/9/2022 4:36:00 PM,-2.68
10103,4/9/2022 4:36:04 PM,-1.99
10103,4/9/2022 4:36:08 PM,-2.44
10103,4/9/2022 4:36:12 PM,-2.01
10103,4/9/2022 4:36:16 PM,-2.21
10103,4/9/2022 4:36:20 PM,-2.68
10103,4/9/2022 4:36:24 PM,-2.68
10103,4/9/2022 4:36:28 PM,-2.56
10103,4/9/2022 4:36:32 PM,-1.99
10103,4/9/2022 4:36:36 PM,-2.66
10103,4/9/2022 4:36:40 PM,-2.68
10103,4/9/2022 4:36:44 PM,-2.68
10103,4/9/2022 4:36:48 PM,-3.36
10103,4/9/2022 4:36:52 PM,-2.22
10103,4/9/2022 4:36:56 PM,-2.23
10103,4/9/2022 4:37:00 PM,-2.67
10103,4/9/2022 4:37:04 PM,-2.90
10103,4/9/2022 4:37:08 PM,-2.92
10103,4/9/2022 4:37:12 PM,-2.01
10103,4/9/2022 4:37:16 PM,-2.68
10103,4/9/2022 4:37:20 PM,-2.23
10103,4/9/2022 4:37:24 PM,-2.67
10103,4/9/2022 4:37:28 PM,-2.90
10103,4/9/2022 4:37:32 PM,-2.47
10103,4/9/2022 4:37:36 PM,-3.35
10103,4/9/2022 4:37:40 PM,-2.90
10103,4/9/2022 4:37:44 PM,-2.92
10103,4/9/2022 4:37:48 PM,-2.68
10103,4/9/2022 4:37:52 PM,-2.90
10103,4/9/2022 4:37:56 PM,-2.92
10103,4/9/2022 4:38:00 PM,-2.00
10103,4/9/2022 4:38:04 PM,-2.68
10103,4/9/2022 4:38:08 PM,-3.12
10103,4/9/2022 4:38:12 PM,-2.69
10103,4/9/2022 4:38:16 PM,-3.36
10103,4/9/2022 4:38:20 PM,-2.92
10103,4/9/2022 4:38:24 PM,-2.68
10103,4/9/2022 4:38:28 PM,-2.90
10103,4/9/2022 4:38:32 PM,-2.47
10103,4/9/2022 4:38:36 PM,-1.99
10103,4/9/2022 4:38:40 PM,-2.68
10103,4/9/2022 4:38:44 PM,-2.68
10103,4/9/2022 4:38:48 PM,-2.00
10103,4/9/2022 4:38:52 PM,-2.68
10103,4/9/2022 4:38:56 PM,-2.68
10103,4/9/2022 4:39:00 PM,-2.68
10103,4/9/2022 4:39:04 PM,-2.90
10103,4/9/2022 4:39:08 PM,-2.94
10103,4/9/2022 4:39:12 PM,-2.68
10103,4/9/2022 4:39:16 PM,-2.90
10103,4/9/2022 4:39:20 PM,-3.81
10103,4/9/2022 4:39:24 PM,-2.69
10103,4/9/2022 4:39:28 PM,-3.15
10103,4/9/2022 4:39:32 PM,-3.13
10103,4/9/2022 4:39:36 PM,-2.01
10103,4/9/2022 4:39:40 PM,-2.68
10103,4/9/2022 4:39:44 PM,-2.68
10103,4/9/2022 4:39:48 PM,-2.68
10103,4/9/2022 4:39:52 PM,-2.90
10103,4/9/2022 4:39:56 PM,-2.47
10103,4/9/2022 4:40:00 PM,-1.99
10103,4/9/2022 4:40:04 PM,-2.90
10103,4/9/2022 4:40:08 PM,-2.91
10103,4/9/2022 4:40:12 PM,-2.68
10103,4/9/2022 4:40:16 PM,-2.68
10103,4/9/2022 4:40:20 PM,-2.68
10103,4/9/2022 4:40:24 PM,-2.68
10103,4/9/2022 4:40:28 PM,-2.68
10103,4/9/2022 4:40:32 PM,-3.13
10103,4/9/2022 4:40:36 PM,-3.36
10103,4/9/2022 4:40:40 PM,-2.68
10103,4/9/2022 4:40:44 PM,-2.68
10103,4/9/2022 4:40:48 PM,-2.68
10103,4/9/2022 4:40:52 PM,-2.92
10103,4/9/2022 4:40:56 PM,-2.44
10103,4/9/2022 4:41:00 PM,-3.36
10103,4/9/2022 4:41:04 PM,-2.90
10103,4/9/2022 4:41:08 PM,-2.91
10103,4/9/2022 4:41:12 PM,-2.68
10103,4/9/2022 4:41:16 PM,-2.68
10103,4/9/2022 4:41:20 PM,-2.68
10103,4/9/2022 4:41:24 PM,-3.36
10103,4/9/2022 4:41:28 PM,-2.21
10103,4/9/2022 4:41:32 PM,-2.68
10103,4/9/2022 4:41:36 PM,-2.00
10103,4/9/2022 4:41:40 PM,-2.68
10103,4/9/2022 4:41:44 PM,-2.68
10103,4/9/2022 4:41:48 PM,-2.68
10103,4/9/2022 4:41:52 PM,-3.36
10103,4/9/2022 4:41:56 PM,-2.92
10103,4/9/2022 4:42:00 PM,-2.00
10103,4/9/2022 4:42:04 PM,-2.68
10103,4/9/2022 4:42:08 PM,-2.68
10103,4/9/2022 4:42:12 PM,-3.36
10103,4/9/2022 4:42:16 PM,-2.68
10103,4/9/2022 4:42:20 PM,-2.23
10103,4/9/2022 4:42:24 PM,-2.67
10103,4/9/2022 4:42:28 PM,-2.21
10103,4/9/2022 4:42:32 PM,-2.23
10103,4/9/2022 4:42:36 PM,-2.67
10103,4/9/2022 4:42:40 PM,-2.68
10103,4/9/2022 4:42:44 PM,-3.13
10103,4/9/2022 4:42:48 PM,-2.68
10103,4/9/2022 4:42:52 PM,-2.68
10103,4/9/2022 4:42:56 PM,-3.13
10103,4/9/2022 4:43:00 PM,-2.00
10103,4/9/2022 4:43:04 PM,-1.99
10103,4/9/2022 4:43:08 PM,-1.99
10103,4/9/2022 4:43:12 PM,-4.02
10103,4/9/2022 4:43:16 PM,-2.68
10103,4/9/2022 4:43:20 PM,-2.68
10103,4/9/2022 4:43:24 PM,-2.68
10103,4/9/2022 4:43:28 PM,-2.68
10103,4/9/2022 4:43:32 PM,-2.23
10103,4/9/2022 4:43:36 PM,-1.99
10103,4/9/2022 4:43:40 PM,-2.46
10103,4/9/2022 4:43:44 PM,-2.89
10103,4/9/2022 4:43:48 PM,-2.68
10103,4/9/2022 4:43:52 PM,-2.68
10103,4/9/2022 4:43:56 PM,-2.68
10103,4/9/2022 4:44:00 PM,-2.68
10103,4/9/2022 4:44:04 PM,-3.60
10103,4/9/2022 4:44:08 PM,-2.68
10103,4/9/2022 4:44:12 PM,-2.00
10103,4/9/2022 4:44:16 PM,-2.90
10103,4/9/2022 4:44:20 PM,-3.36
10103,4/9/2022 4:44:24 PM,-2.68
10103,4/9/2022 4:44:28 PM,-2.92
10103,4/9/2022 4:44:32 PM,-1.99
10103,4/9/2022 4:44:36 PM,-2.67
10103,4/9/2022 4:44:40 PM,-2.43
10103,4/9/2022 4:44:44 PM,-2.47
10103,4/9/2022 4:44:48 PM,-1.99
10103,4/9/2022 4:44:52 PM,-2.68
10103,4/9/2022 4:44:56 PM,-2.68
10103,4/9/2022 4:45:00 PM,-2.00
10103,4/9/2022 4:45:04 PM,-2.90
10103,4/9/2022 4:45:08 PM,-2.47
10103,4/9/2022 4:45:12 PM,-1.99
10103,4/9/2022 4:45:16 PM,-3.14
10103,4/9/2022 4:45:20 PM,-2.23
10103,4/9/2022 4:45:24 PM,-2.67
10103,4/9/2022 4:45:28 PM,-2.68
10103,4/9/2022 4:45:32 PM,-2.68
10103,4/9/2022 4:45:36 PM,-2.68
10103,4/9/2022 4:45:40 PM,-2.46
10103,4/9/2022 4:45:44 PM,-2.44
10103,4/9/2022 4:45:48 PM,-2.68
10103,4/9/2022 4:45:52 PM,-2.68
10103,4/9/2022 4:45:56 PM,-3.06
10103,4/9/2022 4:46:00 PM,-2.69
10103,4/9/2022 4:46:04 PM,-2.22
10103,4/9/2022 4:46:08 PM,-2.68
10103,4/9/2022 4:46:12 PM,-2.68
10103,4/9/2022 4:46:16 PM,-2.46
10103,4/9/2022 4:46:20 PM,-2.44
10103,4/9/2022 4:46:24 PM,-2.00
10103,4/9/2022 4:46:28 PM,-2.21
10103,4/9/2022 4:46:32 PM,-2.68
10103,4/9/2022 4:46:36 PM,-2.01
10103,4/9/2022 4:46:40 PM,-1.99
10103,4/9/2022 4:46:44 PM,-2.44
10103,4/9/2022 4:46:48 PM,-3.36
10103,4/9/2022 4:46:52 PM,-2.68
10103,4/9/2022 4:46:56 PM,-3.12
10103,4/9/2022 4:47:00 PM,-2.01
10103,4/9/2022 4:47:04 PM,-2.21
10103,4/9/2022 4:47:08 PM,-2.23
10103,4/9/2022 4:47:12 PM,-3.35
10103,4/9/2022 4:47:16 PM,-1.99
10103,4/9/2022 4:47:20 PM,-2.44
10103,4/9/2022 4:47:24 PM,-2.68
10103,4/9/2022 4:47:28 PM,-3.15
10103,4/9/2022 4:47:32 PM,-2.23
10103,4/9/2022 4:47:36 PM,-1.99
10103,4/9/2022 4:47:40 PM,-2.21
10103,4/9/2022 4:47:44 PM,-2.68
10103,4/9/2022 4:47:48 PM,-3.36
10103,4/9/2022 4:47:52 PM,-2.68
10103,4/9/2022 4:47:56 PM,-2.23
10103,4/9/2022 4:48:00 PM,-2.67
10103,4/9/2022 4:48:04 PM,-2.68
10103,4/9/2022 4:48:08 PM,-2.23
10103,4/9/2022 4:48:12 PM,-2.67
10103,4/9/2022 4:48:16 PM,-3.36
10103,4/9/2022 4:48:20 PM,-3.36
10103,4/9/2022 4:48:24 PM,-3.36
10103,4/9/2022 4:48:28 PM,-2.21
10103,4/9/2022 4:48:32 PM,-3.13
10103,4/9/2022 4:48:36 PM,-2.69
10103,4/9/2022 4:48:40 PM,-1.99
10103,4/9/2022 4:48:44 PM,-2.44
10103,4/9/2022 4:48:48 PM,-2.00
10103,4/9/2022 4:48:52 PM,-2.44
10103,4/9/2022 4:48:56 PM,-2.92
10103,4/9/2022 4:49:00 PM,-2.68
10103,4/9/2022 4:49:04 PM,-2.46
10103,4/9/2022 4:49:08 PM,-1.59
10103,4/9/2022 4:49:12 PM,-2.66
10103,4/9/2022 4:49:16 PM,-3.14
10103,4/9/2022 4:49:20 PM,-2.68
10103,4/9/2022 4:49:24 PM,-2.68
10103,4/9/2022 4:49:28 PM,-2.46
10103,4/9/2022 4:49:32 PM,-1.99
10103,4/9/2022 4:49:36 PM,-2.67
10103,4/9/2022 4:49:40 PM,-2.68
10103,4/9/2022 4:49:44 PM,-3.13
10103,4/9/2022 4:49:48 PM,-2.68
10103,4/9/2022 4:49:52 PM,-3.14
10103,4/9/2022 4:49:56 PM,-2.68
10103,4/9/2022 4:50:00 PM,-2.00
10103,4/9/2022 4:50:04 PM,-2.21
10103,4/9/2022 4:50:08 PM,-2.68
10103,4/9/2022 4:50:12 PM,-2.68
10103,4/9/2022 4:50:16 PM,-2.68
10103,4/9/2022 4:50:20 PM,-2.23
10103,4/9/2022 4:50:24 PM,-3.35
10103,4/9/2022 4:50:28 PM,-2.68
10103,4/9/2022 4:50:32 PM,-1.78
10103,4/9/2022 4:50:36 PM,-2.67
10103,4/9/2022 4:50:40 PM,-2.68
10103,4/9/2022 4:50:44 PM,-2.23
10103,4/9/2022 4:50:48 PM,-2.67
10103,4/9/2022 4:50:52 PM,-2.68
10103,4/9/2022 4:50:56 PM,-2.68
10103,4/9/2022 4:51:00 PM,-2.00
10103,4/9/2022 4:51:04 PM,-2.46
10103,4/9/2022 4:51:08 PM,-2.44
10103,4/9/2022 4:51:12 PM,-3.35
10103,4/9/2022 4:51:16 PM,-2.68
10103,4/9/2022 4:51:20 PM,-2.27
10103,4/9/2022 4:51:24 PM,-2.67
10103,4/9/2022 4:51:28 PM,-2.46
10103,4/9/2022 4:51:32 PM,-2.89
10103,4/9/2022 4:51:36 PM,-2.70
10103,4/9/2022 4:51:40 PM,-2.68
10103,4/9/2022 4:51:44 PM,-2.68
10103,4/9/2022 4:51:48 PM,-2.68
10103,4/9/2022 4:51:52 PM,-2.43
10103,4/9/2022 4:51:56 PM,-3.36
10103,4/9/2022 4:52:00 PM,-2.01
10103,4/9/2022 4:52:04 PM,-1.99
10103,4/9/2022 4:52:08 PM,-2.44
10103,4/9/2022 4:52:12 PM,-3.35
10103,4/9/2022 4:52:16 PM,-2.46
10103,4/9/2022 4:52:20 PM,-2.44
10103,4/9/2022 4:52:24 PM,-2.68
10103,4/9/2022 4:52:28 PM,-2.46
10103,4/9/2022 4:52:32 PM,-2.45
10103,4/9/2022 4:52:36 PM,-2.68
10103,4/9/2022 4:52:40 PM,-2.46
10103,4/9/2022 4:52:44 PM,-1.99
10103,4/9/2022 4:52:48 PM,-3.36
10103,4/9/2022 4:52:52 PM,-2.68
10103,4/9/2022 4:52:56 PM,-3.13
10103,4/9/2022 4:53:00 PM,-2.68
10103,4/9/2022 4:53:04 PM,-2.15
10103,4/9/2022 4:53:08 PM,-2.68
10103,4/9/2022 4:53:12 PM,-2.68
10103,4/9/2022 4:53:16 PM,-2.68
10103,4/9/2022 4:53:20 PM,-2.23
10103,4/9/2022 4:53:24 PM,-2.68
10103,4/9/2022 4:53:28 PM,-2.68
10103,4/9/2022 4:53:32 PM,-1.78
10103,4/9/2022 4:53:36 PM,-3.35
10103,4/9/2022 4:53:40 PM,-2.90
10103,4/9/2022 4:53:44 PM,-2.91
10103,4/9/2022 4:53:48 PM,-2.68
10103,4/9/2022 4:53:52 PM,-2.92
10103,4/9/2022 4:53:56 PM,-2.44
10103,4/9/2022 4:54:00 PM,-3.36
10103,4/9/2022 4:54:04 PM,-2.22
10103,4/9/2022 4:54:08 PM,-1.78
10103,4/9/2022 4:54:12 PM,-2.66
10103,4/9/2022 4:54:16 PM,-3.14
10103,4/9/2022 4:54:20 PM,-2.68
10103,4/9/2022 4:54:24 PM,-2.00
10103,4/9/2022 4:54:28 PM,-3.36
10103,4/9/2022 4:54:32 PM,-2.46
10103,4/9/2022 4:54:36 PM,-3.36
10103,4/9/2022 4:54:40 PM,-2.46
10103,4/9/2022 4:54:44 PM,-2.44
10103,4/9/2022 4:54:48 PM,-4.04
10103,4/9/2022 4:54:52 PM,-2.22
10103,4/9/2022 4:54:56 PM,-3.13
10103,4/9/2022 4:55:00 PM,-3.36
10103,4/9/2022 4:55:04 PM,-2.68
10103,4/9/2022 4:55:08 PM,-2.68
10103,4/9/2022 4:55:12 PM,-2.68
10103,4/9/2022 4:55:16 PM,-3.36
10103,4/9/2022 4:55:20 PM,-2.91
10103,4/9/2022 4:55:24 PM,-2.00
10103,4/9/2022 4:55:28 PM,-2.46
10103,4/9/2022 4:55:32 PM,-2.44
10103,4/9/2022 4:55:36 PM,-2.68
10103,4/9/2022 4:55:40 PM,-2.46
10103,4/9/2022 4:55:44 PM,-1.99
10103,4/9/2022 4:55:48 PM,-1.99
10103,4/9/2022 4:55:52 PM,-2.22
10103,4/9/2022 4:55:56 PM,-3.13
10103,4/9/2022 4:56:00 PM,-2.68
10103,4/9/2022 4:56:04 PM,-3.14
10103,4/9/2022 4:56:08 PM,-2.23
10103,4/9/2022 4:56:12 PM,-2.67
10103,4/9/2022 4:56:16 PM,-2.93
10103,4/9/2022 4:56:20 PM,-1.99
10103,4/9/2022 4:56:24 PM,-2.67
10103,4/9/2022 4:56:28 PM,-2.90
10103,4/9/2022 4:56:32 PM,-2.46
10103,4/9/2022 4:56:36 PM,-1.99
10103,4/9/2022 4:56:40 PM,-2.93
10103,4/9/2022 4:56:44 PM,-2.44
10103,4/9/2022 4:56:48 PM,-2.68
10103,4/9/2022 4:56:52 PM,-2.44
10103,4/9/2022 4:56:56 PM,-2.92
10103,4/9/2022 4:57:00 PM,-2.00
10103,4/9/2022 4:57:04 PM,-2.49
10103,4/9/2022 4:57:08 PM,-2.38
10103,4/9/2022 4:57:12 PM,-2.68
10103,4/9/2022 4:57:16 PM,-2.22
10103,4/9/2022 4:57:20 PM,-2.23
10103,4/9/2022 4:57:24 PM,-1.99
10103,4/9/2022 4:57:28 PM,-2.90
10103,4/9/2022 4:57:32 PM,-2.46
10103,4/9/2022 4:57:36 PM,-2.67
10103,4/9/2022 4:57:40 PM,-2.68
10103,4/9/2022 4:57:44 PM,-2.23
10103,4/9/2022 4:57:48 PM,-2.67
10103,4/9/2022 4:57:52 PM,-2.46
10103,4/9/2022 4:57:56 PM,-2.44
10103,4/9/2022 4:58:00 PM,-3.36
10103,4/9/2022 4:58:04 PM,-2.46
10103,4/9/2022 4:58:08 PM,-2.44
10103,4/9/2022 4:58:12 PM,-2.00
10103,4/9/2022 4:58:16 PM,-2.68
10103,4/9/2022 4:58:20 PM,-2.68
10103,4/9/2022 4:58:24 PM,-2.68
10103,4/9/2022 4:58:28 PM,-2.68
10103,4/9/2022 4:58:32 PM,-2.23
10103,4/9/2022 4:58:36 PM,-1.99
10103,4/9/2022 4:58:40 PM,-2.43
10103,4/9/2022 4:58:44 PM,-2.92
10103,4/9/2022 4:58:48 PM,-2.68
10103,4/9/2022 4:58:52 PM,-2.68
10103,4/9/2022 4:58:56 PM,-3.13
10103,4/9/2022 4:59:00 PM,-3.36
10103,4/9/2022 4:59:04 PM,-2.68
10103,4/9/2022 4:59:08 PM,-2.68
10103,4/9/2022 4:59:12 PM,-2.11
10103,4/9/2022 4:59:16 PM,-2.22
10103,4/9/2022 4:59:20 PM,-2.68
10103,4/9/2022 4:59:24 PM,-2.68
10103,4/9/2022 4:59:28 PM,-2.68
10103,4/9/2022 4:59:32 PM,-2.68
10103,4/9/2022 4:59:36 PM,-2.00
10103,4/9/2022 4:59:40 PM,-2.21
10103,4/9/2022 4:59:44 PM,-2.68
10103,4/9/2022 4:59:48 PM,-3.36
10103,4/9/2022 4:59:52 PM,-2.20
10103,4/9/2022 4:59:56 PM,-2.68
10103,4/9/2022 5:00:00 PM,-2.00
10103,4/9/2022 5:00:04 PM,-1.99
10103,4/9/2022 5:00:08 PM,-2.44
10103,4/9/2022 5:00:12 PM,-3.35
10103,4/9/2022 5:00:16 PM,-2.90
10103,4/9/2022 5:00:20 PM,-3.36
10103,4/9/2022 5:00:24 PM,-2.01
10103,4/9/2022 5:00:28 PM,-2.90
10103,4/9/2022 5:00:32 PM,-2.91
10103,4/9/2022 5:00:36 PM,-2.00
10103,4/9/2022 5:00:40 PM,-2.92
10103,4/9/2022 5:00:44 PM,-2.44
10103,4/9/2022 5:00:48 PM,-2.68
10103,4/9/2022 5:00:52 PM,-2.46
10103,4/9/2022 5:00:56 PM,-2.89
10103,4/9/2022 5:01:00 PM,-2.01
10103,4/9/2022 5:01:04 PM,-2.46
10103,4/9/2022 5:01:08 PM,-1.99
10103,4/9/2022 5:01:12 PM,-2.67
10103,4/9/2022 5:01:16 PM,-2.68
10103,4/9/2022 5:01:20 PM,-2.28
10103,4/9/2022 5:01:24 PM,-1.99
10103,4/9/2022 5:01:28 PM,-2.46
10103,4/9/2022 5:01:32 PM,-2.44
10103,4/9/2022 5:01:36 PM,-2.68
10103,4/9/2022 5:01:40 PM,-3.11
10103,4/9/2022 5:01:44 PM,-2.71
10103,4/9/2022 5:01:48 PM,-2.67
10103,4/9/2022 5:01:52 PM,-1.99
10103,4/9/2022 5:01:56 PM,-2.44
10103,4/9/2022 5:02:00 PM,-2.68
10103,4/9/2022 5:02:04 PM,-3.14
10103,4/9/2022 5:02:08 PM,-2.23
10103,4/9/2022 5:02:12 PM,-3.34
10103,4/9/2022 5:02:16 PM,-2.90
10103,4/9/2022 5:02:20 PM,-2.92
10103,4/9/2022 5:02:24 PM,-2.68
10103,4/9/2022 5:02:28 PM,-3.14
10103,4/9/2022 5:02:32 PM,-3.13
10103,4/9/2022 5:02:36 PM,-2.01
10103,4/9/2022 5:02:40 PM,-2.46
10103,4/9/2022 5:02:44 PM,-1.99
10103,4/9/2022 5:02:48 PM,-3.35
10103,4/9/2022 5:02:52 PM,-2.21
10103,4/9/2022 5:02:56 PM,-2.68
10103,4/9/2022 5:03:00 PM,-2.68
10103,4/9/2022 5:03:04 PM,-2.24
10103,4/9/2022 5:03:08 PM,-1.71
10103,4/9/2022 5:03:12 PM,-3.34
10103,4/9/2022 5:03:16 PM,-3.14
10103,4/9/2022 5:03:20 PM,-2.68
10103,4/9/2022 5:03:24 PM,-2.68
10103,4/9/2022 5:03:28 PM,-2.89
10103,4/9/2022 5:03:32 PM,-2.92
10103,4/9/2022 5:03:36 PM,-2.68
10103,4/9/2022 5:03:40 PM,-2.68
10103,4/9/2022 5:03:44 PM,-2.68
10103,4/9/2022 5:03:48 PM,-3.36
10103,4/9/2022 5:03:52 PM,-2.68
10103,4/9/2022 5:03:56 PM,-2.68
10103,4/9/2022 5:04:00 PM,-2.68
10103,4/9/2022 5:04:04 PM,-2.68
10103,4/9/2022 5:04:08 PM,-3.12
10103,4/9/2022 5:04:12 PM,-2.69
10103,4/9/2022 5:04:16 PM,-2.90
10103,4/9/2022 5:04:20 PM,-2.92
10103,4/9/2022 5:04:24 PM,-2.68
10103,4/9/2022 5:04:28 PM,-2.68
10103,4/9/2022 5:04:32 PM,-2.68
10103,4/9/2022 5:04:36 PM,-2.00
10103,4/9/2022 5:04:40 PM,-2.43
10103,4/9/2022 5:04:44 PM,-3.36
10103,4/9/2022 5:04:48 PM,-2.69
10103,4/9/2022 5:04:52 PM,-2.92
10103,4/9/2022 5:04:56 PM,-2.44
10103,4/9/2022 5:05:00 PM,-2.68
10103,4/9/2022 5:05:04 PM,-2.68
10103,4/9/2022 5:05:08 PM,-2.68
10103,4/9/2022 5:05:12 PM,-2.68
10103,4/9/2022 5:05:16 PM,-2.68
10103,4/9/2022 5:05:20 PM,-2.68
10103,4/9/2022 5:05:24 PM,-2.68
10103,4/9/2022 5:05:28 PM,-2.68
10103,4/9/2022 5:05:32 PM,-2.68
10103,4/9/2022 5:05:36 PM,-2.68
10103,4/9/2022 5:05:40 PM,-2.68
10103,4/9/2022 5:05:44 PM,-2.68
10103,4/9/2022 5:05:48 PM,-3.36
10103,4/9/2022 5:05:52 PM,-2.46
10103,4/9/2022 5:05:56 PM,-1.99
10103,4/9/2022 5:06:00 PM,-2.68
10103,4/9/2022 5:06:04 PM,-2.44
10103,4/9/2022 5:06:08 PM,-3.36
10103,4/9/2022 5:06:12 PM,-3.36
10103,4/9/2022 5:06:16 PM,-2.68
10103,4/9/2022 5:06:20 PM,-3.13
10103,4/9/2022 5:06:24 PM,-2.68
10103,4/9/2022 5:06:28 PM,-2.92
10103,4/9/2022 5:06:32 PM,-2.45
10103,4/9/2022 5:06:36 PM,-2.68
10103,4/9/2022 5:06:40 PM,-2.68
10103,4/9/2022 5:06:44 PM,-2.68
10103,4/9/2022 5:06:48 PM,-3.36
10103,4/9/2022 5:06:52 PM,-2.22
10103,4/9/2022 5:06:56 PM,-3.13
10103,4/9/2022 5:07:00 PM,-2.68
10103,4/9/2022 5:07:04 PM,-1.99
10103,4/9/2022 5:07:08 PM,-2.89
10103,4/9/2022 5:07:12 PM,-2.69
10103,4/9/2022 5:07:16 PM,-2.99
10103,4/9/2022 5:07:20 PM,-2.39
10103,4/9/2022 5:07:24 PM,-2.68
10103,4/9/2022 5:07:28 PM,-2.90
10103,4/9/2022 5:07:32 PM,-2.91
10103,4/9/2022 5:07:36 PM,-3.36
10103,4/9/2022 5:07:40 PM,-2.68
10103,4/9/2022 5:07:44 PM,-2.68
10103,4/9/2022 5:07:48 PM,-2.68
10103,4/9/2022 5:07:52 PM,-2.68
10103,4/9/2022 5:07:56 PM,-3.13
10103,4/9/2022 5:08:00 PM,-2.00
10103,4/9/2022 5:08:04 PM,-2.22
10103,4/9/2022 5:08:08 PM,-3.13
10103,4/9/2022 5:08:12 PM,-2.01
10103,4/9/2022 5:08:16 PM,-1.99
10103,4/9/2022 5:08:20 PM,-1.99
10103,4/9/2022 5:08:24 PM,-2.67
10103,4/9/2022 5:08:28 PM,-2.90
10103,4/9/2022 5:08:32 PM,-2.91
10103,4/9/2022 5:08:36 PM,-2.00
10103,4/9/2022 5:08:40 PM,-2.46
10103,4/9/2022 5:08:44 PM,-2.44
10103,4/9/2022 5:08:48 PM,-2.68
10103,4/9/2022 5:08:52 PM,-3.14
10103,4/9/2022 5:08:56 PM,-2.68
10103,4/9/2022 5:09:00 PM,-2.68
10103,4/9/2022 5:09:04 PM,-2.68
10103,4/9/2022 5:09:08 PM,-2.68
10103,4/9/2022 5:09:12 PM,-2.00
10103,4/9/2022 5:09:16 PM,-2.92
10103,4/9/2022 5:09:20 PM,-1.54
10103,4/9/2022 5:09:24 PM,-1.92
10103,4/9/2022 5:09:28 PM,-2.43
10103,4/9/2022 5:09:32 PM,-2.91
10103,4/9/2022 5:09:36 PM,-2.00
10103,4/9/2022 5:09:40 PM,-2.92
10103,4/9/2022 5:09:44 PM,-2.89
10103,4/9/2022 5:09:48 PM,-2.00
10103,4/9/2022 5:09:52 PM,-2.46
10103,4/9/2022 5:09:56 PM,-2.44
10103,4/9/2022 5:10:00 PM,-2.68
10103,4/9/2022 5:10:04 PM,-1.77
10103,4/9/2022 5:10:08 PM,-2.21
10103,4/9/2022 5:10:12 PM,-2.00
10103,4/9/2022 5:10:16 PM,-3.14
10103,4/9/2022 5:10:20 PM,-2.68
10103,4/9/2022 5:10:24 PM,-3.36
10103,4/9/2022 5:10:28 PM,-2.43
10103,4/9/2022 5:10:32 PM,-2.92
10103,4/9/2022 5:10:36 PM,-2.00
10103,4/9/2022 5:10:40 PM,-3.14
10103,4/9/2022 5:10:44 PM,-2.68
10103,4/9/2022 5:10:48 PM,-2.68
10103,4/9/2022 5:10:52 PM,-2.68
10103,4/9/2022 5:10:56 PM,-2.68
10103,4/9/2022 5:11:00 PM,-2.68
10103,4/9/2022 5:11:04 PM,-1.99
10103,4/9/2022 5:11:08 PM,-2.44
10103,4/9/2022 5:11:12 PM,-4.03
10103,4/9/2022 5:11:16 PM,-2.68
10103,4/9/2022 5:11:20 PM,-2.68
10103,4/9/2022 5:11:24 PM,-2.68
10103,4/9/2022 5:11:28 PM,-2.46
10103,4/9/2022 5:11:32 PM,-1.99
10103,4/9/2022 5:11:36 PM,-2.67
10103,4/9/2022 5:11:40 PM,-2.90
10103,4/9/2022 5:11:44 PM,-2.91
10103,4/9/2022 5:11:48 PM,-2.00
10103,4/9/2022 5:11:52 PM,-2.68
10103,4/9/2022 5:11:56 PM,-2.68
10103,4/9/2022 5:12:00 PM,-2.68
10103,4/9/2022 5:12:04 PM,-2.43
10103,4/9/2022 5:12:08 PM,-2.92
10103,4/9/2022 5:12:12 PM,-2.68
10103,4/9/2022 5:12:16 PM,-3.36
10103,4/9/2022 5:12:20 PM,-2.91
10103,4/9/2022 5:12:24 PM,-3.36
10103,4/9/2022 5:12:28 PM,-2.68
10103,4/9/2022 5:12:32 PM,-2.68
10103,4/9/2022 5:12:36 PM,-2.68
10103,4/9/2022 5:12:40 PM,-2.90
10103,4/9/2022 5:12:44 PM,-2.47
10103,4/9/2022 5:12:48 PM,-3.35
10103,4/9/2022 5:12:52 PM,-3.36
10103,4/9/2022 5:12:56 PM,-2.92
10103,4/9/2022 5:13:00 PM,-2.68
10103,4/9/2022 5:13:04 PM,-1.99
10103,4/9/2022 5:13:08 PM,-2.44
10103,4/9/2022 5:13:12 PM,-3.35
10103,4/9/2022 5:13:16 PM,-2.68
10103,4/9/2022 5:13:20 PM,-2.68
10103,4/9/2022 5:13:24 PM,-2.68
10103,4/9/2022 5:13:28 PM,-2.21
10103,4/9/2022 5:13:32 PM,-3.13
10103,4/9/2022 5:13:36 PM,-2.68
10103,4/9/2022 5:13:40 PM,-2.68
10103,4/9/2022 5:13:44 PM,-2.68
10103,4/9/2022 5:13:48 PM,-2.68
10103,4/9/2022 5:13:52 PM,-3.36
10103,4/9/2022 5:13:56 PM,-2.92
10103,4/9/2022 5:14:00 PM,-3.35
10103,4/9/2022 5:14:04 PM,-2.46
10103,4/9/2022 5:14:08 PM,-2.44
10103,4/9/2022 5:14:12 PM,-3.35
10103,4/9/2022 5:14:16 PM,-2.21
10103,4/9/2022 5:14:20 PM,-2.68
10103,4/9/2022 5:14:24 PM,-3.36
10103,4/9/2022 5:14:28 PM,-2.90
10103,4/9/2022 5:14:32 PM,-2.91
10103,4/9/2022 5:14:36 PM,-2.68
10103,4/9/2022 5:14:40 PM,-2.46
10103,4/9/2022 5:14:44 PM,-2.44
10103,4/9/2022 5:14:48 PM,-2.68
10103,4/9/2022 5:14:52 PM,-2.68
10103,4/9/2022 5:14:56 PM,-2.68
10103,4/9/2022 5:15:00 PM,-2.68
10103,4/9/2022 5:15:04 PM,-2.46
10103,4/9/2022 5:15:08 PM,-1.99
10103,4/9/2022 5:15:12 PM,-2.67
10103,4/9/2022 5:15:16 PM,-2.92
10103,4/9/2022 5:15:20 PM,-2.44
10103,4/9/2022 5:15:24 PM,-2.68
10103,4/9/2022 5:15:28 PM,-2.68
10103,4/9/2022 5:15:32 PM,-2.68
10103,4/9/2022 5:15:36 PM,-2.68
10103,4/9/2022 5:15:40 PM,-3.14
10103,4/9/2022 5:15:44 PM,-2.68
10103,4/9/2022 5:15:48 PM,-2.68
10103,4/9/2022 5:15:52 PM,-2.68
10103,4/9/2022 5:15:56 PM,-3.12
10103,4/9/2022 5:16:00 PM,-3.36
10103,4/9/2022 5:16:04 PM,-2.68
10103,4/9/2022 5:16:08 PM,-2.23
10103,4/9/2022 5:16:12 PM,-2.67
10103,4/9/2022 5:16:16 PM,-2.68
10103,4/9/2022 5:16:20 PM,-3.13
10103,4/9/2022 5:16:24 PM,-2.69
10103,4/9/2022 5:16:28 PM,-2.46
10103,4/9/2022 5:16:32 PM,-2.44
10103,4/9/2022 5:16:36 PM,-2.68
10103,4/9/2022 5:16:40 PM,-2.93
10103,4/9/2022 5:16:44 PM,-2.88
10103,4/9/2022 5:16:48 PM,-2.69
10103,4/9/2022 5:16:52 PM,-2.21
10103,4/9/2022 5:16:56 PM,-2.68
10103,4/9/2022 5:17:00 PM,-2.68
10103,4/9/2022 5:17:04 PM,-1.99
10103,4/9/2022 5:17:08 PM,-2.44
10103,4/9/2022 5:17:12 PM,-2.68
10103,4/9/2022 5:17:16 PM,-2.68
10103,4/9/2022 5:17:20 PM,-2.23
10103,4/9/2022 5:17:24 PM,-2.67
10103,4/9/2022 5:17:28 PM,-2.17
10103,4/9/2022 5:17:32 PM,-2.68
10103,4/9/2022 5:17:36 PM,-2.68
10103,4/9/2022 5:17:40 PM,-2.43
10103,4/9/2022 5:17:44 PM,-2.91
10103,4/9/2022 5:17:48 PM,-3.36
10103,4/9/2022 5:17:52 PM,-2.68
10103,4/9/2022 5:17:56 PM,-2.68
10103,4/9/2022 5:18:00 PM,-3.35
10103,4/9/2022 5:18:04 PM,-3.14
10103,4/9/2022 5:18:08 PM,-2.23
10103,4/9/2022 5:18:12 PM,-3.34
10103,4/9/2022 5:18:16 PM,-2.68
10103,4/9/2022 5:18:20 PM,-3.13
10103,4/9/2022 5:18:24 PM,-2.68
10103,4/9/2022 5:18:28 PM,-3.36
10103,4/9/2022 5:18:32 PM,-3.36
10103,4/9/2022 5:18:36 PM,-3.36
10103,4/9/2022 5:18:40 PM,-2.22
10103,4/9/2022 5:18:44 PM,-2.68
10103,4/9/2022 5:18:48 PM,-3.36
10103,4/9/2022 5:18:52 PM,-2.90
10103,4/9/2022 5:18:56 PM,-2.91
10103,4/9/2022 5:19:00 PM,-2.68
10103,4/9/2022 5:19:04 PM,-2.22
10103,4/9/2022 5:19:08 PM,-2.68
10103,4/9/2022 5:19:12 PM,-3.36
10103,4/9/2022 5:19:16 PM,-2.68
10103,4/9/2022 5:19:20 PM,-2.68
10103,4/9/2022 5:19:24 PM,-2.68
10103,4/9/2022 5:19:28 PM,-3.61
10103,4/9/2022 5:19:32 PM,-2.68
10103,4/9/2022 5:19:36 PM,-2.68
10103,4/9/2022 5:19:40 PM,-3.14
10103,4/9/2022 5:19:44 PM,-3.13
10103,4/9/2022 5:19:48 PM,-2.68
10103,4/9/2022 5:19:52 PM,-2.68
10103,4/9/2022 5:19:56 PM,-2.33
10103,4/9/2022 5:20:00 PM,-1.99
10103,4/9/2022 5:20:04 PM,-2.46
10103,4/9/2022 5:20:08 PM,-2.45
10103,4/9/2022 5:20:12 PM,-3.36
10103,4/9/2022 5:20:16 PM,-2.92
10103,4/9/2022 5:20:20 PM,-2.44
10103,4/9/2022 5:20:24 PM,-2.68
10103,4/9/2022 5:20:28 PM,-2.21
10103,4/9/2022 5:20:32 PM,-2.68
10103,4/9/2022 5:20:36 PM,-3.36
10103,4/9/2022 5:20:40 PM,-2.68
10103,4/9/2022 5:20:44 PM,-2.23
10103,4/9/2022 5:20:48 PM,-2.67
10103,4/9/2022 5:20:52 PM,-2.44
10103,4/9/2022 5:20:56 PM,-2.91
10103,4/9/2022 5:21:00 PM,-2.68
10103,4/9/2022 5:21:04 PM,-2.68
10103,4/9/2022 5:21:08 PM,-2.23
10103,4/9/2022 5:21:12 PM,-2.67
10103,4/9/2022 5:21:16 PM,-2.68
10103,4/9/2022 5:21:20 PM,-3.13
10103,4/9/2022 5:21:24 PM,-2.68
10103,4/9/2022 5:21:28 PM,-2.46
10103,4/9/2022 5:21:32 PM,-2.89
10103,4/9/2022 5:21:36 PM,-2.73
10103,4/9/2022 5:21:40 PM,-2.22
10103,4/9/2022 5:21:44 PM,-2.23
10103,4/9/2022 5:21:48 PM,-2.67
10103,4/9/2022 5:21:52 PM,-3.14
10103,4/9/2022 5:21:56 PM,-2.68
10103,4/9/2022 5:22:00 PM,-2.68
10103,4/9/2022 5:22:04 PM,-2.22
10103,4/9/2022 5:22:08 PM,-2.68
10103,4/9/2022 5:22:12 PM,-2.00
10103,4/9/2022 5:22:16 PM,-2.46
10103,4/9/2022 5:22:20 PM,-2.89
10103,4/9/2022 5:22:24 PM,-2.00
10103,4/9/2022 5:22:28 PM,-2.68
10103,4/9/2022 5:22:32 PM,-2.68
10103,4/9/2022 5:22:36 PM,-2.68
10103,4/9/2022 5:22:40 PM,-3.36
10103,4/9/2022 5:22:44 PM,-3.36
10103,4/9/2022 5:22:48 PM,-2.68
10103,4/9/2022 5:22:52 PM,-2.44
10103,4/9/2022 5:22:56 PM,-3.36
10103,4/9/2022 5:23:00 PM,-2.68
10103,4/9/2022 5:23:04 PM,-2.68
10103,4/9/2022 5:23:08 PM,-3.13
10103,4/9/2022 5:23:12 PM,-2.69
10103,4/9/2022 5:23:16 PM,-3.36
10103,4/9/2022 5:23:20 PM,-3.36
10103,4/9/2022 5:23:24 PM,-2.68
10103,4/9/2022 5:23:28 PM,-2.68
10103,4/9/2022 5:23:32 PM,-3.13
10103,4/9/2022 5:23:36 PM,-2.00
10103,4/9/2022 5:23:40 PM,-2.68
10103,4/9/2022 5:23:44 PM,-2.68
10103,4/9/2022 5:23:48 PM,-2.68
10103,4/9/2022 5:23:52 PM,-2.46
10103,4/9/2022 5:23:56 PM,-1.99
10103,4/9/2022 5:24:00 PM,-2.67
10103,4/9/2022 5:24:04 PM,-2.68
10103,4/9/2022 5:24:08 PM,-2.68
10103,4/9/2022 5:24:12 PM,-2.00
10103,4/9/2022 5:24:16 PM,-2.90
10103,4/9/2022 5:24:20 PM,-2.47
10103,4/9/2022 5:24:24 PM,-3.35
10103,4/9/2022 5:24:28 PM,-2.43
10103,4/9/2022 5:24:32 PM,-3.36
10103,4/9/2022 5:24:36 PM,-2.68
10103,4/9/2022 5:24:40 PM,-3.14
10103,4/9/2022 5:24:44 PM,-2.23
10103,4/9/2022 5:24:48 PM,-2.67
10103,4/9/2022 5:24:52 PM,-3.14
10103,4/9/2022 5:24:56 PM,-3.13
10103,4/9/2022 5:25:00 PM,-2.68
10103,4/9/2022 5:25:04 PM,-2.68
10103,4/9/2022 5:25:08 PM,-2.68
10103,4/9/2022 5:25:12 PM,-2.00
10103,4/9/2022 5:25:16 PM,-3.14
10103,4/9/2022 5:25:20 PM,-2.68
10103,4/9/2022 5:25:24 PM,-3.36
10103,4/9/2022 5:25:28 PM,-2.68
10103,4/9/2022 5:25:32 PM,-2.68
10103,4/9/2022 5:25:36 PM,-2.68
10103,4/9/2022 5:25:40 PM,-2.18
10103,4/9/2022 5:25:44 PM,-2.68
10103,4/9/2022 5:25:48 PM,-2.68
10103,4/9/2022 5:25:52 PM,-2.46
10103,4/9/2022 5:25:56 PM,-2.44
10103,4/9/2022 5:26:00 PM,-3.36
10103,4/9/2022 5:26:04 PM,-3.14
10103,4/9/2022 5:26:08 PM,-3.13
10103,4/9/2022 5:26:12 PM,-2.69
10103,4/9/2022 5:26:16 PM,-2.68
10103,4/9/2022 5:26:20 PM,-2.68
10103,4/9/2022 5:26:24 PM,-2.68
10103,4/9/2022 5:26:28 PM,-3.14
10103,4/9/2022 5:26:32 PM,-2.68
10103,4/9/2022 5:26:36 PM,-2.68
10103,4/9/2022 5:26:40 PM,-2.68
10103,4/9/2022 5:26:44 PM,-2.68
10103,4/9/2022 5:26:48 PM,-3.36
10103,4/9/2022 5:26:52 PM,-2.90
10103,4/9/2022 5:26:56 PM,-2.92
10103,4/9/2022 5:27:00 PM,-2.68
10103,4/9/2022 5:27:04 PM,-2.68
10103,4/9/2022 5:27:08 PM,-2.68
10103,4/9/2022 5:27:12 PM,-2.68
10103,4/9/2022 5:27:16 PM,-2.90
10103,4/9/2022 5:27:20 PM,-2.91
10103,4/9/2022 5:27:24 PM,-2.68
10103,4/9/2022 5:27:28 PM,-3.36
10103,4/9/2022 5:27:32 PM,-3.36
10103,4/9/2022 5:27:36 PM,-2.69
10103,4/9/2022 5:27:40 PM,-2.86
10103,4/9/2022 5:27:44 PM,-2.92
10103,4/9/2022 5:27:48 PM,-3.36
10103,4/9/2022 5:27:52 PM,-2.68
10103,4/9/2022 5:27:56 PM,-3.12
10103,4/9/2022 5:28:00 PM,-2.01
10103,4/9/2022 5:28:04 PM,-1.99
10103,4/9/2022 5:28:08 PM,-2.89
10103,4/9/2022 5:28:12 PM,-2.69
10103,4/9/2022 5:28:16 PM,-2.46
10103,4/9/2022 5:28:20 PM,-2.44
10103,4/9/2022 5:28:24 PM,-3.36
10103,4/9/2022 5:28:28 PM,-2.90
10103,4/9/2022 5:28:32 PM,-2.91
10103,4/9/2022 5:28:36 PM,-2.68
10103,4/9/2022 5:28:40 PM,-2.68
10103,4/9/2022 5:28:44 PM,-3.13
10103,4/9/2022 5:28:48 PM,-3.36
10103,4/9/2022 5:28:52 PM,-3.14
10103,4/9/2022 5:28:56 PM,-3.13
10103,4/9/2022 5:29:00 PM,-2.69
10103,4/9/2022 5:29:04 PM,-2.68
10103,4/9/2022 5:29:08 PM,-2.68
10103,4/9/2022 5:29:12 PM,-2.68
10103,4/9/2022 5:29:16 PM,-3.14
10103,4/9/2022 5:29:20 PM,-3.13
10103,4/9/2022 5:29:24 PM,-3.36
10103,4/9/2022 5:29:28 PM,-2.68
10103,4/9/2022 5:29:32 PM,-2.68
10103,4/9/2022 5:29:36 PM,-2.68
10103,4/9/2022 5:29:40 PM,-3.19
10103,4/9/2022 5:29:44 PM,-3.13
10103,4/9/2022 5:29:48 PM,-2.69
10103,4/9/2022 5:29:52 PM,-3.61
10103,4/9/2022 5:29:56 PM,-2.68
10103,4/9/2022 5:30:00 PM,-2.68
10103,4/9/2022 5:30:04 PM,-2.68
10103,4/9/2022 5:30:08 PM,-2.68
10103,4/9/2022 5:30:12 PM,-2.68
10103,4/9/2022 5:30:16 PM,-2.68
10103,4/9/2022 5:30:20 PM,-3.57
10103,4/9/2022 5:30:24 PM,-3.37
10103,4/9/2022 5:30:28 PM,-3.15
10103,4/9/2022 5:30:32 PM,-3.58
10103,4/9/2022 5:30:36 PM,-2.01
10103,4/9/2022 5:30:40 PM,-2.68
10103,4/9/2022 5:30:44 PM,-2.23
10103,4/9/2022 5:30:48 PM,-3.35
10103,4/9/2022 5:30:52 PM,-2.68
10103,4/9/2022 5:30:56 PM,-2.68
10103,4/9/2022 5:31:00 PM,-2.68
10103,4/9/2022 5:31:04 PM,-2.68
10103,4/9/2022 5:31:08 PM,-3.13
10103,4/9/2022 5:31:12 PM,-2.01
10103,4/9/2022 5:31:16 PM,-3.15
10103,4/9/2022 5:31:20 PM,-2.68
10103,4/9/2022 5:31:24 PM,-2.68
10103,4/9/2022 5:31:28 PM,-2.90
10103,4/9/2022 5:31:32 PM,-2.91
10103,4/9/2022 5:31:36 PM,-2.68
10103,4/9/2022 5:31:40 PM,-3.20
10103,4/9/2022 5:31:44 PM,-2.68
10103,4/9/2022 5:31:48 PM,-2.68
10103,4/9/2022 5:31:52 PM,-3.12
10103,4/9/2022 5:31:56 PM,-2.70
10103,4/9/2022 5:32:00 PM,-2.67
10103,4/9/2022 5:32:04 PM,-2.22
10103,4/9/2022 5:32:08 PM,-2.68
10103,4/9/2022 5:32:12 PM,-2.68
10103,4/9/2022 5:32:16 PM,-3.14
10103,4/9/2022 5:32:20 PM,-2.68
10103,4/9/2022 5:32:24 PM,-3.36
10103,4/9/2022 5:32:28 PM,-2.21
10103,4/9/2022 5:32:32 PM,-2.68
10103,4/9/2022 5:32:36 PM,-2.68
10103,4/9/2022 5:32:40 PM,-2.68
10103,4/9/2022 5:32:44 PM,-2.68
10103,4/9/2022 5:32:48 PM,-2.68
10103,4/9/2022 5:32:52 PM,-3.36
10103,4/9/2022 5:32:56 PM,-2.47
10103,4/9/2022 5:33:00 PM,-2.67
10103,4/9/2022 5:33:04 PM,-3.83
10103,4/9/2022 5:33:08 PM,-3.36
10103,4/9/2022 5:33:12 PM,-2.69
10103,4/9/2022 5:33:16 PM,-2.68
10103,4/9/2022 5:33:20 PM,-3.13
10103,4/9/2022 5:33:24 PM,-2.00
10103,4/9/2022 5:33:28 PM,-2.46
10103,4/9/2022 5:33:32 PM,-1.99
10103,4/9/2022 5:33:36 PM,-2.67
10103,4/9/2022 5:33:40 PM,-3.12
10103,4/9/2022 5:33:44 PM,-3.15
10103,4/9/2022 5:33:48 PM,-2.68
10103,4/9/2022 5:33:52 PM,-2.46
10103,4/9/2022 5:33:56 PM,-2.44
10103,4/9/2022 5:34:00 PM,-2.68
10103,4/9/2022 5:34:04 PM,-2.68
10103,4/9/2022 5:34:08 PM,-2.68
10103,4/9/2022 5:34:12 PM,-3.36
10103,4/9/2022 5:34:16 PM,-2.68
10103,4/9/2022 5:34:20 PM,-2.68
10103,4/9/2022 5:34:24 PM,-2.68
10103,4/9/2022 5:34:28 PM,-2.21
10103,4/9/2022 5:34:32 PM,-3.13
10103,4/9/2022 5:34:36 PM,-2.68
10103,4/9/2022 5:34:40 PM,-2.90
10103,4/9/2022 5:34:44 PM,-2.47
10103,4/9/2022 5:34:48 PM,-2.67
10103,4/9/2022 5:34:52 PM,-3.14
10103,4/9/2022 5:34:56 PM,-3.13
10103,4/9/2022 5:35:00 PM,-2.68
10103,4/9/2022 5:35:04 PM,-2.68
10103,4/9/2022 5:35:08 PM,-3.58
10103,4/9/2022 5:35:12 PM,-3.37
10103,4/9/2022 5:35:16 PM,-3.60
10103,4/9/2022 5:35:20 PM,-2.23
10103,4/9/2022 5:35:24 PM,-2.67
10103,4/9/2022 5:35:28 PM,-2.68
10103,4/9/2022 5:35:32 PM,-2.68
10103,4/9/2022 5:35:36 PM,-2.68
10103,4/9/2022 5:35:40 PM,-2.18
10103,4/9/2022 5:35:44 PM,-3.07
10103,4/9/2022 5:35:48 PM,-2.68
10103,4/9/2022 5:35:52 PM,-2.46
10103,4/9/2022 5:35:56 PM,-2.44
10103,4/9/2022 5:36:00 PM,-2.68
10103,4/9/2022 5:36:04 PM,-2.90
10103,4/9/2022 5:36:08 PM,-2.91
10103,4/9/2022 5:36:12 PM,-3.35
10103,4/9/2022 5:36:16 PM,-3.14
10103,4/9/2022 5:36:20 PM,-2.68
10103,4/9/2022 5:36:24 PM,-2.68
10103,4/9/2022 5:36:28 PM,-2.43
10103,4/9/2022 5:36:32 PM,-2.46
10103,4/9/2022 5:36:36 PM,-2.67
10103,4/9/2022 5:36:40 PM,-2.68
10103,4/9/2022 5:36:44 PM,-2.68
10103,4/9/2022 5:36:48 PM,-2.68
10103,4/9/2022 5:36:52 PM,-2.90
10103,4/9/2022 5:36:56 PM,-3.36
10103,4/9/2022 5:37:00 PM,-2.01
10103,4/9/2022 5:37:04 PM,-2.68
10103,4/9/2022 5:37:08 PM,-2.68
10103,4/9/2022 5:37:12 PM,-2.68
10103,4/9/2022 5:37:16 PM,-3.14
10103,4/9/2022 5:37:20 PM,-2.23
10103,4/9/2022 5:37:24 PM,-2.67
10103,4/9/2022 5:37:28 PM,-3.36
10103,4/9/2022 5:37:32 PM,-2.91
10103,4/9/2022 5:37:36 PM,-2.00
10103,4/9/2022 5:37:40 PM,-2.86
10103,4/9/2022 5:37:44 PM,-2.59
10103,4/9/2022 5:37:48 PM,-2.67
10103,4/9/2022 5:37:52 PM,-3.36
10103,4/9/2022 5:37:56 PM,-3.36
10103,4/9/2022 5:38:00 PM,-3.36
10103,4/9/2022 5:38:04 PM,-2.68
10103,4/9/2022 5:38:08 PM,-2.68
10103,4/9/2022 5:38:12 PM,-3.35
10103,4/9/2022 5:38:16 PM,-3.14
10103,4/9/2022 5:38:20 PM,-2.68
10103,4/9/2022 5:38:24 PM,-2.68
10103,4/9/2022 5:38:28 PM,-2.90
10103,4/9/2022 5:38:32 PM,-2.91
10103,4/9/2022 5:38:36 PM,-2.00
10103,4/9/2022 5:38:40 PM,-3.61
10103,4/9/2022 5:38:44 PM,-2.23
10103,4/9/2022 5:38:48 PM,-1.31
10103,4/9/2022 5:38:52 PM,-2.92
10103,4/9/2022 5:38:56 PM,-2.89
10103,4/9/2022 5:39:00 PM,-3.36
10103,4/9/2022 5:39:04 PM,-2.68
10103,4/9/2022 5:39:08 PM,-2.23
10103,4/9/2022 5:39:12 PM,-2.67
10103,4/9/2022 5:39:16 PM,-2.68
10103,4/9/2022 5:39:20 PM,-2.68
10103,4/9/2022 5:39:24 PM,-2.00
10103,4/9/2022 5:39:28 PM,-2.68
10103,4/9/2022 5:39:32 PM,-2.68
10103,4/9/2022 5:39:36 PM,-2.68
10103,4/9/2022 5:39:40 PM,-3.18
10103,4/9/2022 5:39:44 PM,-2.68
10103,4/9/2022 5:39:48 PM,-4.04
10103,4/9/2022 5:39:52 PM,-3.36
10103,4/9/2022 5:39:56 PM,-2.92
10103,4/9/2022 5:40:00 PM,-3.35
10103,4/9/2022 5:40:04 PM,-2.68
10103,4/9/2022 5:40:08 PM,-2.68
10103,4/9/2022 5:40:12 PM,-2.68
10103,4/9/2022 5:40:16 PM,-2.46
10103,4/9/2022 5:40:20 PM,-1.99
10103,4/9/2022 5:40:24 PM,-2.67
10103,4/9/2022 5:40:28 PM,-1.99
10103,4/9/2022 5:40:32 PM,-2.89
10103,4/9/2022 5:40:36 PM,-2.01
10103,4/9/2022 5:40:40 PM,-2.68
10103,4/9/2022 5:40:44 PM,-2.68
10103,4/9/2022 5:40:48 PM,-2.68
10103,4/9/2022 5:40:52 PM,-2.68
10103,4/9/2022 5:40:56 PM,-3.13
10103,4/9/2022 5:41:00 PM,-3.36
10103,4/9/2022 5:41:04 PM,-2.68
10103,4/9/2022 5:41:08 PM,-3.13
10103,4/9/2022 5:41:12 PM,-3.36
10103,4/9/2022 5:41:16 PM,-3.14
10103,4/9/2022 5:41:20 PM,-3.13
10103,4/9/2022 5:41:24 PM,-2.68
10103,4/9/2022 5:41:28 PM,-1.99
10103,4/9/2022 5:41:32 PM,-2.89
10103,4/9/2022 5:41:36 PM,-2.68
10103,4/9/2022 5:41:40 PM,-2.90
10103,4/9/2022 5:41:44 PM,-3.36
10103,4/9/2022 5:41:48 PM,-2.69
10103,4/9/2022 5:41:52 PM,-2.21
10103,4/9/2022 5:41:56 PM,-2.68
10103,4/9/2022 5:42:00 PM,-2.68
10103,4/9/2022 5:42:04 PM,-2.68
10103,4/9/2022 5:42:08 PM,-2.23
10103,4/9/2022 5:42:12 PM,-3.34
10103,4/9/2022 5:42:16 PM,-3.83
10103,4/9/2022 5:42:20 PM,-2.47
10103,4/9/2022 5:42:24 PM,-3.35
10103,4/9/2022 5:42:28 PM,-2.93
10103,4/9/2022 5:42:32 PM,-3.34
10103,4/9/2022 5:42:36 PM,-2.69
10103,4/9/2022 5:42:40 PM,-2.68
10103,4/9/2022 5:42:44 PM,-2.68
10103,4/9/2022 5:42:48 PM,-2.00
10103,4/9/2022 5:42:52 PM,-2.68
10103,4/9/2022 5:42:56 PM,-2.68
10103,4/9/2022 5:43:00 PM,-2.68
10103,4/9/2022 5:43:04 PM,-3.14
10103,4/9/2022 5:43:08 PM,-2.68
10103,4/9/2022 5:43:12 PM,-3.35
10103,4/9/2022 5:43:16 PM,-2.68
10103,4/9/2022 5:43:20 PM,-2.68
10103,4/9/2022 5:43:24 PM,-2.68
10103,4/9/2022 5:43:28 PM,-2.46
10103,4/9/2022 5:43:32 PM,-1.99
10103,4/9/2022 5:43:36 PM,-4.03
10103,4/9/2022 5:43:40 PM,-2.68
10103,4/9/2022 5:43:44 PM,-3.12
10103,4/9/2022 5:43:48 PM,-2.00
10103,4/9/2022 5:43:52 PM,-2.90
10103,4/9/2022 5:43:56 PM,-3.36
10103,4/9/2022 5:44:00 PM,-2.69
10103,4/9/2022 5:44:04 PM,-2.68
10103,4/9/2022 5:44:08 PM,-2.68
10103,4/9/2022 5:44:12 PM,-2.68
10103,4/9/2022 5:44:16 PM,-2.68
10103,4/9/2022 5:44:20 PM,-2.23
10103,4/9/2022 5:44:24 PM,-3.35
10103,4/9/2022 5:44:28 PM,-2.68
10103,4/9/2022 5:44:32 PM,-2.68
10103,4/9/2022 5:44:36 PM,-2.68
10103,4/9/2022 5:44:40 PM,-2.68
10103,4/9/2022 5:44:44 PM,-2.68
10103,4/9/2022 5:44:48 PM,-2.68
10103,4/9/2022 5:44:52 PM,-3.14
10103,4/9/2022 5:44:56 PM,-2.68
10103,4/9/2022 5:45:00 PM,-2.68
10103,4/9/2022 5:45:04 PM,-2.92
10103,4/9/2022 5:45:08 PM,-2.89
10103,4/9/2022 5:45:12 PM,-2.69
10103,4/9/2022 5:45:16 PM,-2.68
10103,4/9/2022 5:45:20 PM,-3.13
10103,4/9/2022 5:45:24 PM,-2.68
10103,4/9/2022 5:45:28 PM,-2.68
10103,4/9/2022 5:45:32 PM,-2.68
10103,4/9/2022 5:45:36 PM,-2.68
10103,4/9/2022 5:45:40 PM,-2.44
10103,4/9/2022 5:45:44 PM,-2.97
10103,4/9/2022 5:45:48 PM,-3.36
10103,4/9/2022 5:45:52 PM,-2.44
10103,4/9/2022 5:45:56 PM,-2.92
10103,4/9/2022 5:46:00 PM,-2.68
10103,4/9/2022 5:46:04 PM,-2.46
10103,4/9/2022 5:46:08 PM,-3.35
10103,4/9/2022 5:46:12 PM,-2.69
10103,4/9/2022 5:46:16 PM,-2.22
10103,4/9/2022 5:46:20 PM,-2.68
10103,4/9/2022 5:46:24 PM,-2.68
10103,4/9/2022 5:46:28 PM,-3.58
10103,4/9/2022 5:46:32 PM,-3.15
10103,4/9/2022 5:46:36 PM,-2.68
10103,4/9/2022 5:46:40 PM,-2.46
10103,4/9/2022 5:46:44 PM,-2.44
10103,4/9/2022 5:46:48 PM,-2.68
10103,4/9/2022 5:46:52 PM,-2.90
10103,4/9/2022 5:46:56 PM,-2.92
10103,4/9/2022 5:47:00 PM,-2.00
10103,4/9/2022 5:47:04 PM,-2.68
10103,4/9/2022 5:47:08 PM,-2.23
10103,4/9/2022 5:47:12 PM,-2.67
10103,4/9/2022 5:47:16 PM,-2.90
10103,4/9/2022 5:47:20 PM,-2.91
10103,4/9/2022 5:47:24 PM,-3.36
10103,4/9/2022 5:47:28 PM,-2.90
10103,4/9/2022 5:47:32 PM,-2.91
10103,4/9/2022 5:47:36 PM,-2.68
10103,4/9/2022 5:47:40 PM,-2.68
10103,4/9/2022 5:47:44 PM,-3.13
10103,4/9/2022 5:47:48 PM,-2.00
10103,4/9/2022 5:47:52 PM,-2.46
10103,4/9/2022 5:47:56 PM,-3.34
10103,4/9/2022 5:48:00 PM,-2.69
10103,4/9/2022 5:48:04 PM,-3.83
10103,4/9/2022 5:48:08 PM,-3.36
10103,4/9/2022 5:48:12 PM,-4.04
10103,4/9/2022 5:48:16 PM,-3.14
10103,4/9/2022 5:48:20 PM,-3.58
10103,4/9/2022 5:48:24 PM,-2.01
10103,4/9/2022 5:48:28 PM,-3.14
10103,4/9/2022 5:48:32 PM,-2.68
10103,4/9/2022 5:48:36 PM,-2.68
10103,4/9/2022 5:48:40 PM,-2.68
10103,4/9/2022 5:48:44 PM,-2.68
10103,4/9/2022 5:48:48 PM,-2.68
10103,4/9/2022 5:48:52 PM,-2.90
10103,4/9/2022 5:48:56 PM,-3.81
10103,4/9/2022 5:49:00 PM,-2.70
10103,4/9/2022 5:49:04 PM,-2.46
10103,4/9/2022 5:49:08 PM,-2.44
10103,4/9/2022 5:49:12 PM,-3.36
10103,4/9/2022 5:49:16 PM,-3.60
10103,4/9/2022 5:49:20 PM,-2.23
10103,4/9/2022 5:49:24 PM,-2.67
10103,4/9/2022 5:49:28 PM,-2.43
10103,4/9/2022 5:49:32 PM,-2.91
10103,4/9/2022 5:49:36 PM,-2.68
10103,4/9/2022 5:49:40 PM,-2.90
10103,4/9/2022 5:49:44 PM,-2.91
10103,4/9/2022 5:49:48 PM,-3.29
10103,4/9/2022 5:49:52 PM,-2.21
10103,4/9/2022 5:49:56 PM,-2.68
10103,4/9/2022 5:50:00 PM,-4.04
10103,4/9/2022 5:50:04 PM,-2.90
10103,4/9/2022 5:50:08 PM,-3.36
10103,4/9/2022 5:50:12 PM,-2.69
10103,4/9/2022 5:50:16 PM,-3.36
10103,4/9/2022 5:50:20 PM,-3.81
10103,4/9/2022 5:50:24 PM,-2.69
10103,4/9/2022 5:50:28 PM,-2.68
10103,4/9/2022 5:50:32 PM,-3.13
10103,4/9/2022 5:50:36 PM,-2.68
10103,4/9/2022 5:50:40 PM,-2.68
10103,4/9/2022 5:50:44 PM,-3.13
10103,4/9/2022 5:50:48 PM,-2.68
10103,4/9/2022 5:50:52 PM,-2.22
10103,4/9/2022 5:50:56 PM,-3.13
10103,4/9/2022 5:51:00 PM,-2.68
10103,4/9/2022 5:51:04 PM,-2.68
10103,4/9/2022 5:51:08 PM,-2.68
10103,4/9/2022 5:51:12 PM,-3.35
10103,4/9/2022 5:51:16 PM,-2.46
10103,4/9/2022 5:51:20 PM,-2.89
10103,4/9/2022 5:51:24 PM,-3.36
10103,4/9/2022 5:51:28 PM,-2.93
10103,4/9/2022 5:51:32 PM,-2.89
10103,4/9/2022 5:51:36 PM,-2.68
10103,4/9/2022 5:51:40 PM,-2.46
10103,4/9/2022 5:51:44 PM,-1.99
10103,4/9/2022 5:51:48 PM,-2.60
10103,4/9/2022 5:51:52 PM,-2.68
10103,4/9/2022 5:51:56 PM,-3.12
10103,4/9/2022 5:52:00 PM,-3.36
10103,4/9/2022 5:52:04 PM,-2.68
10103,4/9/2022 5:52:08 PM,-2.68
10103,4/9/2022 5:52:12 PM,-3.35
10103,4/9/2022 5:52:16 PM,-2.68
10103,4/9/2022 5:52:20 PM,-2.68
10103,4/9/2022 5:52:24 PM,-2.68
10103,4/9/2022 5:52:28 PM,-2.90
10103,4/9/2022 5:52:32 PM,-3.36
10103,4/9/2022 5:52:36 PM,-3.36
10103,4/9/2022 5:52:40 PM,-2.46
10103,4/9/2022 5:52:44 PM,-2.44
10103,4/9/2022 5:52:48 PM,-3.36
10103,4/9/2022 5:52:52 PM,-2.44
10103,4/9/2022 5:52:56 PM,-2.92
10103,4/9/2022 5:53:00 PM,-2.00
10103,4/9/2022 5:53:04 PM,-2.68
10103,4/9/2022 5:53:08 PM,-2.68
10103,4/9/2022 5:53:12 PM,-2.68
10103,4/9/2022 5:53:16 PM,-2.46
10103,4/9/2022 5:53:20 PM,-2.44
10103,4/9/2022 5:53:24 PM,-2.68
10103,4/9/2022 5:53:28 PM,-2.43
10103,4/9/2022 5:53:32 PM,-3.36
10103,4/9/2022 5:53:36 PM,-3.36
10103,4/9/2022 5:53:40 PM,-2.68
10103,4/9/2022 5:53:44 PM,-2.68
10103,4/9/2022 5:53:48 PM,-3.36
10103,4/9/2022 5:53:52 PM,-2.68
10103,4/9/2022 5:53:56 PM,-2.23
10103,4/9/2022 5:54:00 PM,-3.34
10103,4/9/2022 5:54:04 PM,-3.14
10103,4/9/2022 5:54:08 PM,-3.13
10103,4/9/2022 5:54:12 PM,-2.69
10103,4/9/2022 5:54:16 PM,-2.68
10103,4/9/2022 5:54:20 PM,-2.68
10103,4/9/2022 5:54:24 PM,-3.36
10103,4/9/2022 5:54:28 PM,-3.83
10103,4/9/2022 5:54:32 PM,-2.91
10103,4/9/2022 5:54:36 PM,-4.04
10103,4/9/2022 5:54:40 PM,-2.90
10103,4/9/2022 5:54:44 PM,-2.92
10103,4/9/2022 5:54:48 PM,-2.68
10103,4/9/2022 5:54:52 PM,-2.68
10103,4/9/2022 5:54:56 PM,-2.68
10103,4/9/2022 5:55:00 PM,-2.00
10103,4/9/2022 5:55:04 PM,-2.68
10103,4/9/2022 5:55:08 PM,-2.68
10103,4/9/2022 5:55:12 PM,-3.35
10103,4/9/2022 5:55:16 PM,-3.12
10103,4/9/2022 5:55:20 PM,-2.70
10103,4/9/2022 5:55:24 PM,-1.99
10103,4/9/2022 5:55:28 PM,-2.68
10103,4/9/2022 5:55:32 PM,-3.13
10103,4/9/2022 5:55:36 PM,-3.36
10103,4/9/2022 5:55:40 PM,-2.89
10103,4/9/2022 5:55:44 PM,-2.92
10103,4/9/2022 5:55:48 PM,-2.68
10103,4/9/2022 5:55:52 PM,-2.21
10103,4/9/2022 5:55:56 PM,-2.68
10103,4/9/2022 5:56:00 PM,-3.36
10103,4/9/2022 5:56:04 PM,-2.52
10103,4/9/2022 5:56:08 PM,-2.89
10103,4/9/2022 5:56:12 PM,-2.69
10103,4/9/2022 5:56:16 PM,-2.21
10103,4/9/2022 5:56:20 PM,-2.68
10103,4/9/2022 5:56:24 PM,-3.36
10103,4/9/2022 5:56:28 PM,-2.21
10103,4/9/2022 5:56:32 PM,-2.68
10103,4/9/2022 5:56:36 PM,-2.68
10103,4/9/2022 5:56:40 PM,-3.15
10103,4/9/2022 5:56:44 PM,-2.68
10103,4/9/2022 5:56:48 PM,-3.36
10103,4/9/2022 5:56:52 PM,-3.14
10103,4/9/2022 5:56:56 PM,-3.12
10103,4/9/2022 5:57:00 PM,-4.04
10103,4/9/2022 5:57:04 PM,-2.68
10103,4/9/2022 5:57:08 PM,-2.68
10103,4/9/2022 5:57:12 PM,-2.00
10103,4/9/2022 5:57:16 PM,-3.36
10103,4/9/2022 5:57:20 PM,-2.91
10103,4/9/2022 5:57:24 PM,-3.36
10103,4/9/2022 5:57:28 PM,-2.68
10103,4/9/2022 5:57:32 PM,-3.13
10103,4/9/2022 5:57:36 PM,-4.04
10103,4/9/2022 5:57:40 PM,-2.46
10103,4/9/2022 5:57:44 PM,-1.99
10103,4/9/2022 5:57:48 PM,-3.36
10103,4/9/2022 5:57:52 PM,-2.68
10103,4/9/2022 5:57:56 PM,-3.57
10103,4/9/2022 5:58:00 PM,-3.37
10103,4/9/2022 5:58:04 PM,-2.92
10103,4/9/2022 5:58:08 PM,-2.45
10103,4/9/2022 5:58:12 PM,-3.36
10103,4/9/2022 5:58:16 PM,-3.36
10103,4/9/2022 5:58:20 PM,-2.91
10103,4/9/2022 5:58:24 PM,-3.36
10103,4/9/2022 5:58:28 PM,-3.17
10103,4/9/2022 5:58:32 PM,-2.27
10103,4/9/2022 5:58:36 PM,-2.67
10103,4/9/2022 5:58:40 PM,-2.90
10103,4/9/2022 5:58:44 PM,-2.92
10103,4/9/2022 5:58:48 PM,-2.68
10103,4/9/2022 5:58:52 PM,-2.68
10103,4/9/2022 5:58:56 PM,-2.23
10103,4/9/2022 5:59:00 PM,-2.67
10103,4/9/2022 5:59:04 PM,-2.68
10103,4/9/2022 5:59:08 PM,-2.68
10103,4/9/2022 5:59:12 PM,-2.68
10103,4/9/2022 5:59:16 PM,-3.14
10103,4/9/2022 5:59:20 PM,-2.68
10103,4/9/2022 5:59:24 PM,-2.68
10103,4/9/2022 5:59:28 PM,-2.68
10103,4/9/2022 5:59:32 PM,-3.13
10103,4/9/2022 5:59:36 PM,-2.68
10103,4/9/2022 5:59:40 PM,-2.90
10103,4/9/2022 5:59:44 PM,-2.91
10103,4/9/2022 5:59:48 PM,-2.68
10103,4/9/2022 5:59:52 PM,-2.68
10103,4/9/2022 5:59:56 PM,-3.13
10103,4/9/2022 6:00:00 PM,-3.36
10103,4/9/2022 6:00:04 PM,-3.36
10103,4/9/2022 6:00:08 PM,-2.46
10103,4/9/2022 6:00:12 PM,-3.35
10103,4/9/2022 6:00:16 PM,-2.68
10103,4/9/2022 6:00:20 PM,-2.68
10103,4/9/2022 6:00:24 PM,-4.04
10103,4/9/2022 6:00:28 PM,-2.21
10103,4/9/2022 6:00:32 PM,-2.23
10103,4/9/2022 6:00:36 PM,-2.67
10103,4/9/2022 6:00:40 PM,-2.68
10103,4/9/2022 6:00:44 PM,-3.13
10103,4/9/2022 6:00:48 PM,-3.36
10103,4/9/2022 6:00:52 PM,-2.68
10103,4/9/2022 6:00:56 PM,-2.23
10103,4/9/2022 6:01:00 PM,-3.35
10103,4/9/2022 6:01:04 PM,-2.68
10103,4/9/2022 6:01:08 PM,-2.68
10103,4/9/2022 6:01:12 PM,-2.00
10103,4/9/2022 6:01:16 PM,-2.68
10103,4/9/2022 6:01:20 PM,-2.68
10103,4/9/2022 6:01:24 PM,-2.68
10103,4/9/2022 6:01:28 PM,-2.90
10103,4/9/2022 6:01:32 PM,-2.91
10103,4/9/2022 6:01:36 PM,-2.68
10103,4/9/2022 6:01:40 PM,-2.68
10103,4/9/2022 6:01:44 PM,-2.23
10103,4/9/2022 6:01:48 PM,-1.99
10103,4/9/2022 6:01:52 PM,-2.68
10103,4/9/2022 6:01:56 PM,-3.13
10103,4/9/2022 6:02:00 PM,-2.68
10103,4/9/2022 6:02:04 PM,-2.90
10103,4/9/2022 6:02:08 PM,-2.91
10103,4/9/2022 6:02:12 PM,-3.36
10103,4/9/2022 6:02:16 PM,-2.33
10103,4/9/2022 6:02:20 PM,-2.91
10103,4/9/2022 6:02:24 PM,-3.36
10103,4/9/2022 6:02:28 PM,-2.68
10103,4/9/2022 6:02:32 PM,-3.58
10103,4/9/2022 6:02:36 PM,-2.69
10103,4/9/2022 6:02:40 PM,-2.24
10103,4/9/2022 6:02:44 PM,-2.20
10103,4/9/2022 6:02:48 PM,-2.68
10103,4/9/2022 6:02:52 PM,-2.22
10103,4/9/2022 6:02:56 PM,-3.13
10103,4/9/2022 6:03:00 PM,-2.68
10103,4/9/2022 6:03:04 PM,-2.22
10103,4/9/2022 6:03:08 PM,-2.68
10103,4/9/2022 6:03:12 PM,-2.68
10103,4/9/2022 6:03:16 PM,-3.14
10103,4/9/2022 6:03:20 PM,-2.23
10103,4/9/2022 6:03:24 PM,-2.67
10103,4/9/2022 6:03:28 PM,-2.68
10103,4/9/2022 6:03:32 PM,-2.68
10103,4/9/2022 6:03:36 PM,-2.00
10103,4/9/2022 6:03:40 PM,-2.68
10103,4/9/2022 6:03:44 PM,-2.68
10103,4/9/2022 6:03:48 PM,-2.68
10103,4/9/2022 6:03:52 PM,-2.68
10103,4/9/2022 6:03:56 PM,-2.68
10103,4/9/2022 6:04:00 PM,-2.68
10103,4/9/2022 6:04:04 PM,-2.44
10103,4/9/2022 6:04:08 PM,-2.91
10103,4/9/2022 6:04:12 PM,-2.68
10103,4/9/2022 6:04:16 PM,-2.21
10103,4/9/2022 6:04:20 PM,-2.68
10103,4/9/2022 6:04:24 PM,-2.68
10103,4/9/2022 6:04:28 PM,-2.46
10103,4/9/2022 6:04:32 PM,-2.44
10103,4/9/2022 6:04:36 PM,-3.36
10103,4/9/2022 6:04:40 PM,-3.14
10103,4/9/2022 6:04:44 PM,-3.10
10103,4/9/2022 6:04:48 PM,-2.68
10103,4/9/2022 6:04:52 PM,-3.36
10103,4/9/2022 6:04:56 PM,-2.92
10103,4/9/2022 6:05:00 PM,-3.36
10103,4/9/2022 6:05:04 PM,-2.68
10103,4/9/2022 6:05:08 PM,-2.68
10103,4/9/2022 6:05:12 PM,-3.35
10103,4/9/2022 6:05:16 PM,-2.68
10103,4/9/2022 6:05:20 PM,-2.68
10103,4/9/2022 6:05:24 PM,-2.68
10103,4/9/2022 6:05:28 PM,-2.68
10103,4/9/2022 6:05:32 PM,-2.68
10103,4/9/2022 6:05:36 PM,-2.68
10103,4/9/2022 6:05:40 PM,-1.99
10103,4/9/2022 6:05:44 PM,-2.44
10103,4/9/2022 6:05:48 PM,-2.68
10103,4/9/2022 6:05:52 PM,-3.14
10103,4/9/2022 6:05:56 PM,-2.68
10103,4/9/2022 6:06:00 PM,-2.68
10103,4/9/2022 6:06:04 PM,-2.68
10103,4/9/2022 6:06:08 PM,-2.23
10103,4/9/2022 6:06:12 PM,-2.67
10103,4/9/2022 6:06:16 PM,-3.15
10103,4/9/2022 6:06:20 PM,-2.23
10103,4/9/2022 6:06:24 PM,-2.67
10103,4/9/2022 6:06:28 PM,-3.14
10103,4/9/2022 6:06:32 PM,-2.68
10103,4/9/2022 6:06:36 PM,-2.00
10103,4/9/2022 6:06:40 PM,-2.68
10103,4/9/2022 6:06:44 PM,-2.68
10103,4/9/2022 6:06:48 PM,-3.36
10103,4/9/2022 6:06:52 PM,-3.14
10103,4/9/2022 6:06:56 PM,-3.13
10103,4/9/2022 6:07:00 PM,-2.68
10103,4/9/2022 6:07:04 PM,-2.43
10103,4/9/2022 6:07:08 PM,-2.47
10103,4/9/2022 6:07:12 PM,-2.67
10103,4/9/2022 6:07:16 PM,-3.36
10103,4/9/2022 6:07:20 PM,-2.91
10103,4/9/2022 6:07:24 PM,-3.36
10103,4/9/2022 6:07:28 PM,-2.90
10103,4/9/2022 6:07:32 PM,-3.36
10103,4/9/2022 6:07:36 PM,-2.68
10103,4/9/2022 6:07:40 PM,-2.68
10103,4/9/2022 6:07:44 PM,-3.57
10103,4/9/2022 6:07:48 PM,-2.69
10103,4/9/2022 6:07:52 PM,-3.14
10103,4/9/2022 6:07:56 PM,-2.23
10103,4/9/2022 6:08:00 PM,-1.99
10103,4/9/2022 6:08:04 PM,-2.90
10103,4/9/2022 6:08:08 PM,-2.91
10103,4/9/2022 6:08:12 PM,-3.35
10103,4/9/2022 6:08:16 PM,-2.90
10103,4/9/2022 6:08:20 PM,-2.47
10103,4/9/2022 6:08:24 PM,-3.35
10103,4/9/2022 6:08:28 PM,-3.36
10103,4/9/2022 6:08:32 PM,-2.91
10103,4/9/2022 6:08:36 PM,-3.36
10103,4/9/2022 6:08:40 PM,-2.90
10103,4/9/2022 6:08:44 PM,-2.92
10103,4/9/2022 6:08:48 PM,-2.68
10103,4/9/2022 6:08:52 PM,-2.68
10103,4/9/2022 6:08:56 PM,-2.68
10103,4/9/2022 6:09:00 PM,-2.00
10103,4/9/2022 6:09:04 PM,-2.68
10103,4/9/2022 6:09:08 PM,-3.13
10103,4/9/2022 6:09:12 PM,-3.36
10103,4/9/2022 6:09:16 PM,-2.68
10103,4/9/2022 6:09:20 PM,-2.68
10103,4/9/2022 6:09:24 PM,-2.68
10103,4/9/2022 6:09:28 PM,-3.36
10103,4/9/2022 6:09:32 PM,-2.47
10103,4/9/2022 6:09:36 PM,-3.35
10103,4/9/2022 6:09:40 PM,-2.68
10103,4/9/2022 6:09:44 PM,-3.13
10103,4/9/2022 6:09:48 PM,-4.04
10103,4/9/2022 6:09:52 PM,-2.21
10103,4/9/2022 6:09:56 PM,-2.68
10103,4/9/2022 6:10:00 PM,-2.68
10103,4/9/2022 6:10:04 PM,-2.46
10103,4/9/2022 6:10:08 PM,-1.99
10103,4/9/2022 6:10:12 PM,-1.99
10103,4/9/2022 6:10:16 PM,-2.68
10103,4/9/2022 6:10:20 PM,-2.68
10103,4/9/2022 6:10:24 PM,-2.00
10103,4/9/2022 6:10:28 PM,-3.14
10103,4/9/2022 6:10:32 PM,-3.13
10103,4/9/2022 6:10:36 PM,-2.68
10103,4/9/2022 6:10:40 PM,-2.92
10103,4/9/2022 6:10:44 PM,-1.99
10103,4/9/2022 6:10:48 PM,-2.68
10103,4/9/2022 6:10:52 PM,-3.14
10103,4/9/2022 6:10:56 PM,-3.13
10103,4/9/2022 6:11:00 PM,-2.68
10103,4/9/2022 6:11:04 PM,-2.68
10103,4/9/2022 6:11:08 PM,-2.68
10103,4/9/2022 6:11:12 PM,-2.68
10103,4/9/2022 6:11:16 PM,-2.68
10103,4/9/2022 6:11:20 PM,-2.68
10103,4/9/2022 6:11:24 PM,-2.68
10103,4/9/2022 6:11:28 PM,-2.46
10103,4/9/2022 6:11:32 PM,-2.44
10103,4/9/2022 6:11:36 PM,-2.68
10103,4/9/2022 6:11:40 PM,-2.90
10103,4/9/2022 6:11:44 PM,-2.91
10103,4/9/2022 6:11:48 PM,-3.36
10103,4/9/2022 6:11:52 PM,-2.68
10103,4/9/2022 6:11:56 PM,-2.68
10103,4/9/2022 6:12:00 PM,-2.00
10103,4/9/2022 6:12:04 PM,-2.46
10103,4/9/2022 6:12:08 PM,-2.90
10103,4/9/2022 6:12:12 PM,-3.36
10103,4/9/2022 6:12:16 PM,-2.22
10103,4/9/2022 6:12:20 PM,-2.68
10103,4/9/2022 6:12:24 PM,-2.00
10103,4/9/2022 6:12:28 PM,-2.66
10103,4/9/2022 6:12:32 PM,-3.20
10103,4/9/2022 6:12:36 PM,-2.68
10103,4/9/2022 6:12:40 PM,-2.68
10103,4/9/2022 6:12:44 PM,-3.13
10103,4/9/2022 6:12:48 PM,-2.68
10103,4/9/2022 6:12:52 PM,-1.99
10103,4/9/2022 6:12:56 PM,-2.44
10103,4/9/2022 6:13:00 PM,-3.36
10103,4/9/2022 6:13:04 PM,-2.68
10103,4/9/2022 6:13:08 PM,-2.23
10103,4/9/2022 6:13:12 PM,-3.35
10103,4/9/2022 6:13:16 PM,-2.68
10103,4/9/2022 6:13:20 PM,-2.68
10103,4/9/2022 6:13:24 PM,-2.00
10103,4/9/2022 6:13:28 PM,-3.14
10103,4/9/2022 6:13:32 PM,-3.58
10103,4/9/2022 6:13:36 PM,-3.37
10103,4/9/2022 6:13:40 PM,-2.89
10103,4/9/2022 6:13:44 PM,-2.48
10103,4/9/2022 6:13:48 PM,-1.99
10103,4/9/2022 6:13:52 PM,-2.21
10103,4/9/2022 6:13:56 PM,-2.68
10103,4/9/2022 6:14:00 PM,-2.68
10103,4/9/2022 6:14:04 PM,-2.44
10103,4/9/2022 6:14:08 PM,-3.36
10103,4/9/2022 6:14:12 PM,-2.69
10103,4/9/2022 6:14:16 PM,-1.99
10103,4/9/2022 6:14:20 PM,-2.44
10103,4/9/2022 6:14:24 PM,-2.68
10103,4/9/2022 6:14:28 PM,-3.36
10103,4/9/2022 6:14:32 PM,-2.91
10103,4/9/2022 6:14:36 PM,-2.68
10103,4/9/2022 6:14:40 PM,-2.46
10103,4/9/2022 6:14:44 PM,-2.43
10103,4/9/2022 6:14:48 PM,-2.68
10103,4/9/2022 6:14:52 PM,-3.14
10103,4/9/2022 6:14:56 PM,-3.13
10103,4/9/2022 6:15:00 PM,-3.36
10103,4/9/2022 6:15:04 PM,-2.22
10103,4/9/2022 6:15:08 PM,-2.68
10103,4/9/2022 6:15:12 PM,-2.68
10103,4/9/2022 6:15:16 PM,-2.44
10103,4/9/2022 6:15:20 PM,-2.46
10103,4/9/2022 6:15:24 PM,-3.35
10103,4/9/2022 6:15:28 PM,-2.46
10103,4/9/2022 6:15:32 PM,-2.44
10103,4/9/2022 6:15:36 PM,-2.00
10103,4/9/2022 6:15:40 PM,-2.90
10103,4/9/2022 6:15:44 PM,-2.91
10103,4/9/2022 6:15:48 PM,-2.68
10103,4/9/2022 6:15:52 PM,-2.92
10103,4/9/2022 6:15:56 PM,-2.89
10103,4/9/2022 6:16:00 PM,-2.68
10103,4/9/2022 6:16:04 PM,-2.90
10103,4/9/2022 6:16:08 PM,-2.46
10103,4/9/2022 6:16:12 PM,-3.35
10103,4/9/2022 6:16:16 PM,-2.68
10103,4/9/2022 6:16:20 PM,-3.13
10103,4/9/2022 6:16:24 PM,-2.68
10103,4/9/2022 6:16:28 PM,-3.14
10103,4/9/2022 6:16:32 PM,-3.08
10103,4/9/2022 6:16:36 PM,-3.36
10103,4/9/2022 6:16:40 PM,-2.46
10103,4/9/2022 6:16:44 PM,-2.44
10103,4/9/2022 6:16:48 PM,-2.00
10103,4/9/2022 6:16:52 PM,-2.22
10103,4/9/2022 6:16:56 PM,-3.12
10103,4/9/2022 6:17:00 PM,-2.68
10103,4/9/2022 6:17:04 PM,-2.68
10103,4/9/2022 6:17:08 PM,-2.68
10103,4/9/2022 6:17:12 PM,-2.00
10103,4/9/2022 6:17:16 PM,-3.36
10103,4/9/2022 6:17:20 PM,-2.91
10103,4/9/2022 6:17:24 PM,-3.36
10103,4/9/2022 6:17:28 PM,-2.21
10103,4/9/2022 6:17:32 PM,-2.68
10103,4/9/2022 6:17:36 PM,-2.68
10103,4/9/2022 6:17:40 PM,-2.68
10103,4/9/2022 6:17:44 PM,-2.68
10103,4/9/2022 6:17:48 PM,-2.68
10103,4/9/2022 6:17:52 PM,-2.43
10103,4/9/2022 6:17:56 PM,-2.92
10103,4/9/2022 6:18:00 PM,-2.68
10103,4/9/2022 6:18:04 PM,-2.68
10103,4/9/2022 6:18:08 PM,-2.68
10103,4/9/2022 6:18:12 PM,-2.68
10103,4/9/2022 6:18:16 PM,-3.61
10103,4/9/2022 6:18:20 PM,-2.68
10103,4/9/2022 6:18:24 PM,-2.68
10103,4/9/2022 6:18:28 PM,-3.14
10103,4/9/2022 6:18:32 PM,-2.68
10103,4/9/2022 6:18:36 PM,-2.68
10103,4/9/2022 6:18:40 PM,-3.14
10103,4/9/2022 6:18:44 PM,-3.13
10103,4/9/2022 6:18:48 PM,-2.68
10103,4/9/2022 6:18:52 PM,-2.92
10103,4/9/2022 6:18:56 PM,-2.44
10103,4/9/2022 6:19:00 PM,-2.68
10103,4/9/2022 6:19:04 PM,-2.90
10103,4/9/2022 6:19:08 PM,-2.92
10103,4/9/2022 6:19:12 PM,-2.01
10103,4/9/2022 6:19:16 PM,-2.68
10103,4/9/2022 6:19:20 PM,-2.68
10103,4/9/2022 6:19:24 PM,-2.00
10103,4/9/2022 6:19:28 PM,-2.68
10103,4/9/2022 6:19:32 PM,-1.78
10103,4/9/2022 6:19:36 PM,-1.99
10103,4/9/2022 6:19:40 PM,-2.21
10103,4/9/2022 6:19:44 PM,-2.23
10103,4/9/2022 6:19:48 PM,-2.67
10103,4/9/2022 6:19:52 PM,-1.53
10103,4/9/2022 6:19:56 PM,-1.99
10103,4/9/2022 6:20:00 PM,-1.99
10103,4/9/2022 6:20:04 PM,-1.99
10103,4/9/2022 6:20:08 PM,-1.54
10103,4/9/2022 6:20:12 PM,-1.98
10103,4/9/2022 6:20:16 PM,-3.14
10103,4/9/2022 6:20:20 PM,-2.23
10103,4/9/2022 6:20:24 PM,-3.35
10103,4/9/2022 6:20:28 PM,-2.24
10103,4/9/2022 6:20:32 PM,-2.66
10103,4/9/2022 6:20:36 PM,-2.01
10103,4/9/2022 6:20:40 PM,-1.78
10103,4/9/2022 6:20:44 PM,-2.20
10103,4/9/2022 6:20:48 PM,-2.00
10103,4/9/2022 6:20:52 PM,-1.99
10103,4/9/2022 6:20:56 PM,-1.99
10103,4/9/2022 6:21:00 PM,-1.99
10103,4/9/2022 6:21:04 PM,-2.21
10103,4/9/2022 6:21:08 PM,-2.23
10103,4/9/2022 6:21:12 PM,-1.33
10103,4/9/2022 6:21:16 PM,-2.21
10103,4/9/2022 6:21:20 PM,-2.23
10103,4/9/2022 6:21:24 PM,-1.32
10103,4/9/2022 6:21:28 PM,-2.46
10103,4/9/2022 6:21:32 PM,-2.44
10103,4/9/2022 6:21:36 PM,-2.00
10103,4/9/2022 6:21:40 PM,-2.46
10103,4/9/2022 6:21:44 PM,-2.44
10103,4/9/2022 6:21:48 PM,-2.68
10103,4/9/2022 6:21:52 PM,-2.68
10103,4/9/2022 6:21:56 PM,-2.23
10103,4/9/2022 6:22:00 PM,-2.67
10103,4/9/2022 6:22:04 PM,-2.68
10103,4/9/2022 6:22:08 PM,-1.78
10103,4/9/2022 6:22:12 PM,-1.97
10103,4/9/2022 6:22:16 PM,-2.68
10103,4/9/2022 6:22:20 PM,-2.68
10103,4/9/2022 6:22:24 PM,-3.36
10103,4/9/2022 6:22:28 PM,-2.43
10103,4/9/2022 6:22:32 PM,-2.47
10103,4/9/2022 6:22:36 PM,-2.63
10103,4/9/2022 6:22:40 PM,-1.99
10103,4/9/2022 6:22:44 PM,-2.44
10103,4/9/2022 6:22:48 PM,-2.68
10103,4/9/2022 6:22:52 PM,-1.53
10103,4/9/2022 6:22:56 PM,-2.89
10103,4/9/2022 6:23:00 PM,-2.69
10103,4/9/2022 6:23:04 PM,-2.93
10103,4/9/2022 6:23:08 PM,-2.89
10103,4/9/2022 6:23:12 PM,-2.69
10103,4/9/2022 6:23:16 PM,-3.14
10103,4/9/2022 6:23:20 PM,-2.23
10103,4/9/2022 6:23:24 PM,-1.99
10103,4/9/2022 6:23:28 PM,-2.68
10103,4/9/2022 6:23:32 PM,-2.68
10103,4/9/2022 6:23:36 PM,-3.36
10103,4/9/2022 6:23:40 PM,-2.46
10103,4/9/2022 6:23:44 PM,-2.89
10103,4/9/2022 6:23:48 PM,-2.69
10103,4/9/2022 6:23:52 PM,-2.43
10103,4/9/2022 6:23:56 PM,-2.92
10103,4/9/2022 6:24:00 PM,-2.00
10103,4/9/2022 6:24:04 PM,-3.14
10103,4/9/2022 6:24:08 PM,-2.68
10103,4/9/2022 6:24:12 PM,-2.00
10103,4/9/2022 6:24:16 PM,-2.90
10103,4/9/2022 6:24:20 PM,-2.46
10103,4/9/2022 6:24:24 PM,-3.36
10103,4/9/2022 6:24:28 PM,-1.99
10103,4/9/2022 6:24:32 PM,-2.90
10103,4/9/2022 6:24:36 PM,-2.00
10103,4/9/2022 6:24:40 PM,-2.46
10103,4/9/2022 6:24:44 PM,-1.99
10103,4/9/2022 6:24:48 PM,-2.67
10103,4/9/2022 6:24:52 PM,-1.99
10103,4/9/2022 6:24:56 PM,-2.44
10103,4/9/2022 6:25:00 PM,-3.36
10103,4/9/2022 6:25:04 PM,-2.22
10103,4/9/2022 6:25:08 PM,-2.68
10103,4/9/2022 6:25:12 PM,-2.00
10103,4/9/2022 6:25:16 PM,-1.99
10103,4/9/2022 6:25:20 PM,-2.45
10103,4/9/2022 6:25:24 PM,-2.00
10103,4/9/2022 6:25:28 PM,-2.68
10103,4/9/2022 6:25:32 PM,-2.68
10103,4/9/2022 6:25:36 PM,-2.00
10103,4/9/2022 6:25:40 PM,-2.46
10103,4/9/2022 6:25:44 PM,-1.99
10103,4/9/2022 6:25:48 PM,-1.99
10103,4/9/2022 6:25:52 PM,-1.99
10103,4/9/2022 6:25:56 PM,-2.44
10103,4/9/2022 6:26:00 PM,-2.68
10103,4/9/2022 6:26:04 PM,-2.22
10103,4/9/2022 6:26:08 PM,-2.68
10103,4/9/2022 6:26:12 PM,-2.00
10103,4/9/2022 6:26:16 PM,-2.68
10103,4/9/2022 6:26:20 PM,-3.13
10103,4/9/2022 6:26:24 PM,-2.00
10103,4/9/2022 6:26:28 PM,-2.46
10103,4/9/2022 6:26:32 PM,-1.99
10103,4/9/2022 6:26:36 PM,-1.99
10103,4/9/2022 6:26:40 PM,-2.49
10103,4/9/2022 6:26:44 PM,-2.89
10103,4/9/2022 6:26:48 PM,-2.68
10103,4/9/2022 6:26:52 PM,-2.46
10103,4/9/2022 6:26:56 PM,-2.44
10103,4/9/2022 6:27:00 PM,-2.68
10103,4/9/2022 6:27:04 PM,-3.14
10103,4/9/2022 6:27:08 PM,-2.68
10103,4/9/2022 6:27:12 PM,-2.00
10103,4/9/2022 6:27:16 PM,-2.22
10103,4/9/2022 6:27:20 PM,-2.68
10103,4/9/2022 6:27:24 PM,-2.68
10103,4/9/2022 6:27:28 PM,-3.14
10103,4/9/2022 6:27:32 PM,-2.23
10103,4/9/2022 6:27:36 PM,-1.99
10103,4/9/2022 6:27:40 PM,-2.68
10103,4/9/2022 6:27:44 PM,-1.78
10103,4/9/2022 6:27:48 PM,-3.35
10103,4/9/2022 6:27:52 PM,-2.46
10103,4/9/2022 6:27:56 PM,-2.44
10103,4/9/2022 6:28:00 PM,-2.00
10103,4/9/2022 6:28:04 PM,-2.22
10103,4/9/2022 6:28:08 PM,-2.68
10103,4/9/2022 6:28:12 PM,-3.36
10103,4/9/2022 6:28:16 PM,-2.68
10103,4/9/2022 6:28:20 PM,-2.23
10103,4/9/2022 6:28:24 PM,-3.35
10103,4/9/2022 6:28:28 PM,-2.43
10103,4/9/2022 6:28:32 PM,-2.54
10103,4/9/2022 6:28:36 PM,-2.67
10103,4/9/2022 6:28:40 PM,-3.14
10103,4/9/2022 6:28:44 PM,-2.68
10103,4/9/2022 6:28:48 PM,-2.68
10103,4/9/2022 6:28:52 PM,-3.14
10103,4/9/2022 6:28:56 PM,-2.23
10103,4/9/2022 6:29:00 PM,-2.67
10103,4/9/2022 6:29:04 PM,-2.68
10103,4/9/2022 6:29:08 PM,-2.68
10103,4/9/2022 6:29:12 PM,-2.11
10103,4/9/2022 6:29:16 PM,-2.90
10103,4/9/2022 6:29:20 PM,-3.81
10103,4/9/2022 6:29:24 PM,-2.69
10103,4/9/2022 6:29:28 PM,-2.68
10103,4/9/2022 6:29:32 PM,-2.68
10103,4/9/2022 6:29:36 PM,-2.68
10103,4/9/2022 6:29:40 PM,-3.14
10103,4/9/2022 6:29:44 PM,-2.68
10103,4/9/2022 6:29:48 PM,-2.68
10103,4/9/2022 6:29:52 PM,-2.24
10103,4/9/2022 6:29:56 PM,-2.20
10103,4/9/2022 6:30:00 PM,-2.68
10103,4/9/2022 6:30:04 PM,-1.99
10103,4/9/2022 6:30:08 PM,-2.42
10103,4/9/2022 6:30:12 PM,-3.35
10103,4/9/2022 6:30:16 PM,-1.99
10103,4/9/2022 6:30:20 PM,-2.44
10103,4/9/2022 6:30:24 PM,-2.68
10103,4/9/2022 6:30:28 PM,-2.21
10103,4/9/2022 6:30:32 PM,-3.13
10103,4/9/2022 6:30:36 PM,-2.01
10103,4/9/2022 6:30:40 PM,-2.24
10103,4/9/2022 6:30:44 PM,-2.20
10103,4/9/2022 6:30:48 PM,-2.68
10103,4/9/2022 6:30:52 PM,-1.99
10103,4/9/2022 6:30:56 PM,-2.44
10103,4/9/2022 6:31:00 PM,-2.68
10103,4/9/2022 6:31:04 PM,-2.21
10103,4/9/2022 6:31:08 PM,-2.68
10103,4/9/2022 6:31:12 PM,-2.00
10103,4/9/2022 6:31:16 PM,-2.46
10103,4/9/2022 6:31:20 PM,-2.44
10103,4/9/2022 6:31:24 PM,-2.68
10103,4/9/2022 6:31:28 PM,-3.36
10103,4/9/2022 6:31:32 PM,-2.92
10103,4/9/2022 6:31:36 PM,-2.68
10103,4/9/2022 6:31:40 PM,-1.99
10103,4/9/2022 6:31:44 PM,-1.99
10103,4/9/2022 6:31:48 PM,-2.67
10103,4/9/2022 6:31:52 PM,-3.15
10103,4/9/2022 6:31:56 PM,-2.23
10103,4/9/2022 6:32:00 PM,-1.99
10103,4/9/2022 6:32:04 PM,-2.68
10103,4/9/2022 6:32:08 PM,-2.68
10103,4/9/2022 6:32:12 PM,-1.33
10103,4/9/2022 6:32:16 PM,-2.92
10103,4/9/2022 6:32:20 PM,-2.89
10103,4/9/2022 6:32:24 PM,-2.01
10103,4/9/2022 6:32:28 PM,-2.46
10103,4/9/2022 6:32:32 PM,-1.99
10103,4/9/2022 6:32:36 PM,-2.67
10103,4/9/2022 6:32:40 PM,-2.68
10103,4/9/2022 6:32:44 PM,-2.68
10103,4/9/2022 6:32:48 PM,-2.68
10103,4/9/2022 6:32:52 PM,-3.14
10103,4/9/2022 6:32:56 PM,-2.23
10103,4/9/2022 6:33:00 PM,-3.35
10103,4/9/2022 6:33:04 PM,-2.43
10103,4/9/2022 6:33:08 PM,-2.47
10103,4/9/2022 6:33:12 PM,-2.67
10103,4/9/2022 6:33:16 PM,-3.14
10103,4/9/2022 6:33:20 PM,-2.68
10103,4/9/2022 6:33:24 PM,-2.68
10103,4/9/2022 6:33:28 PM,-2.21
10103,4/9/2022 6:33:32 PM,-2.23
10103,4/9/2022 6:33:36 PM,-1.99
10103,4/9/2022 6:33:40 PM,-3.15
10103,4/9/2022 6:33:44 PM,-1.79
10103,4/9/2022 6:33:48 PM,-2.67
10103,4/9/2022 6:33:52 PM,-2.46
10103,4/9/2022 6:33:56 PM,-2.44
10103,4/9/2022 6:34:00 PM,-2.68
10103,4/9/2022 6:34:04 PM,-1.99
10103,4/9/2022 6:34:08 PM,-2.44
10103,4/9/2022 6:34:12 PM,-2.00
10103,4/9/2022 6:34:16 PM,-2.89
10103,4/9/2022 6:34:20 PM,-2.92
10103,4/9/2022 6:34:24 PM,-1.33
10103,4/9/2022 6:34:28 PM,-3.15
10103,4/9/2022 6:34:32 PM,-3.13
10103,4/9/2022 6:34:36 PM,-2.69
10103,4/9/2022 6:34:40 PM,-2.46
10103,4/9/2022 6:34:44 PM,-2.44
10103,4/9/2022 6:34:48 PM,-2.03
10103,4/9/2022 6:34:52 PM,-2.21
10103,4/9/2022 6:34:56 PM,-2.23
10103,4/9/2022 6:35:00 PM,-2.67
10103,4/9/2022 6:35:04 PM,-2.90
10103,4/9/2022 6:35:08 PM,-2.92
10103,4/9/2022 6:35:12 PM,-2.00
10103,4/9/2022 6:35:16 PM,-2.22
10103,4/9/2022 6:35:20 PM,-2.23
10103,4/9/2022 6:35:24 PM,-2.67
10103,4/9/2022 6:35:28 PM,-2.90
10103,4/9/2022 6:35:32 PM,-2.47
10103,4/9/2022 6:35:36 PM,-1.99
10103,4/9/2022 6:35:40 PM,-2.68
10103,4/9/2022 6:35:44 PM,-2.68
10103,4/9/2022 6:35:48 PM,-2.00
10103,4/9/2022 6:35:52 PM,-2.90
10103,4/9/2022 6:35:56 PM,-2.92
10103,4/9/2022 6:36:00 PM,-2.68
10103,4/9/2022 6:36:04 PM,-2.68
10103,4/9/2022 6:36:08 PM,-3.13
10103,4/9/2022 6:36:12 PM,-2.69
10103,4/9/2022 6:36:16 PM,-2.68
10103,4/9/2022 6:36:20 PM,-2.23
10103,4/9/2022 6:36:24 PM,-2.67
10103,4/9/2022 6:36:28 PM,-2.68
10103,4/9/2022 6:36:32 PM,-2.68
10103,4/9/2022 6:36:36 PM,-2.00
10103,4/9/2022 6:36:40 PM,-2.68
10103,4/9/2022 6:36:44 PM,-2.68
10103,4/9/2022 6:36:48 PM,-3.28
10103,4/9/2022 6:36:52 PM,-2.92
10103,4/9/2022 6:36:56 PM,-1.99
10103,4/9/2022 6:37:00 PM,-2.67
10103,4/9/2022 6:37:04 PM,-2.46
10103,4/9/2022 6:37:08 PM,-2.44
10103,4/9/2022 6:37:12 PM,-2.68
10103,4/9/2022 6:37:16 PM,-2.46
10103,4/9/2022 6:37:20 PM,-2.45
10103,4/9/2022 6:37:24 PM,-2.68
10103,4/9/2022 6:37:28 PM,-2.46
10103,4/9/2022 6:37:32 PM,-2.44
10103,4/9/2022 6:37:36 PM,-2.68
10103,4/9/2022 6:37:40 PM,-2.68
10103,4/9/2022 6:37:44 PM,-2.23
10103,4/9/2022 6:37:48 PM,-1.99
10103,4/9/2022 6:37:52 PM,-2.68
10103,4/9/2022 6:37:56 PM,-2.68
10103,4/9/2022 6:38:00 PM,-2.68
10103,4/9/2022 6:38:04 PM,-2.90
10103,4/9/2022 6:38:08 PM,-2.91
10103,4/9/2022 6:38:12 PM,-2.68
10103,4/9/2022 6:38:16 PM,-2.44
10103,4/9/2022 6:38:20 PM,-2.91
10103,4/9/2022 6:38:24 PM,-2.00
10103,4/9/2022 6:38:28 PM,-2.68
10103,4/9/2022 6:38:32 PM,-2.68
10103,4/9/2022 6:38:36 PM,-2.68
10103,4/9/2022 6:38:40 PM,-2.68
10103,4/9/2022 6:38:44 PM,-2.68
10103,4/9/2022 6:38:48 PM,-1.32
10103,4/9/2022 6:38:52 PM,-2.68
10103,4/9/2022 6:38:56 PM,-2.68
10103,4/9/2022 6:39:00 PM,-2.00
10103,4/9/2022 6:39:04 PM,-1.99
10103,4/9/2022 6:39:08 PM,-2.89
10103,4/9/2022 6:39:12 PM,-3.36
10103,4/9/2022 6:39:16 PM,-2.22
10103,4/9/2022 6:39:20 PM,-3.13
10103,4/9/2022 6:39:24 PM,-3.36
10103,4/9/2022 6:39:28 PM,-2.90
10103,4/9/2022 6:39:32 PM,-2.91
10103,4/9/2022 6:39:36 PM,-1.32
10103,4/9/2022 6:39:40 PM,-2.21
10103,4/9/2022 6:39:44 PM,-2.68
10103,4/9/2022 6:39:48 PM,-2.00
10103,4/9/2022 6:39:52 PM,-3.36
10103,4/9/2022 6:39:56 PM,-2.47
10103,4/9/2022 6:40:00 PM,-2.67
10103,4/9/2022 6:40:04 PM,-2.46
10103,4/9/2022 6:40:08 PM,-1.99
10103,4/9/2022 6:40:12 PM,-1.99
10103,4/9/2022 6:40:16 PM,-2.68
10103,4/9/2022 6:40:20 PM,-3.13
10103,4/9/2022 6:40:24 PM,-2.68
10103,4/9/2022 6:40:28 PM,-3.14
10103,4/9/2022 6:40:32 PM,-2.68
10103,4/9/2022 6:40:36 PM,-2.68
10103,4/9/2022 6:40:40 PM,-1.99
10103,4/9/2022 6:40:44 PM,-1.99
10103,4/9/2022 6:40:48 PM,-2.67
10103,4/9/2022 6:40:52 PM,-2.46
10103,4/9/2022 6:40:56 PM,-2.44
10103,4/9/2022 6:41:00 PM,-2.68
10103,4/9/2022 6:41:04 PM,-2.22
10103,4/9/2022 6:41:08 PM,-2.68
10103,4/9/2022 6:41:12 PM,-2.68
10103,4/9/2022 6:41:16 PM,-2.22
10103,4/9/2022 6:41:20 PM,-2.68
10103,4/9/2022 6:41:24 PM,-2.68
10103,4/9/2022 6:41:28 PM,-3.14
10103,4/9/2022 6:41:32 PM,-2.68
10103,4/9/2022 6:41:36 PM,-2.68
10103,4/9/2022 6:41:40 PM,-2.46
10103,4/9/2022 6:41:44 PM,-1.99
10103,4/9/2022 6:41:48 PM,-1.99
10103,4/9/2022 6:41:52 PM,-2.68
10103,4/9/2022 6:41:56 PM,-2.68
10103,4/9/2022 6:42:00 PM,-2.00
10103,4/9/2022 6:42:04 PM,-2.68
10103,4/9/2022 6:42:08 PM,-3.13
10103,4/9/2022 6:42:12 PM,-3.36
10103,4/9/2022 6:42:16 PM,-2.47
10103,4/9/2022 6:42:20 PM,-2.43
10103,4/9/2022 6:42:24 PM,-2.68
10103,4/9/2022 6:42:28 PM,-2.68
10103,4/9/2022 6:42:32 PM,-2.68
10103,4/9/2022 6:42:36 PM,-2.68
10103,4/9/2022 6:42:40 PM,-3.14
10103,4/9/2022 6:42:44 PM,-2.68
10103,4/9/2022 6:42:48 PM,-2.03
10103,4/9/2022 6:42:52 PM,-2.46
10103,4/9/2022 6:42:56 PM,-2.44
10103,4/9/2022 6:43:00 PM,-3.36
10103,4/9/2022 6:43:04 PM,-2.44
10103,4/9/2022 6:43:08 PM,-2.91
10103,4/9/2022 6:43:12 PM,-2.68
10103,4/9/2022 6:43:16 PM,-2.46
10103,4/9/2022 6:43:20 PM,-2.44
10103,4/9/2022 6:43:24 PM,-2.00
10103,4/9/2022 6:43:28 PM,-2.90
10103,4/9/2022 6:43:32 PM,-3.36
10103,4/9/2022 6:43:36 PM,-2.69
10103,4/9/2022 6:43:40 PM,-3.15
10103,4/9/2022 6:43:44 PM,-2.68
10103,4/9/2022 6:43:48 PM,-2.68
10103,4/9/2022 6:43:52 PM,-2.90
10103,4/9/2022 6:43:56 PM,-3.36
10103,4/9/2022 6:44:00 PM,-2.01
10103,4/9/2022 6:44:04 PM,-2.68
10103,4/9/2022 6:44:08 PM,-2.68
10103,4/9/2022 6:44:12 PM,-3.35
10103,4/9/2022 6:44:16 PM,-2.68
10103,4/9/2022 6:44:20 PM,-2.68
10103,4/9/2022 6:44:24 PM,-2.68
10103,4/9/2022 6:44:28 PM,-2.68
10103,4/9/2022 6:44:32 PM,-2.68
10103,4/9/2022 6:44:36 PM,-2.00
10103,4/9/2022 6:44:40 PM,-2.21
10103,4/9/2022 6:44:44 PM,-2.68
10103,4/9/2022 6:44:48 PM,-2.00
10103,4/9/2022 6:44:52 PM,-3.20
10103,4/9/2022 6:44:56 PM,-2.68
10103,4/9/2022 6:45:00 PM,-2.00
10103,4/9/2022 6:45:04 PM,-3.14
10103,4/9/2022 6:45:08 PM,-2.23
10103,4/9/2022 6:45:12 PM,-2.67
10103,4/9/2022 6:45:16 PM,-2.68
10103,4/9/2022 6:45:20 PM,-2.68
10103,4/9/2022 6:45:24 PM,-2.00
10103,4/9/2022 6:45:28 PM,-2.68
10103,4/9/2022 6:45:32 PM,-2.68
10103,4/9/2022 6:45:36 PM,-2.00
10103,4/9/2022 6:45:40 PM,-1.99
10103,4/9/2022 6:45:44 PM,-1.99
10103,4/9/2022 6:45:48 PM,-2.67
10103,4/9/2022 6:45:52 PM,-2.21
10103,4/9/2022 6:45:56 PM,-2.68
10103,4/9/2022 6:46:00 PM,-2.00
10103,4/9/2022 6:46:04 PM,-2.92
10103,4/9/2022 6:46:08 PM,-2.44
10103,4/9/2022 6:46:12 PM,-2.00
10103,4/9/2022 6:46:16 PM,-3.14
10103,4/9/2022 6:46:20 PM,-2.68
10103,4/9/2022 6:46:24 PM,-3.36
10103,4/9/2022 6:46:28 PM,-2.46
10103,4/9/2022 6:46:32 PM,-1.99
10103,4/9/2022 6:46:36 PM,-2.67
10103,4/9/2022 6:46:40 PM,-3.36
10103,4/9/2022 6:46:44 PM,-2.47
10103,4/9/2022 6:46:48 PM,-2.64
10103,4/9/2022 6:46:52 PM,-2.21
10103,4/9/2022 6:46:56 PM,-3.13
10103,4/9/2022 6:47:00 PM,-3.36
10103,4/9/2022 6:47:04 PM,-2.46
10103,4/9/2022 6:47:08 PM,-1.99
10103,4/9/2022 6:47:12 PM,-1.99
10103,4/9/2022 6:47:16 PM,-2.21
10103,4/9/2022 6:47:20 PM,-2.23
10103,4/9/2022 6:47:24 PM,-1.32
10103,4/9/2022 6:47:28 PM,-2.68
10103,4/9/2022 6:47:32 PM,-2.68
10103,4/9/2022 6:47:36 PM,-2.68
10103,4/9/2022 6:47:40 PM,-2.68
10103,4/9/2022 6:47:44 PM,-2.68
10103,4/9/2022 6:47:48 PM,-2.00
10103,4/9/2022 6:47:52 PM,-2.43
10103,4/9/2022 6:47:56 PM,-2.47
10103,4/9/2022 6:48:00 PM,-1.99
10103,4/9/2022 6:48:04 PM,-2.43
10103,4/9/2022 6:48:08 PM,-2.47
10103,4/9/2022 6:48:12 PM,-2.67
10103,4/9/2022 6:48:16 PM,-1.99
10103,4/9/2022 6:48:20 PM,-1.99
10103,4/9/2022 6:48:24 PM,-1.99
10103,4/9/2022 6:48:28 PM,-2.90
10103,4/9/2022 6:48:32 PM,-2.47
10103,4/9/2022 6:48:36 PM,-2.67
10103,4/9/2022 6:48:40 PM,-1.99
10103,4/9/2022 6:48:44 PM,-2.44
10103,4/9/2022 6:48:48 PM,-2.68
10103,4/9/2022 6:48:52 PM,-2.24
10103,4/9/2022 6:48:56 PM,-2.65
10103,4/9/2022 6:49:00 PM,-2.00
10103,4/9/2022 6:49:04 PM,-2.44
10103,4/9/2022 6:49:08 PM,-2.91
10103,4/9/2022 6:49:12 PM,-2.08
10103,4/9/2022 6:49:16 PM,-3.14
10103,4/9/2022 6:49:20 PM,-2.68
10103,4/9/2022 6:49:24 PM,-2.00
10103,4/9/2022 6:49:28 PM,-3.15
10103,4/9/2022 6:49:32 PM,-2.23
10103,4/9/2022 6:49:36 PM,-1.99
10103,4/9/2022 6:49:40 PM,-2.46
10103,4/9/2022 6:49:44 PM,-1.99
10103,4/9/2022 6:49:48 PM,-2.68
10103,4/9/2022 6:49:52 PM,-1.99
10103,4/9/2022 6:49:56 PM,-2.44
10103,4/9/2022 6:50:00 PM,-2.00
10103,4/9/2022 6:50:04 PM,-2.68
10103,4/9/2022 6:50:08 PM,-2.68
10103,4/9/2022 6:50:12 PM,-2.00
10103,4/9/2022 6:50:16 PM,-1.99
10103,4/9/2022 6:50:20 PM,-2.89
10103,4/9/2022 6:50:24 PM,-3.36
10103,4/9/2022 6:50:28 PM,-2.46
10103,4/9/2022 6:50:32 PM,-2.45
10103,4/9/2022 6:50:36 PM,-2.00
10103,4/9/2022 6:50:40 PM,-2.46
10103,4/9/2022 6:50:44 PM,-2.44
10103,4/9/2022 6:50:48 PM,-3.36
10103,4/9/2022 6:50:52 PM,-3.14
10103,4/9/2022 6:50:56 PM,-2.23
10103,4/9/2022 6:51:00 PM,-2.67
10103,4/9/2022 6:51:04 PM,-1.99
10103,4/9/2022 6:51:08 PM,-2.44
10103,4/9/2022 6:51:12 PM,-2.68
10103,4/9/2022 6:51:16 PM,-2.68
10103,4/9/2022 6:51:20 PM,-3.13
10103,4/9/2022 6:51:24 PM,-2.68
10103,4/9/2022 6:51:28 PM,-2.21
10103,4/9/2022 6:51:32 PM,-2.68
10103,4/9/2022 6:51:36 PM,-2.00
10103,4/9/2022 6:51:40 PM,-2.46
10103,4/9/2022 6:51:44 PM,-2.44
10103,4/9/2022 6:51:48 PM,-2.00
10103,4/9/2022 6:51:52 PM,-2.22
10103,4/9/2022 6:51:56 PM,-2.68
10103,4/9/2022 6:52:00 PM,-2.00
10103,4/9/2022 6:52:04 PM,-2.46
10103,4/9/2022 6:52:08 PM,-2.44
10103,4/9/2022 6:52:12 PM,-3.36
10103,4/9/2022 6:52:16 PM,-2.92
10103,4/9/2022 6:52:20 PM,-2.44
10103,4/9/2022 6:52:24 PM,-3.36
10103,4/9/2022 6:52:28 PM,-2.92
10103,4/9/2022 6:52:32 PM,-2.44
10103,4/9/2022 6:52:36 PM,-2.68
10103,4/9/2022 6:52:40 PM,-2.92
10103,4/9/2022 6:52:44 PM,-1.99
10103,4/9/2022 6:52:48 PM,-3.35
10103,4/9/2022 6:52:52 PM,-2.44
10103,4/9/2022 6:52:56 PM,-2.98
10103,4/9/2022 6:53:00 PM,-3.36
10103,4/9/2022 6:53:04 PM,-2.68
10103,4/9/2022 6:53:08 PM,-2.23
10103,4/9/2022 6:53:12 PM,-2.67
10103,4/9/2022 6:53:16 PM,-2.68
10103,4/9/2022 6:53:20 PM,-2.23
10103,4/9/2022 6:53:24 PM,-3.35
10103,4/9/2022 6:53:28 PM,-2.21
10103,4/9/2022 6:53:32 PM,-2.68
10103,4/9/2022 6:53:36 PM,-3.36
10103,4/9/2022 6:53:40 PM,-2.21
10103,4/9/2022 6:53:44 PM,-3.12
10103,4/9/2022 6:53:48 PM,-2.68
10103,4/9/2022 6:53:52 PM,-2.44
10103,4/9/2022 6:53:56 PM,-2.92
10103,4/9/2022 6:54:00 PM,-2.68
10103,4/9/2022 6:54:04 PM,-2.46
10103,4/9/2022 6:54:08 PM,-2.44
10103,4/9/2022 6:54:12 PM,-2.68
10103,4/9/2022 6:54:16 PM,-2.46
10103,4/9/2022 6:54:20 PM,-2.44
10103,4/9/2022 6:54:24 PM,-2.68
10103,4/9/2022 6:54:28 PM,-2.90
10103,4/9/2022 6:54:32 PM,-2.91
10103,4/9/2022 6:54:36 PM,-2.00
10103,4/9/2022 6:54:40 PM,-2.90
10103,4/9/2022 6:54:44 PM,-2.92
10103,4/9/2022 6:54:48 PM,-2.00
10103,4/9/2022 6:54:52 PM,-2.22
10103,4/9/2022 6:54:56 PM,-2.68
10103,4/9/2022 6:55:00 PM,-2.68
10103,4/9/2022 6:55:04 PM,-2.68
10103,4/9/2022 6:55:08 PM,-2.23
10103,4/9/2022 6:55:12 PM,-1.99
10103,4/9/2022 6:55:16 PM,-2.68
10103,4/9/2022 6:55:20 PM,-2.68
10103,4/9/2022 6:55:24 PM,-2.00
10103,4/9/2022 6:55:28 PM,-2.46
10103,4/9/2022 6:55:32 PM,-2.44
10103,4/9/2022 6:55:36 PM,-3.36
10103,4/9/2022 6:55:40 PM,-2.21
10103,4/9/2022 6:55:44 PM,-2.23
10103,4/9/2022 6:55:48 PM,-2.67
10103,4/9/2022 6:55:52 PM,-2.21
10103,4/9/2022 6:55:56 PM,-2.68
10103,4/9/2022 6:56:00 PM,-2.68
10103,4/9/2022 6:56:04 PM,-2.68
10103,4/9/2022 6:56:08 PM,-2.68
10103,4/9/2022 6:56:12 PM,-2.68
10103,4/9/2022 6:56:16 PM,-2.21
10103,4/9/2022 6:56:20 PM,-3.13
10103,4/9/2022 6:56:24 PM,-3.36
10103,4/9/2022 6:56:28 PM,-2.46
10103,4/9/2022 6:56:32 PM,-2.44
10103,4/9/2022 6:56:36 PM,-2.68
10103,4/9/2022 6:56:40 PM,-2.92
10103,4/9/2022 6:56:44 PM,-2.89
10103,4/9/2022 6:56:48 PM,-2.01
10103,4/9/2022 6:56:52 PM,-2.68
10103,4/9/2022 6:56:56 PM,-2.68
10103,4/9/2022 6:57:00 PM,-2.68
10103,4/9/2022 6:57:04 PM,-2.90
10103,4/9/2022 6:57:08 PM,-2.92
10103,4/9/2022 6:57:12 PM,-2.00
10103,4/9/2022 6:57:16 PM,-1.76
10103,4/9/2022 6:57:20 PM,-2.23
10103,4/9/2022 6:57:24 PM,-2.67
10103,4/9/2022 6:57:28 PM,-2.46
10103,4/9/2022 6:57:32 PM,-2.88
10103,4/9/2022 6:57:36 PM,-2.68
10103,4/9/2022 6:57:40 PM,-2.68
10103,4/9/2022 6:57:44 PM,-2.68
10103,4/9/2022 6:57:48 PM,-2.68
10103,4/9/2022 6:57:52 PM,-2.46
10103,4/9/2022 6:57:56 PM,-2.44
10103,4/9/2022 6:58:00 PM,-2.68
10103,4/9/2022 6:58:04 PM,-2.68
10103,4/9/2022 6:58:08 PM,-2.68
10103,4/9/2022 6:58:12 PM,-3.35
10103,4/9/2022 6:58:16 PM,-1.99
10103,4/9/2022 6:58:20 PM,-2.44
10103,4/9/2022 6:58:24 PM,-2.68
10103,4/9/2022 6:58:28 PM,-2.93
10103,4/9/2022 6:58:32 PM,-2.44
10103,4/9/2022 6:58:36 PM,-2.68
10103,4/9/2022 6:58:40 PM,-2.46
10103,4/9/2022 6:58:44 PM,-1.99
10103,4/9/2022 6:58:48 PM,-2.67
10103,4/9/2022 6:58:52 PM,-2.68
10103,4/9/2022 6:58:56 PM,-3.13
10103,4/9/2022 6:59:00 PM,-3.36
10103,4/9/2022 6:59:04 PM,-2.90
10103,4/9/2022 6:59:08 PM,-2.92
10103,4/9/2022 6:59:12 PM,-2.00
10103,4/9/2022 6:59:16 PM,-2.68
10103,4/9/2022 6:59:20 PM,-2.68
10103,4/9/2022 6:59:24 PM,-2.68
10103,4/9/2022 6:59:28 PM,-2.68
10103,4/9/2022 6:59:32 PM,-2.68
10103,4/9/2022 6:59:36 PM,-2.68
10103,4/9/2022 6:59:40 PM,-1.99
10103,4/9/2022 6:59:44 PM,-2.44
10103,4/9/2022 6:59:48 PM,-3.36
10103,4/9/2022 6:59:52 PM,-2.68
10103,4/9/2022 6:59:56 PM,-2.24
10103,4/9/2022 7:00:00 PM,-1.99
10103,4/9/2022 7:00:04 PM,-2.21
10103,4/9/2022 7:00:08 PM,-3.09
10103,4/9/2022 7:00:12 PM,-2.01
10103,4/9/2022 7:00:16 PM,-2.46
10103,4/9/2022 7:00:20 PM,-2.89
10103,4/9/2022 7:00:24 PM,-2.69
10103,4/9/2022 7:00:28 PM,-2.46
10103,4/9/2022 7:00:32 PM,-2.44
10103,4/9/2022 7:00:36 PM,-2.68
10103,4/9/2022 7:00:40 PM,-2.68
10103,4/9/2022 7:00:44 PM,-2.68
10103,4/9/2022 7:00:48 PM,-2.68
10103,4/9/2022 7:00:52 PM,-2.68
10103,4/9/2022 7:00:56 PM,-3.12
10103,4/9/2022 7:01:00 PM,-2.69
10103,4/9/2022 7:01:04 PM,-2.68
10103,4/9/2022 7:01:08 PM,-2.23
10103,4/9/2022 7:01:12 PM,-1.99
10103,4/9/2022 7:01:16 PM,-2.21
10103,4/9/2022 7:01:20 PM,-2.68
10103,4/9/2022 7:01:24 PM,-2.00
10103,4/9/2022 7:01:28 PM,-3.83
10103,4/9/2022 7:01:32 PM,-2.92
10103,4/9/2022 7:01:36 PM,-3.36
10103,4/9/2022 7:01:40 PM,-2.90
10103,4/9/2022 7:01:44 PM,-2.47
10103,4/9/2022 7:01:48 PM,-1.99
10103,4/9/2022 7:01:52 PM,-2.90
10103,4/9/2022 7:01:56 PM,-2.92
10103,4/9/2022 7:02:00 PM,-2.00
10103,4/9/2022 7:02:04 PM,-3.36
10103,4/9/2022 7:02:08 PM,-3.36
10103,4/9/2022 7:02:12 PM,-3.36
10103,4/9/2022 7:02:16 PM,-2.68
10103,4/9/2022 7:02:20 PM,-2.68
10103,4/9/2022 7:02:24 PM,-2.68
10103,4/9/2022 7:02:28 PM,-2.68
10103,4/9/2022 7:02:32 PM,-2.68
10103,4/9/2022 7:02:36 PM,-2.00
10103,4/9/2022 7:02:40 PM,-2.68
10103,4/9/2022 7:02:44 PM,-2.23
10103,4/9/2022 7:02:48 PM,-1.31
10103,4/9/2022 7:02:52 PM,-2.46
10103,4/9/2022 7:02:56 PM,-2.89
10103,4/9/2022 7:03:00 PM,-2.00
10103,4/9/2022 7:03:04 PM,-3.20
10103,4/9/2022 7:03:08 PM,-2.68
10103,4/9/2022 7:03:12 PM,-2.68
10103,4/9/2022 7:03:16 PM,-2.68
10103,4/9/2022 7:03:20 PM,-3.58
10103,4/9/2022 7:03:24 PM,-3.37
10103,4/9/2022 7:03:28 PM,-2.92
10103,4/9/2022 7:03:32 PM,-2.44
10103,4/9/2022 7:03:36 PM,-2.00
10103,4/9/2022 7:03:40 PM,-2.21
10103,4/9/2022 7:03:44 PM,-2.23
10103,4/9/2022 7:03:48 PM,-2.67
10103,4/9/2022 7:03:52 PM,-2.68
10103,4/9/2022 7:03:56 PM,-2.68
10103,4/9/2022 7:04:00 PM,-2.00
10103,4/9/2022 7:04:04 PM,-2.22
10103,4/9/2022 7:04:08 PM,-2.68
10103,4/9/2022 7:04:12 PM,-1.32
10103,4/9/2022 7:04:16 PM,-2.46
10103,4/9/2022 7:04:20 PM,-2.89
10103,4/9/2022 7:04:24 PM,-2.00
10103,4/9/2022 7:04:28 PM,-2.90
10103,4/9/2022 7:04:32 PM,-2.46
10103,4/9/2022 7:04:36 PM,-1.99
10103,4/9/2022 7:04:40 PM,-2.21
10103,4/9/2022 7:04:44 PM,-1.78
10103,4/9/2022 7:04:48 PM,-1.99
10103,4/9/2022 7:04:52 PM,-1.75
10103,4/9/2022 7:04:56 PM,-2.68
10103,4/9/2022 7:05:00 PM,-2.68
10103,4/9/2022 7:05:04 PM,-2.49
10103,4/9/2022 7:05:08 PM,-1.99
10103,4/9/2022 7:05:12 PM,-3.35
10103,4/9/2022 7:05:16 PM,-2.46
10103,4/9/2022 7:05:20 PM,-2.44
10103,4/9/2022 7:05:24 PM,-2.68
10103,4/9/2022 7:05:28 PM,-2.21
10103,4/9/2022 7:05:32 PM,-2.23
10103,4/9/2022 7:05:36 PM,-1.99
10103,4/9/2022 7:05:40 PM,-2.68
10103,4/9/2022 7:05:44 PM,-2.23
10103,4/9/2022 7:05:48 PM,-2.67
10103,4/9/2022 7:05:52 PM,-2.92
10103,4/9/2022 7:05:56 PM,-2.44
10103,4/9/2022 7:06:00 PM,-2.00
10103,4/9/2022 7:06:04 PM,-2.68
10103,4/9/2022 7:06:08 PM,-2.68
10103,4/9/2022 7:06:12 PM,-2.00
10103,4/9/2022 7:06:16 PM,-1.77
10103,4/9/2022 7:06:20 PM,-1.76
10103,4/9/2022 7:06:24 PM,-2.67
10103,4/9/2022 7:06:28 PM,-2.90
10103,4/9/2022 7:06:32 PM,-2.46
10103,4/9/2022 7:06:36 PM,-3.35
10103,4/9/2022 7:06:40 PM,-2.43
10103,4/9/2022 7:06:44 PM,-2.47
10103,4/9/2022 7:06:48 PM,-2.67
10103,4/9/2022 7:06:52 PM,-2.68
10103,4/9/2022 7:06:56 PM,-2.68
10103,4/9/2022 7:07:00 PM,-2.68
10103,4/9/2022 7:07:04 PM,-2.68
10103,4/9/2022 7:07:08 PM,-2.25
10103,4/9/2022 7:07:12 PM,-1.99
10103,4/9/2022 7:07:16 PM,-2.46
10103,4/9/2022 7:07:20 PM,-1.99
10103,4/9/2022 7:07:24 PM,-2.67
10103,4/9/2022 7:07:28 PM,-2.68
10103,4/9/2022 7:07:32 PM,-2.68
10103,4/9/2022 7:07:36 PM,-3.36
10103,4/9/2022 7:07:40 PM,-2.46
10103,4/9/2022 7:07:44 PM,-2.89
10103,4/9/2022 7:07:48 PM,-2.68
10103,4/9/2022 7:07:52 PM,-3.61
10103,4/9/2022 7:07:56 PM,-2.23
10103,4/9/2022 7:08:00 PM,-2.67
10103,4/9/2022 7:08:04 PM,-2.46
10103,4/9/2022 7:08:08 PM,-1.99
10103,4/9/2022 7:08:12 PM,-1.99
10103,4/9/2022 7:08:16 PM,-2.68
10103,4/9/2022 7:08:20 PM,-2.68
10103,4/9/2022 7:08:24 PM,-2.00
10103,4/9/2022 7:08:28 PM,-3.14
10103,4/9/2022 7:08:32 PM,-2.23
10103,4/9/2022 7:08:36 PM,-2.67
10103,4/9/2022 7:08:40 PM,-2.92
10103,4/9/2022 7:08:44 PM,-2.44
10103,4/9/2022 7:08:48 PM,-2.00
10103,4/9/2022 7:08:52 PM,-1.99
10103,4/9/2022 7:08:56 PM,-2.44
10103,4/9/2022 7:09:00 PM,-2.00
10103,4/9/2022 7:09:04 PM,-2.68
10103,4/9/2022 7:09:08 PM,-2.23
10103,4/9/2022 7:09:12 PM,-2.67
10103,4/9/2022 7:09:16 PM,-2.52
10103,4/9/2022 7:09:20 PM,-1.99
10103,4/9/2022 7:09:24 PM,-2.67
10103,4/9/2022 7:09:28 PM,-2.68
10103,4/9/2022 7:09:32 PM,-2.23
10103,4/9/2022 7:09:36 PM,-2.67
10103,4/9/2022 7:09:40 PM,-2.90
10103,4/9/2022 7:09:44 PM,-2.47
10103,4/9/2022 7:09:48 PM,-1.99
10103,4/9/2022 7:09:52 PM,-1.53
10103,4/9/2022 7:09:56 PM,-1.55
10103,4/9/2022 7:10:00 PM,-2.66
10103,4/9/2022 7:10:04 PM,-2.46
10103,4/9/2022 7:10:08 PM,-1.99
10103,4/9/2022 7:10:12 PM,-2.67
10103,4/9/2022 7:10:16 PM,-2.90
10103,4/9/2022 7:10:20 PM,-2.47
10103,4/9/2022 7:10:24 PM,-2.67
10103,4/9/2022 7:10:28 PM,-2.43
10103,4/9/2022 7:10:32 PM,-2.91
10103,4/9/2022 7:10:36 PM,-2.68
10103,4/9/2022 7:10:40 PM,-1.53
10103,4/9/2022 7:10:44 PM,-2.44
10103,4/9/2022 7:10:48 PM,-2.68
10103,4/9/2022 7:10:52 PM,-2.44
10103,4/9/2022 7:10:56 PM,-2.92
10103,4/9/2022 7:11:00 PM,-2.68
10103,4/9/2022 7:11:04 PM,-2.68
10103,4/9/2022 7:11:08 PM,-3.12
10103,4/9/2022 7:11:12 PM,-2.01
10103,4/9/2022 7:11:16 PM,-2.68
10103,4/9/2022 7:11:20 PM,-3.13
10103,4/9/2022 7:11:24 PM,-2.68
10103,4/9/2022 7:11:28 PM,-1.99
10103,4/9/2022 7:11:32 PM,-2.44
10103,4/9/2022 7:11:36 PM,-2.68
10103,4/9/2022 7:11:40 PM,-2.49
10103,4/9/2022 7:11:44 PM,-2.39
10103,4/9/2022 7:11:48 PM,-2.68
10103,4/9/2022 7:11:52 PM,-2.70
10103,4/9/2022 7:11:56 PM,-2.20
10103,4/9/2022 7:12:00 PM,-2.00
10103,4/9/2022 7:12:04 PM,-2.46
10103,4/9/2022 7:12:08 PM,-2.44
10103,4/9/2022 7:12:12 PM,-2.00
10103,4/9/2022 7:12:16 PM,-2.21
10103,4/9/2022 7:12:20 PM,-3.13
10103,4/9/2022 7:12:24 PM,-2.01
10103,4/9/2022 7:12:28 PM,-2.68
10103,4/9/2022 7:12:32 PM,-2.23
10103,4/9/2022 7:12:36 PM,-2.67
10103,4/9/2022 7:12:40 PM,-1.99
10103,4/9/2022 7:12:44 PM,-2.44
10103,4/9/2022 7:12:48 PM,-3.36
10103,4/9/2022 7:12:52 PM,-2.46
10103,4/9/2022 7:12:56 PM,-1.99
10103,4/9/2022 7:13:00 PM,-2.67
10103,4/9/2022 7:13:04 PM,-3.14
10103,4/9/2022 7:13:08 PM,-2.68
10103,4/9/2022 7:13:12 PM,-2.00
10103,4/9/2022 7:13:16 PM,-2.66
10103,4/9/2022 7:13:20 PM,-2.70
10103,4/9/2022 7:13:24 PM,-2.67
10103,4/9/2022 7:13:28 PM,-2.89
10103,4/9/2022 7:13:32 PM,-2.48
10103,4/9/2022 7:13:36 PM,-3.35
10103,4/9/2022 7:13:40 PM,-2.46
10103,4/9/2022 7:13:44 PM,-2.44
10103,4/9/2022 7:13:48 PM,-2.68
10103,4/9/2022 7:13:52 PM,-1.99
10103,4/9/2022 7:13:56 PM,-1.99
10103,4/9/2022 7:14:00 PM,-1.99
10103,4/9/2022 7:14:04 PM,-2.21
10103,4/9/2022 7:14:08 PM,-2.23
10103,4/9/2022 7:14:12 PM,-2.67
10103,4/9/2022 7:14:16 PM,-2.68
10103,4/9/2022 7:14:20 PM,-2.23
10103,4/9/2022 7:14:24 PM,-2.67
10103,4/9/2022 7:14:28 PM,-1.99
10103,4/9/2022 7:14:32 PM,-2.44
10103,4/9/2022 7:14:36 PM,-2.00
10103,4/9/2022 7:14:40 PM,-2.68
10103,4/9/2022 7:14:44 PM,-2.68
10103,4/9/2022 7:14:48 PM,-2.00
10103,4/9/2022 7:14:52 PM,-3.14
10103,4/9/2022 7:14:56 PM,-2.68
10103,4/9/2022 7:15:00 PM,-2.68
10103,4/9/2022 7:15:04 PM,-2.93
10103,4/9/2022 7:15:08 PM,-2.41
10103,4/9/2022 7:15:12 PM,-2.01
10103,4/9/2022 7:15:16 PM,-2.46
10103,4/9/2022 7:15:20 PM,-1.99
10103,4/9/2022 7:15:24 PM,-1.99
10103,4/9/2022 7:15:28 PM,-2.68
10103,4/9/2022 7:15:32 PM,-2.68
10103,4/9/2022 7:15:36 PM,-2.00
10103,4/9/2022 7:15:40 PM,-2.46
10103,4/9/2022 7:15:44 PM,-1.99
10103,4/9/2022 7:15:48 PM,-1.99
10103,4/9/2022 7:15:52 PM,-2.68
10103,4/9/2022 7:15:56 PM,-2.23
10103,4/9/2022 7:16:00 PM,-1.99
10103,4/9/2022 7:16:04 PM,-2.46
10103,4/9/2022 7:16:08 PM,-1.99
10103,4/9/2022 7:16:12 PM,-2.67
10103,4/9/2022 7:16:16 PM,-2.22
10103,4/9/2022 7:16:20 PM,-2.68
10103,4/9/2022 7:16:24 PM,-2.00
10103,4/9/2022 7:16:28 PM,-1.77
10103,4/9/2022 7:16:32 PM,-2.66
10103,4/9/2022 7:16:36 PM,-2.00
10103,4/9/2022 7:16:40 PM,-1.99
10103,4/9/2022 7:16:44 PM,-1.99
10103,4/9/2022 7:16:48 PM,-1.31
10103,4/9/2022 7:16:52 PM,-2.68
10103,4/9/2022 7:16:56 PM,-3.13
10103,4/9/2022 7:17:00 PM,-2.00
10103,4/9/2022 7:17:04 PM,-2.68
10103,4/9/2022 7:17:08 PM,-2.27
10103,4/9/2022 7:17:12 PM,-1.99
10103,4/9/2022 7:17:16 PM,-1.99
10103,4/9/2022 7:17:20 PM,-1.99
10103,4/9/2022 7:17:24 PM,-2.67
10103,4/9/2022 7:17:28 PM,-2.90
10103,4/9/2022 7:17:32 PM,-2.46
10103,4/9/2022 7:17:36 PM,-1.99
10103,4/9/2022 7:17:40 PM,-2.46
10103,4/9/2022 7:17:44 PM,-1.99
10103,4/9/2022 7:17:48 PM,-1.99
10103,4/9/2022 7:17:52 PM,-1.99
10103,4/9/2022 7:17:56 PM,-1.99
10103,4/9/2022 7:18:00 PM,-2.67
10103,4/9/2022 7:18:04 PM,-2.46
10103,4/9/2022 7:18:08 PM,-2.44
10103,4/9/2022 7:18:12 PM,-2.68
10103,4/9/2022 7:18:16 PM,-2.68
10103,4/9/2022 7:18:20 PM,-2.23
10103,4/9/2022 7:18:24 PM,-2.67
10103,4/9/2022 7:18:28 PM,-1.77
10103,4/9/2022 7:18:32 PM,-1.76
10103,4/9/2022 7:18:36 PM,-2.67
10103,4/9/2022 7:18:40 PM,-2.21
10103,4/9/2022 7:18:44 PM,-2.24
10103,4/9/2022 7:18:48 PM,-1.99
10103,4/9/2022 7:18:52 PM,-2.68
10103,4/9/2022 7:18:56 PM,-1.78
10103,4/9/2022 7:19:00 PM,-1.99
10103,4/9/2022 7:19:04 PM,-2.46
10103,4/9/2022 7:19:08 PM,-1.99
10103,4/9/2022 7:19:12 PM,-1.99
10103,4/9/2022 7:19:16 PM,-2.16
10103,4/9/2022 7:19:20 PM,-2.23
10103,4/9/2022 7:19:24 PM,-1.99
10103,4/9/2022 7:19:28 PM,-2.43
10103,4/9/2022 7:19:32 PM,-2.91
10103,4/9/2022 7:19:36 PM,-2.00
10103,4/9/2022 7:19:40 PM,-1.99
10103,4/9/2022 7:19:44 PM,-1.99
10103,4/9/2022 7:19:48 PM,-1.99
10103,4/9/2022 7:19:52 PM,-1.75
10103,4/9/2022 7:19:56 PM,-2.23
10103,4/9/2022 7:20:00 PM,-1.99
10103,4/9/2022 7:20:04 PM,-2.22
10103,4/9/2022 7:20:08 PM,-2.68
10103,4/9/2022 7:20:12 PM,-2.68
10103,4/9/2022 7:20:16 PM,-2.46
10103,4/9/2022 7:20:20 PM,-1.99
10103,4/9/2022 7:20:24 PM,-3.35
10103,4/9/2022 7:20:28 PM,-2.21
10103,4/9/2022 7:20:32 PM,-2.68
10103,4/9/2022 7:20:36 PM,-2.68
10103,4/9/2022 7:20:40 PM,-3.14
10103,4/9/2022 7:20:44 PM,-2.68
10103,4/9/2022 7:20:48 PM,-1.32
10103,4/9/2022 7:20:52 PM,-2.68
10103,4/9/2022 7:20:56 PM,-2.23
10103,4/9/2022 7:21:00 PM,-1.99
10103,4/9/2022 7:21:04 PM,-1.99
10103,4/9/2022 7:21:08 PM,-2.44
10103,4/9/2022 7:21:12 PM,-2.00
10103,4/9/2022 7:21:16 PM,-2.44
10103,4/9/2022 7:21:20 PM,-2.91
10103,4/9/2022 7:21:24 PM,-2.68
10103,4/9/2022 7:21:28 PM,-1.99
10103,4/9/2022 7:21:32 PM,-1.55
10103,4/9/2022 7:21:36 PM,-3.35
10103,4/9/2022 7:21:40 PM,-2.87
10103,4/9/2022 7:21:44 PM,-2.53
10103,4/9/2022 7:21:48 PM,-2.67
10103,4/9/2022 7:21:52 PM,-2.68
10103,4/9/2022 7:21:56 PM,-2.68
10103,4/9/2022 7:22:00 PM,-2.68
10103,4/9/2022 7:22:04 PM,-2.22
10103,4/9/2022 7:22:08 PM,-2.68
10103,4/9/2022 7:22:12 PM,-2.68
10103,4/9/2022 7:22:16 PM,-1.99
10103,4/9/2022 7:22:20 PM,-2.44
10103,4/9/2022 7:22:24 PM,-2.00
10103,4/9/2022 7:22:28 PM,-2.68
10103,4/9/2022 7:22:32 PM,-2.23
10103,4/9/2022 7:22:36 PM,-1.99
10103,4/9/2022 7:22:40 PM,-2.68
10103,4/9/2022 7:22:44 PM,-1.78
10103,4/9/2022 7:22:48 PM,-1.99
10103,4/9/2022 7:22:52 PM,-2.68
10103,4/9/2022 7:22:56 PM,-2.23
10103,4/9/2022 7:23:00 PM,-1.99
10103,4/9/2022 7:23:04 PM,-2.21
10103,4/9/2022 7:23:08 PM,-2.23
10103,4/9/2022 7:23:12 PM,-2.57
10103,4/9/2022 7:23:16 PM,-2.46
10103,4/9/2022 7:23:20 PM,-1.99
10103,4/9/2022 7:23:24 PM,-2.67
10103,4/9/2022 7:23:28 PM,-2.46
10103,4/9/2022 7:23:32 PM,-1.99
10103,4/9/2022 7:23:36 PM,-3.34
10103,4/9/2022 7:23:40 PM,-1.52
10103,4/9/2022 7:23:44 PM,-2.43
10103,4/9/2022 7:23:48 PM,-1.32
10103,4/9/2022 7:23:52 PM,-2.21
10103,4/9/2022 7:23:56 PM,-2.68
10103,4/9/2022 7:24:00 PM,-2.00
10103,4/9/2022 7:24:04 PM,-2.68
10103,4/9/2022 7:24:08 PM,-2.68
10103,4/9/2022 7:24:12 PM,-2.68
10103,4/9/2022 7:24:16 PM,-2.68
10103,4/9/2022 7:24:20 PM,-2.68
10103,4/9/2022 7:24:24 PM,-2.00
10103,4/9/2022 7:24:28 PM,-2.46
10103,4/9/2022 7:24:32 PM,-1.99
10103,4/9/2022 7:24:36 PM,-2.67
10103,4/9/2022 7:24:40 PM,-1.99
10103,4/9/2022 7:24:44 PM,-2.44
10103,4/9/2022 7:24:48 PM,-2.00
10103,4/9/2022 7:24:52 PM,-3.36
10103,4/9/2022 7:24:56 PM,-2.47
10103,4/9/2022 7:25:00 PM,-2.67
10103,4/9/2022 7:25:04 PM,-2.46
10103,4/9/2022 7:25:08 PM,-2.89
10103,4/9/2022 7:25:12 PM,-2.79
10103,4/9/2022 7:25:16 PM,-1.99
10103,4/9/2022 7:25:20 PM,-1.99
10103,4/9/2022 7:25:24 PM,-1.99
10103,4/9/2022 7:25:28 PM,-1.99
10103,4/9/2022 7:25:32 PM,-2.44
10103,4/9/2022 7:25:36 PM,-2.68
10103,4/9/2022 7:25:40 PM,-1.75
10103,4/9/2022 7:25:44 PM,-2.23
10103,4/9/2022 7:25:48 PM,-2.67
10103,4/9/2022 7:25:52 PM,-2.46
10103,4/9/2022 7:25:56 PM,-2.44
10103,4/9/2022 7:26:00 PM,-2.68
10103,4/9/2022 7:26:04 PM,-2.68
10103,4/9/2022 7:26:08 PM,-3.13
10103,4/9/2022 7:26:12 PM,-2.01
10103,4/9/2022 7:26:16 PM,-3.12
10103,4/9/2022 7:26:20 PM,-3.15
10103,4/9/2022 7:26:24 PM,-2.68
10103,4/9/2022 7:26:28 PM,-2.68
10103,4/9/2022 7:26:32 PM,-3.13
10103,4/9/2022 7:26:36 PM,-2.01
10103,4/9/2022 7:26:40 PM,-2.68
10103,4/9/2022 7:26:44 PM,-2.23
10103,4/9/2022 7:26:48 PM,-1.99
10103,4/9/2022 7:26:52 PM,-2.21
10103,4/9/2022 7:26:56 PM,-2.23
10103,4/9/2022 7:27:00 PM,-3.35
10103,4/9/2022 7:27:04 PM,-2.46
10103,4/9/2022 7:27:08 PM,-1.99
10103,4/9/2022 7:27:12 PM,-1.39
10103,4/9/2022 7:27:16 PM,-2.46
10103,4/9/2022 7:27:20 PM,-1.99
10103,4/9/2022 7:27:24 PM,-1.99
10103,4/9/2022 7:27:28 PM,-3.14
10103,4/9/2022 7:27:32 PM,-2.23
10103,4/9/2022 7:27:36 PM,-3.36
10103,4/9/2022 7:27:40 PM,-2.68
10103,4/9/2022 7:27:44 PM,-2.68
10103,4/9/2022 7:27:48 PM,-2.00
10103,4/9/2022 7:27:52 PM,-2.44
10103,4/9/2022 7:27:56 PM,-2.92
10103,4/9/2022 7:28:00 PM,-2.68
10103,4/9/2022 7:28:04 PM,-2.44
10103,4/9/2022 7:28:08 PM,-2.91
10103,4/9/2022 7:28:12 PM,-3.36
10103,4/9/2022 7:28:16 PM,-2.68
10103,4/9/2022 7:28:20 PM,-2.23
10103,4/9/2022 7:28:24 PM,-2.68
10103,4/9/2022 7:28:28 PM,-2.68
10103,4/9/2022 7:28:32 PM,-2.23
10103,4/9/2022 7:28:36 PM,-1.99
10103,4/9/2022 7:28:40 PM,-1.99
10103,4/9/2022 7:28:44 PM,-2.44
10103,4/9/2022 7:28:48 PM,-2.00
10103,4/9/2022 7:28:52 PM,-2.90
10103,4/9/2022 7:28:56 PM,-2.91
10103,4/9/2022 7:29:00 PM,-2.68
10103,4/9/2022 7:29:04 PM,-1.53
10103,4/9/2022 7:29:08 PM,-2.44
10103,4/9/2022 7:29:12 PM,-2.00
10103,4/9/2022 7:29:16 PM,-2.46
10103,4/9/2022 7:29:20 PM,-2.45
10103,4/9/2022 7:29:24 PM,-2.68
10103,4/9/2022 7:29:28 PM,-2.68
10103,4/9/2022 7:29:32 PM,-3.13
10103,4/9/2022 7:29:36 PM,-3.36
10103,4/9/2022 7:29:40 PM,-2.22
10103,4/9/2022 7:29:44 PM,-2.23
10103,4/9/2022 7:29:48 PM,-2.67
10103,4/9/2022 7:29:52 PM,-2.33
10103,4/9/2022 7:29:56 PM,-2.92
10103,4/9/2022 7:30:00 PM,-2.00
10103,4/9/2022 7:30:04 PM,-2.90
10103,4/9/2022 7:30:08 PM,-2.46
10103,4/9/2022 7:30:12 PM,-2.67
10103,4/9/2022 7:30:16 PM,-2.44
10103,4/9/2022 7:30:20 PM,-2.46
10103,4/9/2022 7:30:24 PM,-4.04
10103,4/9/2022 7:30:28 PM,-2.46
10103,4/9/2022 7:30:32 PM,-2.45
10103,4/9/2022 7:30:36 PM,-2.68
10103,4/9/2022 7:30:40 PM,-2.68
10103,4/9/2022 7:30:44 PM,-2.23
10103,4/9/2022 7:30:48 PM,-2.67
10103,4/9/2022 7:30:52 PM,-2.92
10103,4/9/2022 7:30:56 PM,-2.44
10103,4/9/2022 7:31:00 PM,-3.36
10103,4/9/2022 7:31:04 PM,-2.22
10103,4/9/2022 7:31:08 PM,-2.68
10103,4/9/2022 7:31:12 PM,-2.01
10103,4/9/2022 7:31:16 PM,-2.68
10103,4/9/2022 7:31:20 PM,-2.68
10103,4/9/2022 7:31:24 PM,-2.68
10103,4/9/2022 7:31:28 PM,-2.46
10103,4/9/2022 7:31:32 PM,-1.99
10103,4/9/2022 7:31:36 PM,-1.99
10103,4/9/2022 7:31:40 PM,-2.68
10103,4/9/2022 7:31:44 PM,-2.68
10103,4/9/2022 7:31:48 PM,-2.68
10103,4/9/2022 7:31:52 PM,-2.22
10103,4/9/2022 7:31:56 PM,-2.68
10103,4/9/2022 7:32:00 PM,-2.00
10103,4/9/2022 7:32:04 PM,-3.14
10103,4/9/2022 7:32:08 PM,-2.68
10103,4/9/2022 7:32:12 PM,-2.68
10103,4/9/2022 7:32:16 PM,-2.46
10103,4/9/2022 7:32:20 PM,-2.44
10103,4/9/2022 7:32:24 PM,-2.68
10103,4/9/2022 7:32:28 PM,-2.46
10103,4/9/2022 7:32:32 PM,-2.44
10103,4/9/2022 7:32:36 PM,-2.68
10103,4/9/2022 7:32:40 PM,-2.68
10103,4/9/2022 7:32:44 PM,-2.68
10103,4/9/2022 7:32:48 PM,-2.00
10103,4/9/2022 7:32:52 PM,-2.90
10103,4/9/2022 7:32:56 PM,-2.47
10103,4/9/2022 7:33:00 PM,-2.67
10103,4/9/2022 7:33:04 PM,-2.46
10103,4/9/2022 7:33:08 PM,-1.55
10103,4/9/2022 7:33:12 PM,-1.99
10103,4/9/2022 7:33:16 PM,-1.99
10103,4/9/2022 7:33:20 PM,-2.89
10103,4/9/2022 7:33:24 PM,-3.36
10103,4/9/2022 7:33:28 PM,-2.21
10103,4/9/2022 7:33:32 PM,-2.68
10103,4/9/2022 7:33:36 PM,-2.68
10103,4/9/2022 7:33:40 PM,-1.99
10103,4/9/2022 7:33:44 PM,-1.99
10103,4/9/2022 7:33:48 PM,-2.67
10103,4/9/2022 7:33:52 PM,-3.14
10103,4/9/2022 7:33:56 PM,-2.23
10103,4/9/2022 7:34:00 PM,-1.99
10103,4/9/2022 7:34:04 PM,-2.44
10103,4/9/2022 7:34:08 PM,-3.36
10103,4/9/2022 7:34:12 PM,-2.69
10103,4/9/2022 7:34:16 PM,-2.46
10103,4/9/2022 7:34:20 PM,-1.99
10103,4/9/2022 7:34:24 PM,-2.67
10103,4/9/2022 7:34:28 PM,-2.68
10103,4/9/2022 7:34:32 PM,-2.68
10103,4/9/2022 7:34:36 PM,-3.36
10103,4/9/2022 7:34:40 PM,-2.21
10103,4/9/2022 7:34:44 PM,-3.13
10103,4/9/2022 7:34:48 PM,-3.36
10103,4/9/2022 7:34:52 PM,-3.36
10103,4/9/2022 7:34:56 PM,-2.92
10103,4/9/2022 7:35:00 PM,-2.00
10103,4/9/2022 7:35:04 PM,-3.14
10103,4/9/2022 7:35:08 PM,-2.23
10103,4/9/2022 7:35:12 PM,-1.99
10103,4/9/2022 7:35:16 PM,-2.49
10103,4/9/2022 7:35:20 PM,-2.39
10103,4/9/2022 7:35:24 PM,-3.36
10103,4/9/2022 7:35:28 PM,-2.43
10103,4/9/2022 7:35:32 PM,-3.36
10103,4/9/2022 7:35:36 PM,-3.36
10103,4/9/2022 7:35:40 PM,-2.68
10103,4/9/2022 7:35:44 PM,-2.68
10103,4/9/2022 7:35:48 PM,-2.00
10103,4/9/2022 7:35:52 PM,-2.68
10103,4/9/2022 7:35:56 PM,-2.23
10103,4/9/2022 7:36:00 PM,-2.67
10103,4/9/2022 7:36:04 PM,-2.68
10103,4/9/2022 7:36:08 PM,-2.68
10103,4/9/2022 7:36:12 PM,-2.68
10103,4/9/2022 7:36:16 PM,-1.99
10103,4/9/2022 7:36:20 PM,-2.44
10103,4/9/2022 7:36:24 PM,-2.00
10103,4/9/2022 7:36:28 PM,-2.43
10103,4/9/2022 7:36:32 PM,-3.36
10103,4/9/2022 7:36:36 PM,-2.68
10103,4/9/2022 7:36:40 PM,-1.99
10103,4/9/2022 7:36:44 PM,-1.99
10103,4/9/2022 7:36:48 PM,-1.99
10103,4/9/2022 7:36:52 PM,-2.21
10103,4/9/2022 7:36:56 PM,-2.68
10103,4/9/2022 7:37:00 PM,-2.68
10103,4/9/2022 7:37:04 PM,-2.21
10103,4/9/2022 7:37:08 PM,-2.23
10103,4/9/2022 7:37:12 PM,-3.34
10103,4/9/2022 7:37:16 PM,-1.31
10103,4/9/2022 7:37:20 PM,-2.11
10103,4/9/2022 7:37:24 PM,-2.68
10103,4/9/2022 7:37:28 PM,-2.46
10103,4/9/2022 7:37:32 PM,-1.99
10103,4/9/2022 7:37:36 PM,-2.67
10103,4/9/2022 7:37:40 PM,-2.46
10103,4/9/2022 7:37:44 PM,-2.44
10103,4/9/2022 7:37:48 PM,-2.68
10103,4/9/2022 7:37:52 PM,-2.46
10103,4/9/2022 7:37:56 PM,-2.44
10103,4/9/2022 7:38:00 PM,-2.68
10103,4/9/2022 7:38:04 PM,-2.46
10103,4/9/2022 7:38:08 PM,-1.99
10103,4/9/2022 7:38:12 PM,-1.32
10103,4/9/2022 7:38:16 PM,-1.99
10103,4/9/2022 7:38:20 PM,-2.89
10103,4/9/2022 7:38:24 PM,-2.68
10103,4/9/2022 7:38:28 PM,-1.99
10103,4/9/2022 7:38:32 PM,-2.89
10103,4/9/2022 7:38:36 PM,-1.33
10103,4/9/2022 7:38:40 PM,-2.21
10103,4/9/2022 7:38:44 PM,-2.68
10103,4/9/2022 7:38:48 PM,-2.68
10103,4/9/2022 7:38:52 PM,-2.68
10103,4/9/2022 7:38:56 PM,-3.13
10103,4/9/2022 7:39:00 PM,-3.36
10103,4/9/2022 7:39:04 PM,-2.21
10103,4/9/2022 7:39:08 PM,-3.13
10103,4/9/2022 7:39:12 PM,-2.01
10103,4/9/2022 7:39:16 PM,-2.21
10103,4/9/2022 7:39:20 PM,-2.27
10103,4/9/2022 7:39:24 PM,-2.67
10103,4/9/2022 7:39:28 PM,-2.24
10103,4/9/2022 7:39:32 PM,-2.20
10103,4/9/2022 7:39:36 PM,-2.68
10103,4/9/2022 7:39:40 PM,-3.36
10103,4/9/2022 7:39:44 PM,-2.92
10103,4/9/2022 7:39:48 PM,-2.00
10103,4/9/2022 7:39:52 PM,-2.46
10103,4/9/2022 7:39:56 PM,-1.99
10103,4/9/2022 7:40:00 PM,-1.99
10103,4/9/2022 7:40:04 PM,-1.99
10103,4/9/2022 7:40:08 PM,-1.55
10103,4/9/2022 7:40:12 PM,-3.33
10103,4/9/2022 7:40:16 PM,-2.38
10103,4/9/2022 7:40:20 PM,-3.36
10103,4/9/2022 7:40:24 PM,-3.36
10103,4/9/2022 7:40:28 PM,-2.43
10103,4/9/2022 7:40:32 PM,-2.92
10103,4/9/2022 7:40:36 PM,-2.68
10103,4/9/2022 7:40:40 PM,-2.46
10103,4/9/2022 7:40:44 PM,-2.44
10103,4/9/2022 7:40:48 PM,-2.68
10103,4/9/2022 7:40:52 PM,-1.53
10103,4/9/2022 7:40:56 PM,-2.44
10103,4/9/2022 7:41:00 PM,-4.04
10103,4/9/2022 7:41:04 PM,-2.21
10103,4/9/2022 7:41:08 PM,-2.23
10103,4/9/2022 7:41:12 PM,-2.67
10103,4/9/2022 7:41:16 PM,-2.92
10103,4/9/2022 7:41:20 PM,-2.90
10103,4/9/2022 7:41:24 PM,-2.68
10103,4/9/2022 7:41:28 PM,-2.21
10103,4/9/2022 7:41:32 PM,-2.68
10103,4/9/2022 7:41:36 PM,-2.00
10103,4/9/2022 7:41:40 PM,-2.22
10103,4/9/2022 7:41:44 PM,-2.68
10103,4/9/2022 7:41:48 PM,-2.00
10103,4/9/2022 7:41:52 PM,-2.90
10103,4/9/2022 7:41:56 PM,-3.36
10103,4/9/2022 7:42:00 PM,-2.68
10103,4/9/2022 7:42:04 PM,-2.68
10103,4/9/2022 7:42:08 PM,-2.68
10103,4/9/2022 7:42:12 PM,-2.68
10103,4/9/2022 7:42:16 PM,-2.46
10103,4/9/2022 7:42:20 PM,-2.44
10103,4/9/2022 7:42:24 PM,-2.68
10103,4/9/2022 7:42:28 PM,-1.99
10103,4/9/2022 7:42:32 PM,-2.90
10103,4/9/2022 7:42:36 PM,-2.00
10103,4/9/2022 7:42:40 PM,-2.68
10103,4/9/2022 7:42:44 PM,-2.68
10103,4/9/2022 7:42:48 PM,-2.00
10103,4/9/2022 7:42:52 PM,-2.68
10103,4/9/2022 7:42:56 PM,-2.68
10103,4/9/2022 7:43:00 PM,-2.00
10103,4/9/2022 7:43:04 PM,-2.21
10103,4/9/2022 7:43:08 PM,-2.68
10103,4/9/2022 7:43:12 PM,-2.68
10103,4/9/2022 7:43:16 PM,-2.30
10103,4/9/2022 7:43:20 PM,-1.71
10103,4/9/2022 7:43:24 PM,-1.99
10103,4/9/2022 7:43:28 PM,-2.90
10103,4/9/2022 7:43:32 PM,-2.91
10103,4/9/2022 7:43:36 PM,-2.00
10103,4/9/2022 7:43:40 PM,-1.99
10103,4/9/2022 7:43:44 PM,-2.44
10103,4/9/2022 7:43:48 PM,-2.68
10103,4/9/2022 7:43:52 PM,-2.68
10103,4/9/2022 7:43:56 PM,-3.13
10103,4/9/2022 7:44:00 PM,-2.68
10103,4/9/2022 7:44:04 PM,-2.68
10103,4/9/2022 7:44:08 PM,-3.13
10103,4/9/2022 7:44:12 PM,-2.01
10103,4/9/2022 7:44:16 PM,-3.14
10103,4/9/2022 7:44:20 PM,-2.68
10103,4/9/2022 7:44:24 PM,-2.00
10103,4/9/2022 7:44:28 PM,-2.68
10103,4/9/2022 7:44:32 PM,-2.68
10103,4/9/2022 7:44:36 PM,-2.00
10103,4/9/2022 7:44:40 PM,-2.21
10103,4/9/2022 7:44:44 PM,-2.23
10103,4/9/2022 7:44:48 PM,-1.99
10103,4/9/2022 7:44:52 PM,-3.14
10103,4/9/2022 7:44:56 PM,-2.68
10103,4/9/2022 7:45:00 PM,-2.68
10103,4/9/2022 7:45:04 PM,-2.44
10103,4/9/2022 7:45:08 PM,-3.36
10103,4/9/2022 7:45:12 PM,-2.01
10103,4/9/2022 7:45:16 PM,-2.46
10103,4/9/2022 7:45:20 PM,-2.39
10103,4/9/2022 7:45:24 PM,-2.00
10103,4/9/2022 7:45:28 PM,-2.68
10103,4/9/2022 7:45:32 PM,-2.68
10103,4/9/2022 7:45:36 PM,-2.00
10103,4/9/2022 7:45:40 PM,-1.75
10103,4/9/2022 7:45:44 PM,-2.68
10103,4/9/2022 7:45:48 PM,-2.68
10103,4/9/2022 7:45:52 PM,-2.68
10103,4/9/2022 7:45:56 PM,-2.23
10103,4/9/2022 7:46:00 PM,-1.99
10103,4/9/2022 7:46:04 PM,-3.14
10103,4/9/2022 7:46:08 PM,-2.23
10103,4/9/2022 7:46:12 PM,-2.67
10103,4/9/2022 7:46:16 PM,-1.75
10103,4/9/2022 7:46:20 PM,-3.13
10103,4/9/2022 7:46:24 PM,-2.00
10103,4/9/2022 7:46:28 PM,-2.92
10103,4/9/2022 7:46:32 PM,-2.44
10103,4/9/2022 7:46:36 PM,-2.68
10103,4/9/2022 7:46:40 PM,-2.92
10103,4/9/2022 7:46:44 PM,-2.89
10103,4/9/2022 7:46:48 PM,-2.68
10103,4/9/2022 7:46:52 PM,-1.75
10103,4/9/2022 7:46:56 PM,-2.68
10103,4/9/2022 7:47:00 PM,-2.00
10103,4/9/2022 7:47:04 PM,-3.14
10103,4/9/2022 7:47:08 PM,-3.13
10103,4/9/2022 7:47:12 PM,-2.69
10103,4/9/2022 7:47:16 PM,-1.99
10103,4/9/2022 7:47:20 PM,-1.99
10103,4/9/2022 7:47:24 PM,-3.35
10103,4/9/2022 7:47:28 PM,-1.99
10103,4/9/2022 7:47:32 PM,-1.99
10103,4/9/2022 7:47:36 PM,-1.99
10103,4/9/2022 7:47:40 PM,-2.44
10103,4/9/2022 7:47:44 PM,-2.91
10103,4/9/2022 7:47:48 PM,-2.00
10103,4/9/2022 7:47:52 PM,-2.68
10103,4/9/2022 7:47:56 PM,-2.23
10103,4/9/2022 7:48:00 PM,-2.67
10103,4/9/2022 7:48:04 PM,-2.22
10103,4/9/2022 7:48:08 PM,-2.68
10103,4/9/2022 7:48:12 PM,-2.68
10103,4/9/2022 7:48:16 PM,-2.21
10103,4/9/2022 7:48:20 PM,-2.23
10103,4/9/2022 7:48:24 PM,-2.67
10103,4/9/2022 7:48:28 PM,-2.46
10103,4/9/2022 7:48:32 PM,-1.99
10103,4/9/2022 7:48:36 PM,-1.32
10103,4/9/2022 7:48:40 PM,-1.99
10103,4/9/2022 7:48:44 PM,-2.89
10103,4/9/2022 7:48:48 PM,-3.36
10103,4/9/2022 7:48:52 PM,-1.77
10103,4/9/2022 7:48:56 PM,-1.31
10103,4/9/2022 7:49:00 PM,-1.98
10103,4/9/2022 7:49:04 PM,-2.68
10103,4/9/2022 7:49:08 PM,-2.68
10103,4/9/2022 7:49:12 PM,-3.35
10103,4/9/2022 7:49:16 PM,-2.68
10103,4/9/2022 7:49:20 PM,-2.68
10103,4/9/2022 7:49:24 PM,-3.29
10103,4/9/2022 7:49:28 PM,-2.68
10103,4/9/2022 7:49:32 PM,-2.68
10103,4/9/2022 7:49:36 PM,-3.36
10103,4/9/2022 7:49:40 PM,-2.46
10103,4/9/2022 7:49:44 PM,-1.99
10103,4/9/2022 7:49:48 PM,-2.67
10103,4/9/2022 7:49:52 PM,-1.99
10103,4/9/2022 7:49:56 PM,-2.44
10103,4/9/2022 7:50:00 PM,-2.68
10103,4/9/2022 7:50:04 PM,-2.46
10103,4/9/2022 7:50:08 PM,-1.99
10103,4/9/2022 7:50:12 PM,-1.32
10103,4/9/2022 7:50:16 PM,-2.92
10103,4/9/2022 7:50:20 PM,-2.44
10103,4/9/2022 7:50:24 PM,-2.68
10103,4/9/2022 7:50:28 PM,-3.14
10103,4/9/2022 7:50:32 PM,-2.23
10103,4/9/2022 7:50:36 PM,-2.67
10103,4/9/2022 7:50:40 PM,-2.68
10103,4/9/2022 7:50:44 PM,-2.23
10103,4/9/2022 7:50:48 PM,-2.67
10103,4/9/2022 7:50:52 PM,-2.44
10103,4/9/2022 7:50:56 PM,-2.47
10103,4/9/2022 7:51:00 PM,-3.35
10103,4/9/2022 7:51:04 PM,-2.21
10103,4/9/2022 7:51:08 PM,-2.68
10103,4/9/2022 7:51:12 PM,-2.01
10103,4/9/2022 7:51:16 PM,-2.46
10103,4/9/2022 7:51:20 PM,-2.44
10103,4/9/2022 7:51:24 PM,-2.00
10103,4/9/2022 7:51:28 PM,-2.21
10103,4/9/2022 7:51:32 PM,-2.23
10103,4/9/2022 7:51:36 PM,-1.99
10103,4/9/2022 7:51:40 PM,-2.68
10103,4/9/2022 7:51:44 PM,-2.28
10103,4/9/2022 7:51:48 PM,-1.99
10103,4/9/2022 7:51:52 PM,-2.21
10103,4/9/2022 7:51:56 PM,-2.68
10103,4/9/2022 7:52:00 PM,-2.01
10103,4/9/2022 7:52:04 PM,-2.46
10103,4/9/2022 7:52:08 PM,-1.99
10103,4/9/2022 7:52:12 PM,-1.32
10103,4/9/2022 7:52:16 PM,-2.21
10103,4/9/2022 7:52:20 PM,-3.13
10103,4/9/2022 7:52:24 PM,-2.69
10103,4/9/2022 7:52:28 PM,-2.46
10103,4/9/2022 7:52:32 PM,-2.44
10103,4/9/2022 7:52:36 PM,-2.00
10103,4/9/2022 7:52:40 PM,-3.36
10103,4/9/2022 7:52:44 PM,-2.47
10103,4/9/2022 7:52:48 PM,-1.99
10103,4/9/2022 7:52:52 PM,-2.21
10103,4/9/2022 7:52:56 PM,-2.68
10103,4/9/2022 7:53:00 PM,-2.00
10103,4/9/2022 7:53:04 PM,-1.99
10103,4/9/2022 7:53:08 PM,-2.89
10103,4/9/2022 7:53:12 PM,-1.34
10103,4/9/2022 7:53:16 PM,-3.15
10103,4/9/2022 7:53:20 PM,-3.13
10103,4/9/2022 7:53:24 PM,-2.01
10103,4/9/2022 7:53:28 PM,-2.68
10103,4/9/2022 7:53:32 PM,-2.68
10103,4/9/2022 7:53:36 PM,-2.00
10103,4/9/2022 7:53:40 PM,-2.44
10103,4/9/2022 7:53:44 PM,-2.46
10103,4/9/2022 7:53:48 PM,-1.31
10103,4/9/2022 7:53:52 PM,-2.68
10103,4/9/2022 7:53:56 PM,-3.13
10103,4/9/2022 7:54:00 PM,-2.68
10103,4/9/2022 7:54:04 PM,-2.22
10103,4/9/2022 7:54:08 PM,-2.68
10103,4/9/2022 7:54:12 PM,-1.32
10103,4/9/2022 7:54:16 PM,-2.46
10103,4/9/2022 7:54:20 PM,-2.89
10103,4/9/2022 7:54:24 PM,-1.32
10103,4/9/2022 7:54:28 PM,-1.99
10103,4/9/2022 7:54:32 PM,-1.99
10103,4/9/2022 7:54:36 PM,-2.68
10103,4/9/2022 7:54:40 PM,-1.99
10103,4/9/2022 7:54:44 PM,-2.44
10103,4/9/2022 7:54:48 PM,-2.68
10103,4/9/2022 7:54:52 PM,-2.44
10103,4/9/2022 7:54:56 PM,-3.36
10103,4/9/2022 7:55:00 PM,-2.00
10103,4/9/2022 7:55:04 PM,-3.14
10103,4/9/2022 7:55:08 PM,-2.68
10103,4/9/2022 7:55:12 PM,-2.00
10103,4/9/2022 7:55:16 PM,-2.68
10103,4/9/2022 7:55:20 PM,-2.23
10103,4/9/2022 7:55:24 PM,-1.99
10103,4/9/2022 7:55:28 PM,-2.56
10103,4/9/2022 7:55:32 PM,-2.44
10103,4/9/2022 7:55:36 PM,-2.68
10103,4/9/2022 7:55:40 PM,-2.68
10103,4/9/2022 7:55:44 PM,-3.13
10103,4/9/2022 7:55:48 PM,-3.36
10103,4/9/2022 7:55:52 PM,-2.24
10103,4/9/2022 7:55:56 PM,-2.20
10103,4/9/2022 7:56:00 PM,-3.36
10103,4/9/2022 7:56:04 PM,-2.22
10103,4/9/2022 7:56:08 PM,-2.23
10103,4/9/2022 7:56:12 PM,-2.67
10103,4/9/2022 7:56:16 PM,-2.68
10103,4/9/2022 7:56:20 PM,-2.68
10103,4/9/2022 7:56:24 PM,-3.36
10103,4/9/2022 7:56:28 PM,-1.99
10103,4/9/2022 7:56:32 PM,-2.45
10103,4/9/2022 7:56:36 PM,-2.68
10103,4/9/2022 7:56:40 PM,-2.68
10103,4/9/2022 7:56:44 PM,-2.23
10103,4/9/2022 7:56:48 PM,-1.99
10103,4/9/2022 7:56:52 PM,-2.22
10103,4/9/2022 7:56:56 PM,-2.23
10103,4/9/2022 7:57:00 PM,-2.67
10103,4/9/2022 7:57:04 PM,-2.92
10103,4/9/2022 7:57:08 PM,-2.44
10103,4/9/2022 7:57:12 PM,-2.00
10103,4/9/2022 7:57:16 PM,-2.92
10103,4/9/2022 7:57:20 PM,-1.99
10103,4/9/2022 7:57:24 PM,-2.67
10103,4/9/2022 7:57:28 PM,-2.56
10103,4/9/2022 7:57:32 PM,-2.44
10103,4/9/2022 7:57:36 PM,-2.00
10103,4/9/2022 7:57:40 PM,-2.46
10103,4/9/2022 7:57:44 PM,-2.89
10103,4/9/2022 7:57:48 PM,-2.00
10103,4/9/2022 7:57:52 PM,-2.46
10103,4/9/2022 7:57:56 PM,-2.44
10103,4/9/2022 7:58:00 PM,-2.68
10103,4/9/2022 7:58:04 PM,-1.99
10103,4/9/2022 7:58:08 PM,-1.99
10103,4/9/2022 7:58:12 PM,-1.99
10103,4/9/2022 7:58:16 PM,-3.14
10103,4/9/2022 7:58:20 PM,-2.68
10103,4/9/2022 7:58:24 PM,-2.68
10103,4/9/2022 7:58:28 PM,-2.21
10103,4/9/2022 7:58:32 PM,-2.68
10103,4/9/2022 7:58:36 PM,-2.68
10103,4/9/2022 7:58:40 PM,-2.68
10103,4/9/2022 7:58:44 PM,-2.26
10103,4/9/2022 7:58:48 PM,-1.99
10103,4/9/2022 7:58:52 PM,-3.36
10103,4/9/2022 7:58:56 PM,-2.92
10103,4/9/2022 7:59:00 PM,-2.00
10103,4/9/2022 7:59:04 PM,-2.68
10103,4/9/2022 7:59:08 PM,-3.13
10103,4/9/2022 7:59:12 PM,-2.69
10103,4/9/2022 7:59:16 PM,-1.99
10103,4/9/2022 7:59:20 PM,-2.44
10103,4/9/2022 7:59:24 PM,-3.36
10103,4/9/2022 7:59:28 PM,-2.68
10103,4/9/2022 7:59:32 PM,-3.07
10103,4/9/2022 7:59:36 PM,-2.68
10103,4/9/2022 7:59:40 PM,-2.68
10103,4/9/2022 7:59:44 PM,-2.68
10103,4/9/2022 7:59:48 PM,-2.00
10103,4/9/2022 7:59:52 PM,-2.44
10103,4/9/2022 7:59:56 PM,-2.92
10103,4/9/2022 8:00:00 PM,-2.68
10103,4/9/2022 8:00:04 PM,-2.46
10103,4/9/2022 8:00:08 PM,-2.44
10103,4/9/2022 8:00:12 PM,-2.00
10103,4/9/2022 8:00:16 PM,-2.21
10103,4/9/2022 8:00:20 PM,-2.68
10103,4/9/2022 8:00:24 PM,-2.68
10103,4/9/2022 8:00:28 PM,-2.68
10103,4/9/2022 8:00:32 PM,-2.68
10103,4/9/2022 8:00:36 PM,-3.36
10103,4/9/2022 8:00:40 PM,-3.12
10103,4/9/2022 8:00:44 PM,-3.15
10103,4/9/2022 8:00:48 PM,-3.36
10103,4/9/2022 8:00:52 PM,-3.12
10103,4/9/2022 8:00:56 PM,-3.16
10103,4/9/2022 8:01:00 PM,-2.03
10103,4/9/2022 8:01:04 PM,-3.59
10103,4/9/2022 8:01:08 PM,-4.05
10103,4/9/2022 8:01:12 PM,-3.38
10103,4/9/2022 8:01:16 PM,-3.15
10103,4/9/2022 8:01:20 PM,-2.68
10103,4/9/2022 8:01:24 PM,-2.68
10103,4/9/2022 8:01:28 PM,-1.99
10103,4/9/2022 8:01:32 PM,-2.89
10103,4/9/2022 8:01:36 PM,-2.68
10103,4/9/2022 8:01:40 PM,-2.68
10103,4/9/2022 8:01:44 PM,-2.68
10103,4/9/2022 8:01:48 PM,-2.00
10103,4/9/2022 8:01:52 PM,-3.14
10103,4/9/2022 8:01:56 PM,-2.68
10103,4/9/2022 8:02:00 PM,-2.68
10103,4/9/2022 8:02:04 PM,-2.68
10103,4/9/2022 8:02:08 PM,-3.13
10103,4/9/2022 8:02:12 PM,-2.01
10103,4/9/2022 8:02:16 PM,-2.90
10103,4/9/2022 8:02:20 PM,-3.36
10103,4/9/2022 8:02:24 PM,-2.68
10103,4/9/2022 8:02:28 PM,-2.21
10103,4/9/2022 8:02:32 PM,-3.58
10103,4/9/2022 8:02:36 PM,-3.37
10103,4/9/2022 8:02:40 PM,-2.90
10103,4/9/2022 8:02:44 PM,-2.92
10103,4/9/2022 8:02:48 PM,-3.36
10103,4/9/2022 8:02:52 PM,-3.83
10103,4/9/2022 8:02:56 PM,-2.92
10103,4/9/2022 8:03:00 PM,-3.36
10103,4/9/2022 8:03:04 PM,-3.83
10103,4/9/2022 8:03:08 PM,-2.92
10103,4/9/2022 8:03:12 PM,-3.35
10103,4/9/2022 8:03:16 PM,-3.36
10103,4/9/2022 8:03:20 PM,-2.91
10103,4/9/2022 8:03:24 PM,-2.68
10103,4/9/2022 8:03:28 PM,-3.58
10103,4/9/2022 8:03:32 PM,-3.15
10103,4/9/2022 8:03:36 PM,-2.68
10103,4/9/2022 8:03:40 PM,-2.68
10103,4/9/2022 8:03:44 PM,-3.13
10103,4/9/2022 8:03:48 PM,-3.36
10103,4/9/2022 8:03:52 PM,-3.14
10103,4/9/2022 8:03:56 PM,-3.12
10103,4/9/2022 8:04:00 PM,-2.69
10103,4/9/2022 8:04:04 PM,-3.61
10103,4/9/2022 8:04:08 PM,-3.13
10103,4/9/2022 8:04:12 PM,-2.69
10103,4/9/2022 8:04:16 PM,-2.89
10103,4/9/2022 8:04:20 PM,-2.92
10103,4/9/2022 8:04:24 PM,-2.68
10103,4/9/2022 8:04:28 PM,-3.36
10103,4/9/2022 8:04:32 PM,-2.91
10103,4/9/2022 8:04:36 PM,-2.68
10103,4/9/2022 8:04:40 PM,-2.68
10103,4/9/2022 8:04:44 PM,-2.68
10103,4/9/2022 8:04:48 PM,-2.68
10103,4/9/2022 8:04:52 PM,-3.36
10103,4/9/2022 8:04:56 PM,-2.92
10103,4/9/2022 8:05:00 PM,-2.68
10103,4/9/2022 8:05:04 PM,-3.14
10103,4/9/2022 8:05:08 PM,-2.68
10103,4/9/2022 8:05:12 PM,-2.68
10103,4/9/2022 8:05:16 PM,-3.14
10103,4/9/2022 8:05:20 PM,-2.68
10103,4/9/2022 8:05:24 PM,-2.00
10103,4/9/2022 8:05:28 PM,-2.90
10103,4/9/2022 8:05:32 PM,-2.96
10103,4/9/2022 8:05:36 PM,-3.36
10103,4/9/2022 8:05:40 PM,-2.90
10103,4/9/2022 8:05:44 PM,-2.92
10103,4/9/2022 8:05:48 PM,-2.68
10103,4/9/2022 8:05:52 PM,-2.46
10103,4/9/2022 8:05:56 PM,-2.88
10103,4/9/2022 8:06:00 PM,-3.36
10103,4/9/2022 8:06:04 PM,-3.14
10103,4/9/2022 8:06:08 PM,-2.68
10103,4/9/2022 8:06:12 PM,-2.00
10103,4/9/2022 8:06:16 PM,-4.05
10103,4/9/2022 8:06:20 PM,-3.15
10103,4/9/2022 8:06:24 PM,-2.68
10103,4/9/2022 8:06:28 PM,-2.68
10103,4/9/2022 8:06:32 PM,-2.68
10103,4/9/2022 8:06:36 PM,-3.36
10103,4/9/2022 8:06:40 PM,-2.44
10103,4/9/2022 8:06:44 PM,-3.36
10103,4/9/2022 8:06:48 PM,-2.68
10103,4/9/2022 8:06:52 PM,-2.46
10103,4/9/2022 8:06:56 PM,-2.44
10103,4/9/2022 8:07:00 PM,-2.68
10103,4/9/2022 8:07:04 PM,-2.68
10103,4/9/2022 8:07:08 PM,-2.23
10103,4/9/2022 8:07:12 PM,-2.67
10103,4/9/2022 8:07:16 PM,-3.36
10103,4/9/2022 8:07:20 PM,-3.81
10103,4/9/2022 8:07:24 PM,-3.37
10103,4/9/2022 8:07:28 PM,-2.68
10103,4/9/2022 8:07:32 PM,-3.08
10103,4/9/2022 8:07:36 PM,-2.00
10103,4/9/2022 8:07:40 PM,-2.68
10103,4/9/2022 8:07:44 PM,-2.68
10103,4/9/2022 8:07:48 PM,-2.68
10103,4/9/2022 8:07:52 PM,-2.22
10103,4/9/2022 8:07:56 PM,-3.57
10103,4/9/2022 8:08:00 PM,-2.69
10103,4/9/2022 8:08:04 PM,-3.36
10103,4/9/2022 8:08:08 PM,-3.36
10103,4/9/2022 8:08:12 PM,-2.69
10103,4/9/2022 8:08:16 PM,-4.05
10103,4/9/2022 8:08:20 PM,-3.15
10103,4/9/2022 8:08:24 PM,-3.36
10103,4/9/2022 8:08:28 PM,-2.90
10103,4/9/2022 8:08:32 PM,-3.36
10103,4/9/2022 8:08:36 PM,-3.36
10103,4/9/2022 8:08:40 PM,-2.68
10103,4/9/2022 8:08:44 PM,-3.13
10103,4/9/2022 8:08:48 PM,-2.68
10103,4/9/2022 8:08:52 PM,-2.92
10103,4/9/2022 8:08:56 PM,-2.44
10103,4/9/2022 8:09:00 PM,-3.36
10103,4/9/2022 8:09:04 PM,-2.90
10103,4/9/2022 8:09:08 PM,-3.81
10103,4/9/2022 8:09:12 PM,-3.37
10103,4/9/2022 8:09:16 PM,-3.14
10103,4/9/2022 8:09:20 PM,-3.13
10103,4/9/2022 8:09:24 PM,-4.04
10103,4/9/2022 8:09:28 PM,-3.36
10103,4/9/2022 8:09:32 PM,-3.36
10103,4/9/2022 8:09:36 PM,-3.36
10103,4/9/2022 8:09:40 PM,-3.83
10103,4/9/2022 8:09:44 PM,-3.36
10103,4/9/2022 8:09:48 PM,-3.36
10103,4/9/2022 8:09:52 PM,-2.90
10103,4/9/2022 8:09:56 PM,-2.47
10103,4/9/2022 8:10:00 PM,-3.35
10103,4/9/2022 8:10:04 PM,-3.36
10103,4/9/2022 8:10:08 PM,-3.81
10103,4/9/2022 8:10:12 PM,-2.70
10103,4/9/2022 8:10:16 PM,-2.90
10103,4/9/2022 8:10:20 PM,-3.81
10103,4/9/2022 8:10:24 PM,-2.69
10103,4/9/2022 8:10:28 PM,-2.90
10103,4/9/2022 8:10:32 PM,-2.91
10103,4/9/2022 8:10:36 PM,-2.68
10103,4/9/2022 8:10:40 PM,-3.36
10103,4/9/2022 8:10:44 PM,-3.36
10103,4/9/2022 8:10:48 PM,-2.68
10103,4/9/2022 8:10:52 PM,-3.36
10103,4/9/2022 8:10:56 PM,-3.36
10103,4/9/2022 8:11:00 PM,-2.00
10103,4/9/2022 8:11:04 PM,-3.14
10103,4/9/2022 8:11:08 PM,-2.68
10103,4/9/2022 8:11:12 PM,-3.35
10103,4/9/2022 8:11:16 PM,-2.90
10103,4/9/2022 8:11:20 PM,-3.36
10103,4/9/2022 8:11:24 PM,-2.68
10103,4/9/2022 8:11:28 PM,-2.21
10103,4/9/2022 8:11:32 PM,-3.13
10103,4/9/2022 8:11:36 PM,-3.36
10103,4/9/2022 8:11:40 PM,-3.14
10103,4/9/2022 8:11:44 PM,-2.68
10103,4/9/2022 8:11:48 PM,-2.68
10103,4/9/2022 8:11:52 PM,-3.36
10103,4/9/2022 8:11:56 PM,-3.36
10103,4/9/2022 8:12:00 PM,-2.68
10103,4/9/2022 8:12:04 PM,-2.68
10103,4/9/2022 8:12:08 PM,-2.68
10103,4/9/2022 8:12:12 PM,-3.35
10103,4/9/2022 8:12:16 PM,-2.90
10103,4/9/2022 8:12:20 PM,-2.47
10103,4/9/2022 8:12:24 PM,-4.03
10103,4/9/2022 8:12:28 PM,-3.39
10103,4/9/2022 8:12:32 PM,-3.34
10103,4/9/2022 8:12:36 PM,-4.05
10103,4/9/2022 8:12:40 PM,-2.90
10103,4/9/2022 8:12:44 PM,-3.36
10103,4/9/2022 8:12:48 PM,-3.36
10103,4/9/2022 8:12:52 PM,-2.68
10103,4/9/2022 8:12:56 PM,-3.13
10103,4/9/2022 8:13:00 PM,-3.36
10103,4/9/2022 8:13:04 PM,-2.68
10103,4/9/2022 8:13:08 PM,-2.23
10103,4/9/2022 8:13:12 PM,-3.35
10103,4/9/2022 8:13:16 PM,-2.68
10103,4/9/2022 8:13:20 PM,-3.13
10103,4/9/2022 8:13:24 PM,-2.68
10103,4/9/2022 8:13:28 PM,-2.21
10103,4/9/2022 8:13:32 PM,-2.68
10103,4/9/2022 8:13:36 PM,-2.68
10103,4/9/2022 8:13:40 PM,-2.68
10103,4/9/2022 8:13:44 PM,-2.68
10103,4/9/2022 8:13:48 PM,-2.00
10103,4/9/2022 8:13:52 PM,-2.21
10103,4/9/2022 8:13:56 PM,-3.12
10103,4/9/2022 8:14:00 PM,-2.01
10103,4/9/2022 8:14:04 PM,-1.99
10103,4/9/2022 8:14:08 PM,-2.44
10103,4/9/2022 8:14:12 PM,-2.68
10103,4/9/2022 8:14:16 PM,-1.99
10103,4/9/2022 8:14:20 PM,-2.44
10103,4/9/2022 8:14:24 PM,-2.68
10103,4/9/2022 8:14:28 PM,-2.21
10103,4/9/2022 8:14:32 PM,-2.68
10103,4/9/2022 8:14:36 PM,-2.68
10103,4/9/2022 8:14:40 PM,-2.93
10103,4/9/2022 8:14:44 PM,-1.99
10103,4/9/2022 8:14:48 PM,-2.67
10103,4/9/2022 8:14:52 PM,-2.68
10103,4/9/2022 8:14:56 PM,-1.79
10103,4/9/2022 8:15:00 PM,-2.67
10103,4/9/2022 8:15:04 PM,-2.21
10103,4/9/2022 8:15:08 PM,-2.23
10103,4/9/2022 8:15:12 PM,-1.99
10103,4/9/2022 8:15:16 PM,-2.22
10103,4/9/2022 8:15:20 PM,-2.23
10103,4/9/2022 8:15:24 PM,-1.99
10103,4/9/2022 8:15:28 PM,-1.99
10103,4/9/2022 8:15:32 PM,-1.99
10103,4/9/2022 8:15:36 PM,-1.99
10103,4/9/2022 8:15:40 PM,-1.99
10103,4/9/2022 8:15:44 PM,-1.99
10103,4/9/2022 8:15:48 PM,-2.67
10103,4/9/2022 8:15:52 PM,-1.53
10103,4/9/2022 8:15:56 PM,-1.99
10103,4/9/2022 8:16:00 PM,-1.99
10103,4/9/2022 8:16:04 PM,-1.31
10103,4/9/2022 8:16:08 PM,-1.31
10103,4/9/2022 8:16:12 PM,-1.98
10103,4/9/2022 8:16:16 PM,-2.92
10103,4/9/2022 8:16:20 PM,-2.44
10103,4/9/2022 8:16:24 PM,-2.68
10103,4/9/2022 8:16:28 PM,-1.53
10103,4/9/2022 8:16:32 PM,-1.99
10103,4/9/2022 8:16:36 PM,-1.99
10103,4/9/2022 8:16:40 PM,-2.68
10103,4/9/2022 8:16:44 PM,-2.24
10103,4/9/2022 8:16:48 PM,-3.34
10103,4/9/2022 8:16:52 PM,-2.21
10103,4/9/2022 8:16:56 PM,-2.23
10103,4/9/2022 8:17:00 PM,-2.67
10103,4/9/2022 8:17:04 PM,-2.90
10103,4/9/2022 8:17:08 PM,-2.47
10103,4/9/2022 8:17:12 PM,-1.99
10103,4/9/2022 8:17:16 PM,-1.99
10103,4/9/2022 8:17:20 PM,-2.44
10103,4/9/2022 8:17:24 PM,-2.00
10103,4/9/2022 8:17:28 PM,-1.28
10103,4/9/2022 8:17:32 PM,-1.78
10103,4/9/2022 8:17:36 PM,-1.99
10103,4/9/2022 8:17:40 PM,-1.99
10103,4/9/2022 8:17:44 PM,-1.99
10103,4/9/2022 8:17:48 PM,-1.99
10103,4/9/2022 8:17:52 PM,-1.99
10103,4/9/2022 8:17:56 PM,-1.99
10103,4/9/2022 8:18:00 PM,-1.32
10103,4/9/2022 8:18:04 PM,-1.99
10103,4/9/2022 8:18:08 PM,-1.10
10103,4/9/2022 8:18:12 PM,-1.97
10103,4/9/2022 8:18:16 PM,-1.99
10103,4/9/2022 8:18:20 PM,-1.55
10103,4/9/2022 8:18:24 PM,-1.99
10103,4/9/2022 8:18:28 PM,-1.53
10103,4/9/2022 8:18:32 PM,-1.55
10103,4/9/2022 8:18:36 PM,-1.31
10103,4/9/2022 8:18:40 PM,-3.15
10103,4/9/2022 8:18:44 PM,-2.68
10103,4/9/2022 8:18:48 PM,-1.32
10103,4/9/2022 8:18:52 PM,-1.99
10103,4/9/2022 8:18:56 PM,-1.99
10103,4/9/2022 8:19:00 PM,-1.99
10103,4/9/2022 8:19:04 PM,-1.99
10103,4/9/2022 8:19:08 PM,-1.99
10103,4/9/2022 8:19:12 PM,-1.99
10103,4/9/2022 8:19:16 PM,-2.21
10103,4/9/2022 8:19:20 PM,-2.23
10103,4/9/2022 8:19:24 PM,-1.99
10103,4/9/2022 8:19:28 PM,-1.53
10103,4/9/2022 8:19:32 PM,-1.99
10103,4/9/2022 8:19:36 PM,-2.68
10103,4/9/2022 8:19:40 PM,-1.50
10103,4/9/2022 8:19:44 PM,-2.78
10103,4/9/2022 8:19:48 PM,-2.68
10103,4/9/2022 8:19:52 PM,-1.53
10103,4/9/2022 8:19:56 PM,-2.44
10103,4/9/2022 8:20:00 PM,-2.00
10103,4/9/2022 8:20:04 PM,-1.99
10103,4/9/2022 8:20:08 PM,-1.99
10103,4/9/2022 8:20:12 PM,-1.32
10103,4/9/2022 8:20:16 PM,-2.46
10103,4/9/2022 8:20:20 PM,-1.99
10103,4/9/2022 8:20:24 PM,-1.99
10103,4/9/2022 8:20:28 PM,-1.99
10103,4/9/2022 8:20:32 PM,-1.99
10103,4/9/2022 8:20:36 PM,-1.31
10103,4/9/2022 8:20:40 PM,-1.99
10103,4/9/2022 8:20:44 PM,-1.99
10103,4/9/2022 8:20:48 PM,-1.99
10103,4/9/2022 8:20:52 PM,-2.22
10103,4/9/2022 8:20:56 PM,-3.13
10103,4/9/2022 8:21:00 PM,-2.00
10103,4/9/2022 8:21:04 PM,-1.99
10103,4/9/2022 8:21:08 PM,-1.54
10103,4/9/2022 8:21:12 PM,-1.99
10103,4/9/2022 8:21:16 PM,-2.22
10103,4/9/2022 8:21:20 PM,-2.23
10103,4/9/2022 8:21:24 PM,-1.31
10103,4/9/2022 8:21:28 PM,-2.21
10103,4/9/2022 8:21:32 PM,-1.78
10103,4/9/2022 8:21:36 PM,-1.99
10103,4/9/2022 8:21:40 PM,-1.99
10103,4/9/2022 8:21:44 PM,-1.99
10103,4/9/2022 8:21:48 PM,-1.99
10103,4/9/2022 8:21:52 PM,-1.53
10103,4/9/2022 8:21:56 PM,-1.99
10103,4/9/2022 8:22:00 PM,-2.67
10103,4/9/2022 8:22:04 PM,-1.99
10103,4/9/2022 8:22:08 PM,-2.45
10103,4/9/2022 8:22:12 PM,-1.32
10103,4/9/2022 8:22:16 PM,-1.99
10103,4/9/2022 8:22:20 PM,-1.55
10103,4/9/2022 8:22:24 PM,-1.31
10103,4/9/2022 8:22:28 PM,-2.21
10103,4/9/2022 8:22:32 PM,-2.23
10103,4/9/2022 8:22:36 PM,-1.99
10103,4/9/2022 8:22:40 PM,-1.99
10103,4/9/2022 8:22:44 PM,-2.44
10103,4/9/2022 8:22:48 PM,-2.00
10103,4/9/2022 8:22:52 PM,-1.99
10103,4/9/2022 8:22:56 PM,-1.99
10103,4/9/2022 8:23:00 PM,-1.99
10103,4/9/2022 8:23:04 PM,-1.31
10103,4/9/2022 8:23:08 PM,-1.76
10103,4/9/2022 8:23:12 PM,-1.99
10103,4/9/2022 8:23:16 PM,-2.46
10103,4/9/2022 8:23:20 PM,-1.54
10103,4/9/2022 8:23:24 PM,-1.99
10103,4/9/2022 8:23:28 PM,-2.46
10103,4/9/2022 8:23:32 PM,-1.54
10103,4/9/2022 8:23:36 PM,-2.67
10103,4/9/2022 8:23:40 PM,-1.99
10103,4/9/2022 8:23:44 PM,-2.44
10103,4/9/2022 8:23:48 PM,-2.68
10103,4/9/2022 8:23:52 PM,-2.22
10103,4/9/2022 8:23:56 PM,-2.68
10103,4/9/2022 8:24:00 PM,-1.32
10103,4/9/2022 8:24:04 PM,-1.99
10103,4/9/2022 8:24:08 PM,-1.99
10103,4/9/2022 8:24:12 PM,-1.99
10103,4/9/2022 8:24:16 PM,-2.22
10103,4/9/2022 8:24:20 PM,-3.13
10103,4/9/2022 8:24:24 PM,-2.00
10103,4/9/2022 8:24:28 PM,-2.90
10103,4/9/2022 8:24:32 PM,-2.46
10103,4/9/2022 8:24:36 PM,-2.67
10103,4/9/2022 8:24:40 PM,-2.68
10103,4/9/2022 8:24:44 PM,-1.78
10103,4/9/2022 8:24:48 PM,-1.31
10103,4/9/2022 8:24:52 PM,-2.22
10103,4/9/2022 8:24:56 PM,-2.23
10103,4/9/2022 8:25:00 PM,-1.99
10103,4/9/2022 8:25:04 PM,-2.21
10103,4/9/2022 8:25:08 PM,-2.23
10103,4/9/2022 8:25:12 PM,-2.67
10103,4/9/2022 8:25:16 PM,-2.44
10103,4/9/2022 8:25:20 PM,-2.46
10103,4/9/2022 8:25:24 PM,-2.67
10103,4/9/2022 8:25:28 PM,-2.68
10103,4/9/2022 8:25:32 PM,-2.23
10103,4/9/2022 8:25:36 PM,-1.99
10103,4/9/2022 8:25:40 PM,-1.99
10103,4/9/2022 8:25:44 PM,-2.40
10103,4/9/2022 8:25:48 PM,-2.68
10103,4/9/2022 8:25:52 PM,-2.46
10103,4/9/2022 8:25:56 PM,-2.44
10103,4/9/2022 8:26:00 PM,-2.68
10103,4/9/2022 8:26:04 PM,-1.99
10103,4/9/2022 8:26:08 PM,-1.54
10103,4/9/2022 8:26:12 PM,-1.98
10103,4/9/2022 8:26:16 PM,-2.46
10103,4/9/2022 8:26:20 PM,-2.44
10103,4/9/2022 8:26:24 PM,-2.00
10103,4/9/2022 8:26:28 PM,-1.99
10103,4/9/2022 8:26:32 PM,-1.99
10103,4/9/2022 8:26:36 PM,-2.67
10103,4/9/2022 8:26:40 PM,-2.68
10103,4/9/2022 8:26:44 PM,-2.23
10103,4/9/2022 8:26:48 PM,-3.35
10103,4/9/2022 8:26:52 PM,-2.92
10103,4/9/2022 8:26:56 PM,-2.44
10103,4/9/2022 8:27:00 PM,-3.35
10103,4/9/2022 8:27:04 PM,-3.14
10103,4/9/2022 8:27:08 PM,-2.68
10103,4/9/2022 8:27:12 PM,-2.68
10103,4/9/2022 8:27:16 PM,-2.43
10103,4/9/2022 8:27:20 PM,-2.92
10103,4/9/2022 8:27:24 PM,-2.68
10103,4/9/2022 8:27:28 PM,-2.46
10103,4/9/2022 8:27:32 PM,-2.44
10103,4/9/2022 8:27:36 PM,-2.00
10103,4/9/2022 8:27:40 PM,-2.46
10103,4/9/2022 8:27:44 PM,-2.89
10103,4/9/2022 8:27:48 PM,-2.15
10103,4/9/2022 8:27:52 PM,-2.68
10103,4/9/2022 8:27:56 PM,-2.68
10103,4/9/2022 8:28:00 PM,-2.00
10103,4/9/2022 8:28:04 PM,-2.22
10103,4/9/2022 8:28:08 PM,-2.23
10103,4/9/2022 8:28:12 PM,-1.99
10103,4/9/2022 8:28:16 PM,-2.68
10103,4/9/2022 8:28:20 PM,-2.23
10103,4/9/2022 8:28:24 PM,-2.67
10103,4/9/2022 8:28:28 PM,-3.14
10103,4/9/2022 8:28:32 PM,-1.78
10103,4/9/2022 8:28:36 PM,-2.67
10103,4/9/2022 8:28:40 PM,-2.90
10103,4/9/2022 8:28:44 PM,-3.36
10103,4/9/2022 8:28:48 PM,-2.68
10103,4/9/2022 8:28:52 PM,-2.90
10103,4/9/2022 8:28:56 PM,-3.36
10103,4/9/2022 8:29:00 PM,-2.68
10103,4/9/2022 8:29:04 PM,-2.21
10103,4/9/2022 8:29:08 PM,-2.23
10103,4/9/2022 8:29:12 PM,-1.99
10103,4/9/2022 8:29:16 PM,-2.46
10103,4/9/2022 8:29:20 PM,-2.44
10103,4/9/2022 8:29:24 PM,-3.36
10103,4/9/2022 8:29:28 PM,-2.43
10103,4/9/2022 8:29:32 PM,-2.47
10103,4/9/2022 8:29:36 PM,-1.99
10103,4/9/2022 8:29:40 PM,-2.90
10103,4/9/2022 8:29:44 PM,-3.36
10103,4/9/2022 8:29:48 PM,-2.01
10103,4/9/2022 8:29:52 PM,-3.89
10103,4/9/2022 8:29:56 PM,-2.92
10103,4/9/2022 8:30:00 PM,-2.68
10103,4/9/2022 8:30:04 PM,-2.90
10103,4/9/2022 8:30:08 PM,-3.36
10103,4/9/2022 8:30:12 PM,-3.36
10103,4/9/2022 8:30:16 PM,-2.68
10103,4/9/2022 8:30:20 PM,-2.68
10103,4/9/2022 8:30:24 PM,-2.00
10103,4/9/2022 8:30:28 PM,-2.21
10103,4/9/2022 8:30:32 PM,-2.68
10103,4/9/2022 8:30:36 PM,-2.00
10103,4/9/2022 8:30:40 PM,-3.15
10103,4/9/2022 8:30:44 PM,-2.68
10103,4/9/2022 8:30:48 PM,-3.36
10103,4/9/2022 8:30:52 PM,-2.68
10103,4/9/2022 8:30:56 PM,-2.68
10103,4/9/2022 8:31:00 PM,-3.36
10103,4/9/2022 8:31:04 PM,-2.21
10103,4/9/2022 8:31:08 PM,-2.23
10103,4/9/2022 8:31:12 PM,-2.67
10103,4/9/2022 8:31:16 PM,-2.46
10103,4/9/2022 8:31:20 PM,-2.44
10103,4/9/2022 8:31:24 PM,-2.00
10103,4/9/2022 8:31:28 PM,-3.15
10103,4/9/2022 8:31:32 PM,-3.13
10103,4/9/2022 8:31:36 PM,-2.69
10103,4/9/2022 8:31:40 PM,-2.43
10103,4/9/2022 8:31:44 PM,-2.47
10103,4/9/2022 8:31:48 PM,-3.36
10103,4/9/2022 8:31:52 PM,-2.68
10103,4/9/2022 8:31:56 PM,-2.68
10103,4/9/2022 8:32:00 PM,-3.36
10103,4/9/2022 8:32:04 PM,-2.90
10103,4/9/2022 8:32:08 PM,-2.91
10103,4/9/2022 8:32:12 PM,-2.00
10103,4/9/2022 8:32:16 PM,-2.46
10103,4/9/2022 8:32:20 PM,-2.44
10103,4/9/2022 8:32:24 PM,-3.36
10103,4/9/2022 8:32:28 PM,-2.22
10103,4/9/2022 8:32:32 PM,-3.13
10103,4/9/2022 8:32:36 PM,-2.68
10103,4/9/2022 8:32:40 PM,-2.44
10103,4/9/2022 8:32:44 PM,-2.47
10103,4/9/2022 8:32:48 PM,-1.99
10103,4/9/2022 8:32:52 PM,-3.36
10103,4/9/2022 8:32:56 PM,-2.91
10103,4/9/2022 8:33:00 PM,-3.36
10103,4/9/2022 8:33:04 PM,-2.90
10103,4/9/2022 8:33:08 PM,-2.46
10103,4/9/2022 8:33:12 PM,-2.67
10103,4/9/2022 8:33:16 PM,-2.22
10103,4/9/2022 8:33:20 PM,-2.68
10103,4/9/2022 8:33:24 PM,-2.68
10103,4/9/2022 8:33:28 PM,-3.14
10103,4/9/2022 8:33:32 PM,-2.68
10103,4/9/2022 8:33:36 PM,-2.68
10103,4/9/2022 8:33:40 PM,-2.22
10103,4/9/2022 8:33:44 PM,-2.68
10103,4/9/2022 8:33:48 PM,-2.00
10103,4/9/2022 8:33:52 PM,-2.90
10103,4/9/2022 8:33:56 PM,-2.92
10103,4/9/2022 8:34:00 PM,-2.68
10103,4/9/2022 8:34:04 PM,-2.90
10103,4/9/2022 8:34:08 PM,-2.91
10103,4/9/2022 8:34:12 PM,-2.00
10103,4/9/2022 8:34:16 PM,-3.60
10103,4/9/2022 8:34:20 PM,-2.68
10103,4/9/2022 8:34:24 PM,-2.68
10103,4/9/2022 8:34:28 PM,-2.68
10103,4/9/2022 8:34:32 PM,-2.68
10103,4/9/2022 8:34:36 PM,-3.36
10103,4/9/2022 8:34:40 PM,-3.14
10103,4/9/2022 8:34:44 PM,-2.68
10103,4/9/2022 8:34:48 PM,-2.68
10103,4/9/2022 8:34:52 PM,-2.68
10103,4/9/2022 8:34:56 PM,-2.68
10103,4/9/2022 8:35:00 PM,-3.36
10103,4/9/2022 8:35:04 PM,-3.60
10103,4/9/2022 8:35:08 PM,-2.68
10103,4/9/2022 8:35:12 PM,-3.36
10103,4/9/2022 8:35:16 PM,-2.92
10103,4/9/2022 8:35:20 PM,-2.44
10103,4/9/2022 8:35:24 PM,-2.00
10103,4/9/2022 8:35:28 PM,-3.15
10103,4/9/2022 8:35:32 PM,-2.68
10103,4/9/2022 8:35:36 PM,-3.36
10103,4/9/2022 8:35:40 PM,-2.46
10103,4/9/2022 8:35:44 PM,-2.89
10103,4/9/2022 8:35:48 PM,-3.36
10103,4/9/2022 8:35:52 PM,-1.49
10103,4/9/2022 8:35:56 PM,-2.38
10103,4/9/2022 8:36:00 PM,-2.68
10103,4/9/2022 8:36:04 PM,-3.14
10103,4/9/2022 8:36:08 PM,-2.23
10103,4/9/2022 8:36:12 PM,-3.35
10103,4/9/2022 8:36:16 PM,-2.22
10103,4/9/2022 8:36:20 PM,-2.23
10103,4/9/2022 8:36:24 PM,-2.67
10103,4/9/2022 8:36:28 PM,-2.68
10103,4/9/2022 8:36:32 PM,-2.68
10103,4/9/2022 8:36:36 PM,-2.68
10103,4/9/2022 8:36:40 PM,-2.46
10103,4/9/2022 8:36:44 PM,-2.89
10103,4/9/2022 8:36:48 PM,-2.74
10103,4/9/2022 8:36:52 PM,-2.68
10103,4/9/2022 8:36:56 PM,-2.23
10103,4/9/2022 8:37:00 PM,-2.67
10103,4/9/2022 8:37:04 PM,-3.14
10103,4/9/2022 8:37:08 PM,-2.23
10103,4/9/2022 8:37:12 PM,-2.67
10103,4/9/2022 8:37:16 PM,-2.68
10103,4/9/2022 8:37:20 PM,-2.68
10103,4/9/2022 8:37:24 PM,-2.68
10103,4/9/2022 8:37:28 PM,-3.14
10103,4/9/2022 8:37:32 PM,-2.68
10103,4/9/2022 8:37:36 PM,-2.68
10103,4/9/2022 8:37:40 PM,-1.99
10103,4/9/2022 8:37:44 PM,-2.44
10103,4/9/2022 8:37:48 PM,-2.00
10103,4/9/2022 8:37:52 PM,-1.53
10103,4/9/2022 8:37:56 PM,-2.89
10103,4/9/2022 8:38:00 PM,-2.00
10103,4/9/2022 8:38:04 PM,-2.68
10103,4/9/2022 8:38:08 PM,-2.23
10103,4/9/2022 8:38:12 PM,-3.35
10103,4/9/2022 8:38:16 PM,-2.68
10103,4/9/2022 8:38:20 PM,-2.68
10103,4/9/2022 8:38:24 PM,-2.00
10103,4/9/2022 8:38:28 PM,-2.46
10103,4/9/2022 8:38:32 PM,-2.89
10103,4/9/2022 8:38:36 PM,-2.01
10103,4/9/2022 8:38:40 PM,-3.14
10103,4/9/2022 8:38:44 PM,-2.23
10103,4/9/2022 8:38:48 PM,-1.99
10103,4/9/2022 8:38:52 PM,-2.68
10103,4/9/2022 8:38:56 PM,-2.68
10103,4/9/2022 8:39:00 PM,-2.68
10103,4/9/2022 8:39:04 PM,-2.68
10103,4/9/2022 8:39:08 PM,-2.23
10103,4/9/2022 8:39:12 PM,-2.67
10103,4/9/2022 8:39:16 PM,-1.99
10103,4/9/2022 8:39:20 PM,-2.44
10103,4/9/2022 8:39:24 PM,-2.68
10103,4/9/2022 8:39:28 PM,-2.93
10103,4/9/2022 8:39:32 PM,-2.44
10103,4/9/2022 8:39:36 PM,-2.68
10103,4/9/2022 8:39:40 PM,-3.36
10103,4/9/2022 8:39:44 PM,-2.92
10103,4/9/2022 8:39:48 PM,-3.36
10103,4/9/2022 8:39:52 PM,-3.36
10103,4/9/2022 8:39:56 PM,-2.97
10103,4/9/2022 8:40:00 PM,-2.00
10103,4/9/2022 8:40:04 PM,-3.14
10103,4/9/2022 8:40:08 PM,-2.23
10103,4/9/2022 8:40:12 PM,-2.67
10103,4/9/2022 8:40:16 PM,-2.43
10103,4/9/2022 8:40:20 PM,-2.47
10103,4/9/2022 8:40:24 PM,-3.35
10103,4/9/2022 8:40:28 PM,-2.43
10103,4/9/2022 8:40:32 PM,-2.91
10103,4/9/2022 8:40:36 PM,-3.36
10103,4/9/2022 8:40:40 PM,-2.46
10103,4/9/2022 8:40:44 PM,-2.89
10103,4/9/2022 8:40:48 PM,-2.68
10103,4/9/2022 8:40:52 PM,-2.90
10103,4/9/2022 8:40:56 PM,-2.47
10103,4/9/2022 8:41:00 PM,-1.99
10103,4/9/2022 8:41:04 PM,-3.14
10103,4/9/2022 8:41:08 PM,-2.68
10103,4/9/2022 8:41:12 PM,-2.00
10103,4/9/2022 8:41:16 PM,-2.68
10103,4/9/2022 8:41:20 PM,-2.68
10103,4/9/2022 8:41:24 PM,-3.36
10103,4/9/2022 8:41:28 PM,-1.99
10103,4/9/2022 8:41:32 PM,-1.99
10103,4/9/2022 8:41:36 PM,-3.35
10103,4/9/2022 8:41:40 PM,-2.68
10103,4/9/2022 8:41:44 PM,-2.23
10103,4/9/2022 8:41:48 PM,-2.67
10103,4/9/2022 8:41:52 PM,-2.90
10103,4/9/2022 8:41:56 PM,-2.92
10103,4/9/2022 8:42:00 PM,-2.68
10103,4/9/2022 8:42:04 PM,-2.68
10103,4/9/2022 8:42:08 PM,-2.23
10103,4/9/2022 8:42:12 PM,-2.67
10103,4/9/2022 8:42:16 PM,-1.75
10103,4/9/2022 8:42:20 PM,-2.23
10103,4/9/2022 8:42:24 PM,-1.99
10103,4/9/2022 8:42:28 PM,-2.68
10103,4/9/2022 8:42:32 PM,-3.13
10103,4/9/2022 8:42:36 PM,-2.01
10103,4/9/2022 8:42:40 PM,-2.68
10103,4/9/2022 8:42:44 PM,-3.56
10103,4/9/2022 8:42:48 PM,-3.37
10103,4/9/2022 8:42:52 PM,-2.46
10103,4/9/2022 8:42:56 PM,-2.89
10103,4/9/2022 8:43:00 PM,-2.69
10103,4/9/2022 8:43:04 PM,-2.46
10103,4/9/2022 8:43:08 PM,-2.89
10103,4/9/2022 8:43:12 PM,-2.01
10103,4/9/2022 8:43:16 PM,-2.46
10103,4/9/2022 8:43:20 PM,-2.44
10103,4/9/2022 8:43:24 PM,-3.36
10103,4/9/2022 8:43:28 PM,-2.21
10103,4/9/2022 8:43:32 PM,-3.13
10103,4/9/2022 8:43:36 PM,-2.01
10103,4/9/2022 8:43:40 PM,-2.33
10103,4/9/2022 8:43:44 PM,-2.00
10103,4/9/2022 8:43:48 PM,-2.01
10103,4/9/2022 8:43:52 PM,-2.56
10103,4/9/2022 8:43:56 PM,-2.44
10103,4/9/2022 8:44:00 PM,-2.00
10103,4/9/2022 8:44:04 PM,-2.19
10103,4/9/2022 8:44:08 PM,-2.26
10103,4/9/2022 8:44:12 PM,-3.35
10103,4/9/2022 8:44:16 PM,-2.13
10103,4/9/2022 8:44:20 PM,-2.28
10103,4/9/2022 8:44:24 PM,-2.61
10103,4/9/2022 8:44:28 PM,-2.07
10103,4/9/2022 8:44:32 PM,-2.23
10103,4/9/2022 8:44:36 PM,-2.68
10103,4/9/2022 8:44:40 PM,-2.44
10103,4/9/2022 8:44:44 PM,-2.47
10103,4/9/2022 8:44:48 PM,-1.99
10103,4/9/2022 8:44:52 PM,-1.99
10103,4/9/2022 8:44:56 PM,-2.44
10103,4/9/2022 8:45:00 PM,-2.00
10103,4/9/2022 8:45:04 PM,-1.99
10103,4/9/2022 8:45:08 PM,-2.44
10103,4/9/2022 8:45:12 PM,-2.00
10103,4/9/2022 8:45:16 PM,-2.22
10103,4/9/2022 8:45:20 PM,-1.78
10103,4/9/2022 8:45:24 PM,-2.67
10103,4/9/2022 8:45:28 PM,-2.43
10103,4/9/2022 8:45:32 PM,-2.46
10103,4/9/2022 8:45:36 PM,-1.99
10103,4/9/2022 8:45:40 PM,-2.68
10103,4/9/2022 8:45:44 PM,-2.23
10103,4/9/2022 8:45:48 PM,-2.67
10103,4/9/2022 8:45:52 PM,-1.99
10103,4/9/2022 8:45:56 PM,-1.99
10103,4/9/2022 8:46:00 PM,-3.35
10103,4/9/2022 8:46:04 PM,-2.68
10103,4/9/2022 8:46:08 PM,-2.68
10103,4/9/2022 8:46:12 PM,-2.68
10103,4/9/2022 8:46:16 PM,-1.99
10103,4/9/2022 8:46:20 PM,-2.44
10103,4/9/2022 8:46:24 PM,-1.32
10103,4/9/2022 8:46:28 PM,-2.46
10103,4/9/2022 8:46:32 PM,-1.99
10103,4/9/2022 8:46:36 PM,-3.36
10103,4/9/2022 8:46:40 PM,-2.92
10103,4/9/2022 8:46:44 PM,-2.44
10103,4/9/2022 8:46:48 PM,-2.00
10103,4/9/2022 8:46:52 PM,-1.75
10103,4/9/2022 8:46:56 PM,-2.68
10103,4/9/2022 8:47:00 PM,-2.00
10103,4/9/2022 8:47:04 PM,-2.68
10103,4/9/2022 8:47:08 PM,-2.23
10103,4/9/2022 8:47:12 PM,-1.99
10103,4/9/2022 8:47:16 PM,-2.46
10103,4/9/2022 8:47:20 PM,-2.45
10103,4/9/2022 8:47:24 PM,-2.00
10103,4/9/2022 8:47:28 PM,-1.99
10103,4/9/2022 8:47:32 PM,-1.99
10103,4/9/2022 8:47:36 PM,-1.99
10103,4/9/2022 8:47:40 PM,-1.99
10103,4/9/2022 8:47:44 PM,-1.99
10103,4/9/2022 8:47:48 PM,-3.35
10103,4/9/2022 8:47:52 PM,-3.36
10103,4/9/2022 8:47:56 PM,-2.92
10103,4/9/2022 8:48:00 PM,-1.32
10103,4/9/2022 8:48:04 PM,-2.22
10103,4/9/2022 8:48:08 PM,-2.23
10103,4/9/2022 8:48:12 PM,-3.35
10103,4/9/2022 8:48:16 PM,-2.68
10103,4/9/2022 8:48:20 PM,-2.68
10103,4/9/2022 8:48:24 PM,-2.00
10103,4/9/2022 8:48:28 PM,-3.36
10103,4/9/2022 8:48:32 PM,-2.46
10103,4/9/2022 8:48:36 PM,-2.67
10103,4/9/2022 8:48:40 PM,-2.43
10103,4/9/2022 8:48:44 PM,-2.92
10103,4/9/2022 8:48:48 PM,-2.00
10103,4/9/2022 8:48:52 PM,-1.75
10103,4/9/2022 8:48:56 PM,-2.68
10103,4/9/2022 8:49:00 PM,-2.00
10103,4/9/2022 8:49:04 PM,-2.68
10103,4/9/2022 8:49:08 PM,-2.23
10103,4/9/2022 8:49:12 PM,-2.67
10103,4/9/2022 8:49:16 PM,-2.68
10103,4/9/2022 8:49:20 PM,-3.13
10103,4/9/2022 8:49:24 PM,-3.36
10103,4/9/2022 8:49:28 PM,-1.99
10103,4/9/2022 8:49:32 PM,-2.44
10103,4/9/2022 8:49:36 PM,-1.32
10103,4/9/2022 8:49:40 PM,-2.43
10103,4/9/2022 8:49:44 PM,-2.47
10103,4/9/2022 8:49:48 PM,-2.67
10103,4/9/2022 8:49:52 PM,-2.21
10103,4/9/2022 8:49:56 PM,-2.68
10103,4/9/2022 8:50:00 PM,-2.00
10103,4/9/2022 8:50:04 PM,-2.68
10103,4/9/2022 8:50:08 PM,-2.68
10103,4/9/2022 8:50:12 PM,-2.09
10103,4/9/2022 8:50:16 PM,-2.21
10103,4/9/2022 8:50:20 PM,-2.23
10103,4/9/2022 8:50:24 PM,-1.99
10103,4/9/2022 8:50:28 PM,-1.75
10103,4/9/2022 8:50:32 PM,-2.23
10103,4/9/2022 8:50:36 PM,-2.67
10103,4/9/2022 8:50:40 PM,-1.99
10103,4/9/2022 8:50:44 PM,-2.44
10103,4/9/2022 8:50:48 PM,-2.68
10103,4/9/2022 8:50:52 PM,-1.75
10103,4/9/2022 8:50:56 PM,-2.23
10103,4/9/2022 8:51:00 PM,-2.67
10103,4/9/2022 8:51:04 PM,-2.46
10103,4/9/2022 8:51:08 PM,-1.99
10103,4/9/2022 8:51:12 PM,-1.99
10103,4/9/2022 8:51:16 PM,-2.46
10103,4/9/2022 8:51:20 PM,-1.99
10103,4/9/2022 8:51:24 PM,-2.67
10103,4/9/2022 8:51:28 PM,-2.21
10103,4/9/2022 8:51:32 PM,-2.68
10103,4/9/2022 8:51:36 PM,-2.00
10103,4/9/2022 8:51:40 PM,-2.21
10103,4/9/2022 8:51:44 PM,-2.23
10103,4/9/2022 8:51:48 PM,-1.99
10103,4/9/2022 8:51:52 PM,-1.99
10103,4/9/2022 8:51:56 PM,-1.55
10103,4/9/2022 8:52:00 PM,-2.66
10103,4/9/2022 8:52:04 PM,-1.50
10103,4/9/2022 8:52:08 PM,-1.99
10103,4/9/2022 8:52:12 PM,-1.99
10103,4/9/2022 8:52:16 PM,-1.99
10103,4/9/2022 8:52:20 PM,-1.99
10103,4/9/2022 8:52:24 PM,-2.67
10103,4/9/2022 8:52:28 PM,-2.21
10103,4/9/2022 8:52:32 PM,-3.13
10103,4/9/2022 8:52:36 PM,-2.01
10103,4/9/2022 8:52:40 PM,-1.99
10103,4/9/2022 8:52:44 PM,-2.44
10103,4/9/2022 8:52:48 PM,-2.00
10103,4/9/2022 8:52:52 PM,-1.99
10103,4/9/2022 8:52:56 PM,-1.99
10103,4/9/2022 8:53:00 PM,-1.99
10103,4/9/2022 8:53:04 PM,-1.96
10103,4/9/2022 8:53:08 PM,-2.92
10103,4/9/2022 8:53:12 PM,-2.68
10103,4/9/2022 8:53:16 PM,-1.99
10103,4/9/2022 8:53:20 PM,-1.99
10103,4/9/2022 8:53:24 PM,-1.99
10103,4/9/2022 8:53:28 PM,-1.99
10103,4/9/2022 8:53:32 PM,-1.55
10103,4/9/2022 8:53:36 PM,-2.67
10103,4/9/2022 8:53:40 PM,-2.46
10103,4/9/2022 8:53:44 PM,-1.99
10103,4/9/2022 8:53:48 PM,-1.99
10103,4/9/2022 8:53:52 PM,-1.99
10103,4/9/2022 8:53:56 PM,-2.44
10103,4/9/2022 8:54:00 PM,-3.36
10103,4/9/2022 8:54:04 PM,-1.99
10103,4/9/2022 8:54:08 PM,-1.99
10103,4/9/2022 8:54:12 PM,-1.99
10103,4/9/2022 8:54:16 PM,-2.68
10103,4/9/2022 8:54:20 PM,-2.68
10103,4/9/2022 8:54:24 PM,-2.68
10103,4/9/2022 8:54:28 PM,-1.99
10103,4/9/2022 8:54:32 PM,-2.89
10103,4/9/2022 8:54:36 PM,-2.68
10103,4/9/2022 8:54:40 PM,-2.46
10103,4/9/2022 8:54:44 PM,-2.44
10103,4/9/2022 8:54:48 PM,-2.00
10103,4/9/2022 8:54:52 PM,-2.68
10103,4/9/2022 8:54:56 PM,-2.23
10103,4/9/2022 8:55:00 PM,-2.67
10103,4/9/2022 8:55:04 PM,-2.46
10103,4/9/2022 8:55:08 PM,-1.99
10103,4/9/2022 8:55:12 PM,-1.99
10103,4/9/2022 8:55:16 PM,-2.21
10103,4/9/2022 8:55:20 PM,-2.68
10103,4/9/2022 8:55:24 PM,-2.00
10103,4/9/2022 8:55:28 PM,-2.21
10103,4/9/2022 8:55:32 PM,-2.23
10103,4/9/2022 8:55:36 PM,-3.35
10103,4/9/2022 8:55:40 PM,-2.68
10103,4/9/2022 8:55:44 PM,-2.68
10103,4/9/2022 8:55:48 PM,-2.68
10103,4/9/2022 8:55:52 PM,-1.99
10103,4/9/2022 8:55:56 PM,-1.99
10103,4/9/2022 8:56:00 PM,-1.99
10103,4/9/2022 8:56:04 PM,-2.46
10103,4/9/2022 8:56:08 PM,-2.80
10103,4/9/2022 8:56:12 PM,-2.02
10103,4/9/2022 8:56:16 PM,-2.68
10103,4/9/2022 8:56:20 PM,-2.68
10103,4/9/2022 8:56:24 PM,-2.68
10103,4/9/2022 8:56:28 PM,-1.78
10103,4/9/2022 8:56:32 PM,-2.21
10103,4/9/2022 8:56:36 PM,-2.68
10103,4/9/2022 8:56:40 PM,-1.99
10103,4/9/2022 8:56:44 PM,-1.99
10103,4/9/2022 8:56:48 PM,-1.99
10103,4/9/2022 8:56:52 PM,-1.99
10103,4/9/2022 8:56:56 PM,-2.44
10103,4/9/2022 8:57:00 PM,-2.00
10103,4/9/2022 8:57:04 PM,-2.90
10103,4/9/2022 8:57:08 PM,-2.47
10103,4/9/2022 8:57:12 PM,-1.32
10103,4/9/2022 8:57:16 PM,-2.90
10103,4/9/2022 8:57:20 PM,-2.47
10103,4/9/2022 8:57:24 PM,-1.32
10103,4/9/2022 8:57:28 PM,-2.90
10103,4/9/2022 8:57:32 PM,-2.47
10103,4/9/2022 8:57:36 PM,-1.99
10103,4/9/2022 8:57:40 PM,-1.99
10103,4/9/2022 8:57:44 PM,-2.44
10103,4/9/2022 8:57:48 PM,-2.68
10103,4/9/2022 8:57:52 PM,-1.99
10103,4/9/2022 8:57:56 PM,-1.99
10103,4/9/2022 8:58:00 PM,-1.99
10103,4/9/2022 8:58:04 PM,-2.22
10103,4/9/2022 8:58:08 PM,-2.68
10103,4/9/2022 8:58:12 PM,-2.68
10103,4/9/2022 8:58:16 PM,-1.99
10103,4/9/2022 8:58:20 PM,-2.44
10103,4/9/2022 8:58:24 PM,-2.68
10103,4/9/2022 8:58:28 PM,-1.97
10103,4/9/2022 8:58:32 PM,-2.46
10103,4/9/2022 8:58:36 PM,-2.68
10103,4/9/2022 8:58:40 PM,-1.77
10103,4/9/2022 8:58:44 PM,-1.76
10103,4/9/2022 8:58:48 PM,-1.99
10103,4/9/2022 8:58:52 PM,-2.98
10103,4/9/2022 8:58:56 PM,-1.99
10103,4/9/2022 8:59:00 PM,-1.99
10103,4/9/2022 8:59:04 PM,-2.92
10103,4/9/2022 8:59:08 PM,-1.99
10103,4/9/2022 8:59:12 PM,-2.67
10103,4/9/2022 8:59:16 PM,-2.49
10103,4/9/2022 8:59:20 PM,-2.39
10103,4/9/2022 8:59:24 PM,-2.00
10103,4/9/2022 8:59:28 PM,-2.43
10103,4/9/2022 8:59:32 PM,-2.46
10103,4/9/2022 8:59:36 PM,-1.99
10103,4/9/2022 8:59:40 PM,-2.92
10103,4/9/2022 8:59:44 PM,-1.99
10103,4/9/2022 8:59:48 PM,-1.31
10103,4/9/2022 8:59:52 PM,-1.99
10103,4/9/2022 8:59:56 PM,-2.44
10103,4/9/2022 9:00:00 PM,-2.68
10103,4/9/2022 9:00:04 PM,-1.99
10103,4/9/2022 9:00:08 PM,-1.99
10103,4/9/2022 9:00:12 PM,-2.67
10103,4/9/2022 9:00:16 PM,-1.31
10103,4/9/2022 9:00:20 PM,-1.31
10103,4/9/2022 9:00:24 PM,-1.95
10103,4/9/2022 9:00:28 PM,-1.99
10103,4/9/2022 9:00:32 PM,-1.99
10103,4/9/2022 9:00:36 PM,-1.99
10103,4/9/2022 9:00:40 PM,-2.46
10103,4/9/2022 9:00:44 PM,-2.44
10103,4/9/2022 9:00:48 PM,-2.00
10103,4/9/2022 9:00:52 PM,-2.68
10103,4/9/2022 9:00:56 PM,-2.23
10103,4/9/2022 9:01:00 PM,-1.99
10103,4/9/2022 9:01:04 PM,-2.68
10103,4/9/2022 9:01:08 PM,-2.23
10103,4/9/2022 9:01:12 PM,-1.99
10103,4/9/2022 9:01:16 PM,-3.14
10103,4/9/2022 9:01:20 PM,-2.23
10103,4/9/2022 9:01:24 PM,-2.67
10103,4/9/2022 9:01:28 PM,-1.53
10103,4/9/2022 9:01:32 PM,-1.99
10103,4/9/2022 9:01:36 PM,-1.99
10103,4/9/2022 9:01:40 PM,-2.46
10103,4/9/2022 9:01:44 PM,-1.55
10103,4/9/2022 9:01:48 PM,-3.35
10103,4/9/2022 9:01:52 PM,-1.99
10103,4/9/2022 9:01:56 PM,-2.44
10103,4/9/2022 9:02:00 PM,-2.68
10103,4/9/2022 9:02:04 PM,-2.68
10103,4/9/2022 9:02:08 PM,-2.23
10103,4/9/2022 9:02:12 PM,-1.42
10103,4/9/2022 9:02:16 PM,-1.99
10103,4/9/2022 9:02:20 PM,-1.99
10103,4/9/2022 9:02:24 PM,-1.99
10103,4/9/2022 9:02:28 PM,-1.77
10103,4/9/2022 9:02:32 PM,-2.21
10103,4/9/2022 9:02:36 PM,-2.68
10103,4/9/2022 9:02:40 PM,-2.21
10103,4/9/2022 9:02:44 PM,-2.23
10103,4/9/2022 9:02:48 PM,-1.99
10103,4/9/2022 9:02:52 PM,-2.44
10103,4/9/2022 9:02:56 PM,-2.02
10103,4/9/2022 9:03:00 PM,-1.99
10103,4/9/2022 9:03:04 PM,-2.46
10103,4/9/2022 9:03:08 PM,-1.99
10103,4/9/2022 9:03:12 PM,-2.67
10103,4/9/2022 9:03:16 PM,-1.99
10103,4/9/2022 9:03:20 PM,-1.99
10103,4/9/2022 9:03:24 PM,-1.99
10103,4/9/2022 9:03:28 PM,-1.78
10103,4/9/2022 9:03:32 PM,-1.76
10103,4/9/2022 9:03:36 PM,-2.67
10103,4/9/2022 9:03:40 PM,-1.99
10103,4/9/2022 9:03:44 PM,-1.99
10103,4/9/2022 9:03:48 PM,-1.99
10103,4/9/2022 9:03:52 PM,-1.77
10103,4/9/2022 9:03:56 PM,-1.31
10103,4/9/2022 9:04:00 PM,-1.99
10103,4/9/2022 9:04:04 PM,-2.90
10103,4/9/2022 9:04:08 PM,-2.46
10103,4/9/2022 9:04:12 PM,-1.99
10103,4/9/2022 9:04:16 PM,-1.99
10103,4/9/2022 9:04:20 PM,-2.44
10103,4/9/2022 9:04:24 PM,-2.68
10103,4/9/2022 9:04:28 PM,-1.53
10103,4/9/2022 9:04:32 PM,-1.99
10103,4/9/2022 9:04:36 PM,-1.99
10103,4/9/2022 9:04:40 PM,-2.46
10103,4/9/2022 9:04:44 PM,-1.99
10103,4/9/2022 9:04:48 PM,-1.99
10103,4/9/2022 9:04:52 PM,-2.24
10103,4/9/2022 9:04:56 PM,-1.76
10103,4/9/2022 9:05:00 PM,-1.32
10103,4/9/2022 9:05:04 PM,-1.99
10103,4/9/2022 9:05:08 PM,-1.99
10103,4/9/2022 9:05:12 PM,-3.35
10103,4/9/2022 9:05:16 PM,-2.68
10103,4/9/2022 9:05:20 PM,-2.23
10103,4/9/2022 9:05:24 PM,-1.99
10103,4/9/2022 9:05:28 PM,-1.31
10103,4/9/2022 9:05:32 PM,-1.76
10103,4/9/2022 9:05:36 PM,-1.99
10103,4/9/2022 9:05:40 PM,-1.99
10103,4/9/2022 9:05:44 PM,-1.99
10103,4/9/2022 9:05:48 PM,-1.99
10103,4/9/2022 9:05:52 PM,-2.21
10103,4/9/2022 9:05:56 PM,-2.24
10103,4/9/2022 9:06:00 PM,-2.67
10103,4/9/2022 9:06:04 PM,-2.44
10103,4/9/2022 9:06:08 PM,-2.46
10103,4/9/2022 9:06:12 PM,-2.67
10103,4/9/2022 9:06:16 PM,-1.99
10103,4/9/2022 9:06:20 PM,-1.99
10103,4/9/2022 9:06:24 PM,-1.99
10103,4/9/2022 9:06:28 PM,-2.90
10103,4/9/2022 9:06:32 PM,-2.47
10103,4/9/2022 9:06:36 PM,-1.99
10103,4/9/2022 9:06:40 PM,-1.53
10103,4/9/2022 9:06:44 PM,-1.99
10103,4/9/2022 9:06:48 PM,-1.32
10103,4/9/2022 9:06:52 PM,-1.99
10103,4/9/2022 9:06:56 PM,-1.10
10103,4/9/2022 9:07:00 PM,-1.98
10103,4/9/2022 9:07:04 PM,-2.24
10103,4/9/2022 9:07:08 PM,-2.65
10103,4/9/2022 9:07:12 PM,-2.01
10103,4/9/2022 9:07:16 PM,-2.46
10103,4/9/2022 9:07:20 PM,-2.44
10103,4/9/2022 9:07:24 PM,-3.36
10103,4/9/2022 9:07:28 PM,-2.46
10103,4/9/2022 9:07:32 PM,-1.99
10103,4/9/2022 9:07:36 PM,-1.99
10103,4/9/2022 9:07:40 PM,-1.99
10103,4/9/2022 9:07:44 PM,-2.44
10103,4/9/2022 9:07:48 PM,-2.00
10103,4/9/2022 9:07:52 PM,-1.77
10103,4/9/2022 9:07:56 PM,-1.31
10103,4/9/2022 9:08:00 PM,-1.99
10103,4/9/2022 9:08:04 PM,-1.09
10103,4/9/2022 9:08:08 PM,-1.52
10103,4/9/2022 9:08:12 PM,-1.99
10103,4/9/2022 9:08:16 PM,-1.78
10103,4/9/2022 9:08:20 PM,-1.75
10103,4/9/2022 9:08:24 PM,-1.99
10103,4/9/2022 9:08:28 PM,-1.78
10103,4/9/2022 9:08:32 PM,-1.76
10103,4/9/2022 9:08:36 PM,-1.99
10103,4/9/2022 9:08:40 PM,-2.21
10103,4/9/2022 9:08:44 PM,-2.68
10103,4/9/2022 9:08:48 PM,-2.00
10103,4/9/2022 9:08:52 PM,-1.99
10103,4/9/2022 9:08:56 PM,-1.99
10103,4/9/2022 9:09:00 PM,-1.99
10103,4/9/2022 9:09:04 PM,-2.21
10103,4/9/2022 9:09:08 PM,-2.23
10103,4/9/2022 9:09:12 PM,-2.67
10103,4/9/2022 9:09:16 PM,-1.77
10103,4/9/2022 9:09:20 PM,-1.76
10103,4/9/2022 9:09:24 PM,-1.99
10103,4/9/2022 9:09:28 PM,-1.78
10103,4/9/2022 9:09:32 PM,-2.20
10103,4/9/2022 9:09:36 PM,-2.00
10103,4/9/2022 9:09:40 PM,-1.77
10103,4/9/2022 9:09:44 PM,-1.76
10103,4/9/2022 9:09:48 PM,-1.32
10103,4/9/2022 9:09:52 PM,-2.46
10103,4/9/2022 9:09:56 PM,-1.99
10103,4/9/2022 9:10:00 PM,-1.99
10103,4/9/2022 9:10:04 PM,-1.99
10103,4/9/2022 9:10:08 PM,-1.99
10103,4/9/2022 9:10:12 PM,-1.99
10103,4/9/2022 9:10:16 PM,-1.81
10103,4/9/2022 9:10:20 PM,-1.69
10103,4/9/2022 9:10:24 PM,-3.36
10103,4/9/2022 9:10:28 PM,-2.22
10103,4/9/2022 9:10:32 PM,-2.23
10103,4/9/2022 9:10:36 PM,-2.68
10103,4/9/2022 9:10:40 PM,-1.99
10103,4/9/2022 9:10:44 PM,-2.44
10103,4/9/2022 9:10:48 PM,-2.68
10103,4/9/2022 9:10:52 PM,-1.78
10103,4/9/2022 9:10:56 PM,-1.31
10103,4/9/2022 9:11:00 PM,-1.31
10103,4/9/2022 9:11:04 PM,-1.53
10103,4/9/2022 9:11:08 PM,-1.54
10103,4/9/2022 9:11:12 PM,-1.99
10103,4/9/2022 9:11:16 PM,-1.76
10103,4/9/2022 9:11:20 PM,-2.23
10103,4/9/2022 9:11:24 PM,-1.99
10103,4/9/2022 9:11:28 PM,-2.93
10103,4/9/2022 9:11:32 PM,-1.99
10103,4/9/2022 9:11:36 PM,-1.99
10103,4/9/2022 9:11:40 PM,-1.53
10103,4/9/2022 9:11:44 PM,-1.99
10103,4/9/2022 9:11:48 PM,-2.67
10103,4/9/2022 9:11:52 PM,-2.46
10103,4/9/2022 9:11:56 PM,-1.99
10103,4/9/2022 9:12:00 PM,-1.31
10103,4/9/2022 9:12:04 PM,-2.23
10103,4/9/2022 9:12:08 PM,-1.76
10103,4/9/2022 9:12:12 PM,-1.99
10103,4/9/2022 9:12:16 PM,-2.18
10103,4/9/2022 9:12:20 PM,-1.90
10103,4/9/2022 9:12:24 PM,-1.31
10103,4/9/2022 9:12:28 PM,-1.53
10103,4/9/2022 9:12:32 PM,-1.99
10103,4/9/2022 9:12:36 PM,-1.99
10103,4/9/2022 9:12:40 PM,-1.53
10103,4/9/2022 9:12:44 PM,-1.99
10103,4/9/2022 9:12:48 PM,-1.31
10103,4/9/2022 9:12:52 PM,-2.01
10103,4/9/2022 9:12:56 PM,-1.96
10103,4/9/2022 9:13:00 PM,-2.00
10103,4/9/2022 9:13:04 PM,-1.53
10103,4/9/2022 9:13:08 PM,-1.99
10103,4/9/2022 9:13:12 PM,-2.67
10103,4/9/2022 9:13:16 PM,-1.53
10103,4/9/2022 9:13:20 PM,-1.54
10103,4/9/2022 9:13:24 PM,-3.35
10103,4/9/2022 9:13:28 PM,-1.99
10103,4/9/2022 9:13:32 PM,-1.09
10103,4/9/2022 9:13:36 PM,-1.99
10103,4/9/2022 9:13:40 PM,-1.99
10103,4/9/2022 9:13:44 PM,-1.99
10103,4/9/2022 9:13:48 PM,-1.99
10103,4/9/2022 9:13:52 PM,-1.99
10103,4/9/2022 9:13:56 PM,-1.99
10103,4/9/2022 9:14:00 PM,-1.99
10103,4/9/2022 9:14:04 PM,-1.99
10103,4/9/2022 9:14:08 PM,-1.99
10103,4/9/2022 9:14:12 PM,-2.67
10103,4/9/2022 9:14:16 PM,-1.53
10103,4/9/2022 9:14:20 PM,-1.54
10103,4/9/2022 9:14:24 PM,-1.31
10103,4/9/2022 9:14:28 PM,-1.77
10103,4/9/2022 9:14:32 PM,-1.76
10103,4/9/2022 9:14:36 PM,-1.99
10103,4/9/2022 9:14:40 PM,-2.68
10103,4/9/2022 9:14:44 PM,-2.23
10103,4/9/2022 9:14:48 PM,-2.67
10103,4/9/2022 9:14:52 PM,-1.31
10103,4/9/2022 9:14:56 PM,-1.76
10103,4/9/2022 9:15:00 PM,-1.31
10103,4/9/2022 9:15:04 PM,-1.77
10103,4/9/2022 9:15:08 PM,-1.76
10103,4/9/2022 9:15:12 PM,-1.99
10103,4/9/2022 9:15:16 PM,-1.77
10103,4/9/2022 9:15:20 PM,-1.31
10103,4/9/2022 9:15:24 PM,-1.99
10103,4/9/2022 9:15:28 PM,-2.46
10103,4/9/2022 9:15:32 PM,-2.44
10103,4/9/2022 9:15:36 PM,-2.00
10103,4/9/2022 9:15:40 PM,-1.53
10103,4/9/2022 9:15:44 PM,-2.44
10103,4/9/2022 9:15:48 PM,-2.00
10103,4/9/2022 9:15:52 PM,-1.53
10103,4/9/2022 9:15:56 PM,-1.99
10103,4/9/2022 9:16:00 PM,-1.99
10103,4/9/2022 9:16:04 PM,-1.99
10103,4/9/2022 9:16:08 PM,-1.99
10103,4/9/2022 9:16:12 PM,-1.99
10103,4/9/2022 9:16:16 PM,-1.53
10103,4/9/2022 9:16:20 PM,-1.99
10103,4/9/2022 9:16:24 PM,-2.67
10103,4/9/2022 9:16:28 PM,-1.77
10103,4/9/2022 9:16:32 PM,-1.76
10103,4/9/2022 9:16:36 PM,-2.67
10103,4/9/2022 9:16:40 PM,-1.99
10103,4/9/2022 9:16:44 PM,-1.99
10103,4/9/2022 9:16:48 PM,-1.99
10103,4/9/2022 9:16:52 PM,-1.53
10103,4/9/2022 9:16:56 PM,-1.99
10103,4/9/2022 9:17:00 PM,-1.99
10103,4/9/2022 9:17:04 PM,-1.99
10103,4/9/2022 9:17:08 PM,-2.44
10103,4/9/2022 9:17:12 PM,-2.00
10103,4/9/2022 9:17:16 PM,-1.53
10103,4/9/2022 9:17:20 PM,-1.54
10103,4/9/2022 9:17:24 PM,-2.67
10103,4/9/2022 9:17:28 PM,-2.21
10103,4/9/2022 9:17:32 PM,-2.23
10103,4/9/2022 9:17:36 PM,-2.67
10103,4/9/2022 9:17:40 PM,-1.53
10103,4/9/2022 9:17:44 PM,-1.99
10103,4/9/2022 9:17:48 PM,-1.99
10103,4/9/2022 9:17:52 PM,-1.77
10103,4/9/2022 9:17:56 PM,-1.76
10103,4/9/2022 9:18:00 PM,-1.99
10103,4/9/2022 9:18:04 PM,-1.99
10103,4/9/2022 9:18:08 PM,-1.54
10103,4/9/2022 9:18:12 PM,-1.99
10103,4/9/2022 9:18:16 PM,-2.22
10103,4/9/2022 9:18:20 PM,-2.23
10103,4/9/2022 9:18:24 PM,-0.64
10103,4/9/2022 9:18:28 PM,-1.99
10103,4/9/2022 9:18:32 PM,-2.44
10103,4/9/2022 9:18:36 PM,-2.68
10103,4/9/2022 9:18:40 PM,-1.31
10103,4/9/2022 9:18:44 PM,-2.64
10103,4/9/2022 9:18:48 PM,-2.01
10103,4/9/2022 9:18:52 PM,-1.53
10103,4/9/2022 9:18:56 PM,-1.55
10103,4/9/2022 9:19:00 PM,-1.99
10103,4/9/2022 9:19:04 PM,-3.14
10103,4/9/2022 9:19:08 PM,-2.23
10103,4/9/2022 9:19:12 PM,-1.99
10103,4/9/2022 9:19:16 PM,-1.77
10103,4/9/2022 9:19:20 PM,-1.76
10103,4/9/2022 9:19:24 PM,-1.32
10103,4/9/2022 9:19:28 PM,-1.78
10103,4/9/2022 9:19:32 PM,-1.76
10103,4/9/2022 9:19:36 PM,-1.32
10103,4/9/2022 9:19:40 PM,-2.24
10103,4/9/2022 9:19:44 PM,-2.21
10103,4/9/2022 9:19:48 PM,-1.32
10103,4/9/2022 9:19:52 PM,-2.46
10103,4/9/2022 9:19:56 PM,-2.43
10103,4/9/2022 9:20:00 PM,-2.00
10103,4/9/2022 9:20:04 PM,-1.77
10103,4/9/2022 9:20:08 PM,-2.21
10103,4/9/2022 9:20:12 PM,-1.33
10103,4/9/2022 9:20:16 PM,-2.46
10103,4/9/2022 9:20:20 PM,-1.99
10103,4/9/2022 9:20:24 PM,-1.99
10103,4/9/2022 9:20:28 PM,-1.99
10103,4/9/2022 9:20:32 PM,-2.44
10103,4/9/2022 9:20:36 PM,-1.32
10103,4/9/2022 9:20:40 PM,-2.46
10103,4/9/2022 9:20:44 PM,-2.44
10103,4/9/2022 9:20:48 PM,-2.00
10103,4/9/2022 9:20:52 PM,-2.24
10103,4/9/2022 9:20:56 PM,-1.76
10103,4/9/2022 9:21:00 PM,-1.99
10103,4/9/2022 9:21:04 PM,-2.46
10103,4/9/2022 9:21:08 PM,-1.55
10103,4/9/2022 9:21:12 PM,-1.98
10103,4/9/2022 9:21:16 PM,-1.99
10103,4/9/2022 9:21:20 PM,-1.99
10103,4/9/2022 9:21:24 PM,-2.67
10103,4/9/2022 9:21:28 PM,-1.99
10103,4/9/2022 9:21:32 PM,-1.99
10103,4/9/2022 9:21:36 PM,-1.99
10103,4/9/2022 9:21:40 PM,-1.53
10103,4/9/2022 9:21:44 PM,-2.44
10103,4/9/2022 9:21:48 PM,-2.68
10103,4/9/2022 9:21:52 PM,-2.68
10103,4/9/2022 9:21:56 PM,-1.79
10103,4/9/2022 9:22:00 PM,-1.99
10103,4/9/2022 9:22:04 PM,-2.21
10103,4/9/2022 9:22:08 PM,-2.68
10103,4/9/2022 9:22:12 PM,-2.00
10103,4/9/2022 9:22:16 PM,-1.99
10103,4/9/2022 9:22:20 PM,-1.99
10103,4/9/2022 9:22:24 PM,-1.32
10103,4/9/2022 9:22:28 PM,-1.99
10103,4/9/2022 9:22:32 PM,-2.40
10103,4/9/2022 9:22:36 PM,-2.00
10103,4/9/2022 9:22:40 PM,-1.80
10103,4/9/2022 9:22:44 PM,-1.76
10103,4/9/2022 9:22:48 PM,-1.99
10103,4/9/2022 9:22:52 PM,-2.46
10103,4/9/2022 9:22:56 PM,-1.99
10103,4/9/2022 9:23:00 PM,-1.32
10103,4/9/2022 9:23:04 PM,-2.24
10103,4/9/2022 9:23:08 PM,-1.31
10103,4/9/2022 9:23:12 PM,-1.31
10103,4/9/2022 9:23:16 PM,-2.46
10103,4/9/2022 9:23:20 PM,-2.44
10103,4/9/2022 9:23:24 PM,-2.68
10103,4/9/2022 9:23:28 PM,-2.21
10103,4/9/2022 9:23:32 PM,-3.13
10103,4/9/2022 9:23:36 PM,-2.01
10103,4/9/2022 9:23:40 PM,-1.78
10103,4/9/2022 9:23:44 PM,-1.76
10103,4/9/2022 9:23:48 PM,-2.67
10103,4/9/2022 9:23:52 PM,-2.46
10103,4/9/2022 9:23:56 PM,-1.99
10103,4/9/2022 9:24:00 PM,-2.68
10103,4/9/2022 9:24:04 PM,-1.99
10103,4/9/2022 9:24:08 PM,-1.99
10103,4/9/2022 9:24:12 PM,-1.99
10103,4/9/2022 9:24:16 PM,-2.22
10103,4/9/2022 9:24:20 PM,-1.78
10103,4/9/2022 9:24:24 PM,-2.67
10103,4/9/2022 9:24:28 PM,-2.90
10103,4/9/2022 9:24:32 PM,-2.46
10103,4/9/2022 9:24:36 PM,-2.68
10103,4/9/2022 9:24:40 PM,-2.22
10103,4/9/2022 9:24:44 PM,-3.13
10103,4/9/2022 9:24:48 PM,-2.00
10103,4/9/2022 9:24:52 PM,-1.83
10103,4/9/2022 9:24:56 PM,-2.21
10103,4/9/2022 9:25:00 PM,-2.00
10103,4/9/2022 9:25:04 PM,-1.99
10103,4/9/2022 9:25:08 PM,-1.99
10103,4/9/2022 9:25:12 PM,-1.99
10103,4/9/2022 9:25:16 PM,-2.44
10103,4/9/2022 9:25:20 PM,-2.46
10103,4/9/2022 9:25:24 PM,-2.67
10103,4/9/2022 9:25:28 PM,-2.68
10103,4/9/2022 9:25:32 PM,-1.78
10103,4/9/2022 9:25:36 PM,-2.67
10103,4/9/2022 9:25:40 PM,-1.99
10103,4/9/2022 9:25:44 PM,-1.99
10103,4/9/2022 9:25:48 PM,-1.31
10103,4/9/2022 9:25:52 PM,-2.22
10103,4/9/2022 9:25:56 PM,-1.78
10103,4/9/2022 9:26:00 PM,-1.31
10103,4/9/2022 9:26:04 PM,-1.99
10103,4/9/2022 9:26:08 PM,-1.99
10103,4/9/2022 9:26:12 PM,-1.99
10103,4/9/2022 9:26:16 PM,-1.77
10103,4/9/2022 9:26:20 PM,-2.21
10103,4/9/2022 9:26:24 PM,-2.00
10103,4/9/2022 9:26:28 PM,-1.99
10103,4/9/2022 9:26:32 PM,-2.41
10103,4/9/2022 9:26:36 PM,-2.00
10103,4/9/2022 9:26:40 PM,-1.99
10103,4/9/2022 9:26:44 PM,-1.99
10103,4/9/2022 9:26:48 PM,-1.31
10103,4/9/2022 9:26:52 PM,-2.46
10103,4/9/2022 9:26:56 PM,-1.99
10103,4/9/2022 9:27:00 PM,-1.99
10103,4/9/2022 9:27:04 PM,-2.22
10103,4/9/2022 9:27:08 PM,-2.23
10103,4/9/2022 9:27:12 PM,-1.32
10103,4/9/2022 9:27:16 PM,-1.99
10103,4/9/2022 9:27:20 PM,-1.54
10103,4/9/2022 9:27:24 PM,-2.67
10103,4/9/2022 9:27:28 PM,-1.77
10103,4/9/2022 9:27:32 PM,-2.21
10103,4/9/2022 9:27:36 PM,-2.00
10103,4/9/2022 9:27:40 PM,-1.31
10103,4/9/2022 9:27:44 PM,-1.76
10103,4/9/2022 9:27:48 PM,-1.99
10103,4/9/2022 9:27:52 PM,-1.99
10103,4/9/2022 9:27:56 PM,-2.44
10103,4/9/2022 9:28:00 PM,-2.00
10103,4/9/2022 9:28:04 PM,-2.46
10103,4/9/2022 9:28:08 PM,-1.99
10103,4/9/2022 9:28:12 PM,-1.99
10103,4/9/2022 9:28:16 PM,-1.77
10103,4/9/2022 9:28:20 PM,-0.86
10103,4/9/2022 9:28:24 PM,-1.98
10103,4/9/2022 9:28:28 PM,-1.75
10103,4/9/2022 9:28:32 PM,-2.23
10103,4/9/2022 9:28:36 PM,-1.31
10103,4/9/2022 9:28:40 PM,-1.75
10103,4/9/2022 9:28:44 PM,-1.78
10103,4/9/2022 9:28:48 PM,-1.99
10103,4/9/2022 9:28:52 PM,-1.75
10103,4/9/2022 9:28:56 PM,-2.28
10103,4/9/2022 9:29:00 PM,-1.99
10103,4/9/2022 9:29:04 PM,-1.99
10103,4/9/2022 9:29:08 PM,-1.55
10103,4/9/2022 9:29:12 PM,-1.31
10103,4/9/2022 9:29:16 PM,-2.23
10103,4/9/2022 9:29:20 PM,-1.71
10103,4/9/2022 9:29:24 PM,-1.32
10103,4/9/2022 9:29:28 PM,-1.53
10103,4/9/2022 9:29:32 PM,-2.44
10103,4/9/2022 9:29:36 PM,-1.32
10103,4/9/2022 9:29:40 PM,-1.53
10103,4/9/2022 9:29:44 PM,-1.10
10103,4/9/2022 9:29:48 PM,-2.66
10103,4/9/2022 9:29:52 PM,-1.53
10103,4/9/2022 9:29:56 PM,-2.44
10103,4/9/2022 9:30:00 PM,-2.00
10103,4/9/2022 9:30:04 PM,-1.56
10103,4/9/2022 9:30:08 PM,-1.07
10103,4/9/2022 9:30:12 PM,-1.99
10103,4/9/2022 9:30:16 PM,-1.53
10103,4/9/2022 9:30:20 PM,-2.44
10103,4/9/2022 9:30:24 PM,-2.00
10103,4/9/2022 9:30:28 PM,-1.31
10103,4/9/2022 9:30:32 PM,-1.76
10103,4/9/2022 9:30:36 PM,-1.99
10103,4/9/2022 9:30:40 PM,-1.77
10103,4/9/2022 9:30:44 PM,-2.20
10103,4/9/2022 9:30:48 PM,-2.68
10103,4/9/2022 9:30:52 PM,-1.99
10103,4/9/2022 9:30:56 PM,-1.55
10103,4/9/2022 9:31:00 PM,-2.66
10103,4/9/2022 9:31:04 PM,-1.77
10103,4/9/2022 9:31:08 PM,-1.76
10103,4/9/2022 9:31:12 PM,-1.32
10103,4/9/2022 9:31:16 PM,-2.46
10103,4/9/2022 9:31:20 PM,-1.54
10103,4/9/2022 9:31:24 PM,-1.99
10103,4/9/2022 9:31:28 PM,-1.99
10103,4/9/2022 9:31:32 PM,-1.99
10103,4/9/2022 9:31:36 PM,-3.35
10103,4/9/2022 9:31:40 PM,-1.99
10103,4/9/2022 9:31:44 PM,-1.99
10103,4/9/2022 9:31:48 PM,-2.67
10103,4/9/2022 9:31:52 PM,-1.78
10103,4/9/2022 9:31:56 PM,-1.76
10103,4/9/2022 9:32:00 PM,-1.32
10103,4/9/2022 9:32:04 PM,-1.53
10103,4/9/2022 9:32:08 PM,-1.99
10103,4/9/2022 9:32:12 PM,-1.99
10103,4/9/2022 9:32:16 PM,-1.53
10103,4/9/2022 9:32:20 PM,-2.44
10103,4/9/2022 9:32:24 PM,-2.00
10103,4/9/2022 9:32:28 PM,-1.75
10103,4/9/2022 9:32:32 PM,-1.78
10103,4/9/2022 9:32:36 PM,-1.92
10103,4/9/2022 9:32:40 PM,-2.46
10103,4/9/2022 9:32:44 PM,-1.55
10103,4/9/2022 9:32:48 PM,-1.31
10103,4/9/2022 9:32:52 PM,-1.75
10103,4/9/2022 9:32:56 PM,-2.68
10103,4/9/2022 9:33:00 PM,-3.36
10103,4/9/2022 9:33:04 PM,-1.06
10103,4/9/2022 9:33:08 PM,-1.55
10103,4/9/2022 9:33:12 PM,-1.31
10103,4/9/2022 9:33:16 PM,-1.99
10103,4/9/2022 9:33:20 PM,-1.99
10103,4/9/2022 9:33:24 PM,-1.99
10103,4/9/2022 9:33:28 PM,-2.21
10103,4/9/2022 9:33:32 PM,-1.79
10103,4/9/2022 9:33:36 PM,-1.31
10103,4/9/2022 9:33:40 PM,-1.53
10103,4/9/2022 9:33:44 PM,-2.44
10103,4/9/2022 9:33:48 PM,-2.68
10103,4/9/2022 9:33:52 PM,-1.31
10103,4/9/2022 9:33:56 PM,-1.75
10103,4/9/2022 9:34:00 PM,-2.67
10103,4/9/2022 9:34:04 PM,-2.24
10103,4/9/2022 9:34:08 PM,-1.31
10103,4/9/2022 9:34:12 PM,-1.31
10103,4/9/2022 9:34:16 PM,-1.78
10103,4/9/2022 9:34:20 PM,-1.75
10103,4/9/2022 9:34:24 PM,-1.99
10103,4/9/2022 9:34:28 PM,-1.99
10103,4/9/2022 9:34:32 PM,-1.55
10103,4/9/2022 9:34:36 PM,-1.99
10103,4/9/2022 9:34:40 PM,-1.53
10103,4/9/2022 9:34:44 PM,-1.55
10103,4/9/2022 9:34:48 PM,-1.99
10103,4/9/2022 9:34:52 PM,-2.24
10103,4/9/2022 9:34:56 PM,-2.20
10103,4/9/2022 9:35:00 PM,-2.00
10103,4/9/2022 9:35:04 PM,-0.84
10103,4/9/2022 9:35:08 PM,-2.21
10103,4/9/2022 9:35:12 PM,-2.68
10103,4/9/2022 9:35:16 PM,-1.09
10103,4/9/2022 9:35:20 PM,-1.07
10103,4/9/2022 9:35:24 PM,-1.99
10103,4/9/2022 9:35:28 PM,-1.74
10103,4/9/2022 9:35:32 PM,-2.23
10103,4/9/2022 9:35:36 PM,-1.99
10103,4/9/2022 9:35:40 PM,-1.77
10103,4/9/2022 9:35:44 PM,-1.31
10103,4/9/2022 9:35:48 PM,-1.99
10103,4/9/2022 9:35:52 PM,-2.24
10103,4/9/2022 9:35:56 PM,-1.75
10103,4/9/2022 9:36:00 PM,-1.32
10103,4/9/2022 9:36:04 PM,-1.09
10103,4/9/2022 9:36:08 PM,-1.52
10103,4/9/2022 9:36:12 PM,-1.99
10103,4/9/2022 9:36:16 PM,-2.22
10103,4/9/2022 9:36:20 PM,-2.23
10103,4/9/2022 9:36:24 PM,-1.99
10103,4/9/2022 9:36:28 PM,-2.46
10103,4/9/2022 9:36:32 PM,-2.44
10103,4/9/2022 9:36:36 PM,-1.46
10103,4/9/2022 9:36:40 PM,-1.99
10103,4/9/2022 9:36:44 PM,-1.99
10103,4/9/2022 9:36:48 PM,-1.99
10103,4/9/2022 9:36:52 PM,-2.46
10103,4/9/2022 9:36:56 PM,-1.99
10103,4/9/2022 9:37:00 PM,-1.31
10103,4/9/2022 9:37:04 PM,-1.99
10103,4/9/2022 9:37:08 PM,-1.99
10103,4/9/2022 9:37:12 PM,-1.99
10103,4/9/2022 9:37:16 PM,-1.99
10103,4/9/2022 9:37:20 PM,-1.54
10103,4/9/2022 9:37:24 PM,-1.99
10103,4/9/2022 9:37:28 PM,-2.24
10103,4/9/2022 9:37:32 PM,-1.76
10103,4/9/2022 9:37:36 PM,-1.31
10103,4/9/2022 9:37:40 PM,-2.22
10103,4/9/2022 9:37:44 PM,-1.78
10103,4/9/2022 9:37:48 PM,-1.99
10103,4/9/2022 9:37:52 PM,-1.31
10103,4/9/2022 9:37:56 PM,-2.20
10103,4/9/2022 9:38:00 PM,-2.00
10103,4/9/2022 9:38:04 PM,-1.99
10103,4/9/2022 9:38:08 PM,-1.99
10103,4/9/2022 9:38:12 PM,-1.99
10103,4/9/2022 9:38:16 PM,-1.77
10103,4/9/2022 9:38:20 PM,-2.21
10103,4/9/2022 9:38:24 PM,-2.00
10103,4/9/2022 9:38:28 PM,-1.99
10103,4/9/2022 9:38:32 PM,-1.54
10103,4/9/2022 9:38:36 PM,-1.99
10103,4/9/2022 9:38:40 PM,-1.99
10103,4/9/2022 9:38:44 PM,-1.55
10103,4/9/2022 9:38:48 PM,-1.99
10103,4/9/2022 9:38:52 PM,-2.23
10103,4/9/2022 9:38:56 PM,-1.31
10103,4/9/2022 9:39:00 PM,-1.31
10103,4/9/2022 9:39:04 PM,-1.31
10103,4/9/2022 9:39:08 PM,-1.31
10103,4/9/2022 9:39:12 PM,-0.63
10103,4/9/2022 9:39:16 PM,-1.76
10103,4/9/2022 9:39:20 PM,-2.23
10103,4/9/2022 9:39:24 PM,-1.31
10103,4/9/2022 9:39:28 PM,-1.77
10103,4/9/2022 9:39:32 PM,-1.31
10103,4/9/2022 9:39:36 PM,-1.99
10103,4/9/2022 9:39:40 PM,-1.99
10103,4/9/2022 9:39:44 PM,-1.99
10103,4/9/2022 9:39:48 PM,-2.67
10103,4/9/2022 9:39:52 PM,-1.99
10103,4/9/2022 9:39:56 PM,-1.99
10103,4/9/2022 9:40:00 PM,-1.31
10103,4/9/2022 9:40:04 PM,-1.99
10103,4/9/2022 9:40:08 PM,-2.45
10103,4/9/2022 9:40:12 PM,-2.00
10103,4/9/2022 9:40:16 PM,-1.31
10103,4/9/2022 9:40:20 PM,-1.76
10103,4/9/2022 9:40:24 PM,-1.99
10103,4/9/2022 9:40:28 PM,-1.53
10103,4/9/2022 9:40:32 PM,-1.99
10103,4/9/2022 9:40:36 PM,-1.31
10103,4/9/2022 9:40:40 PM,-2.21
10103,4/9/2022 9:40:44 PM,-2.23
10103,4/9/2022 9:40:48 PM,-1.99
10103,4/9/2022 9:40:52 PM,-1.99
10103,4/9/2022 9:40:56 PM,-1.99
10103,4/9/2022 9:41:00 PM,-1.99
10103,4/9/2022 9:41:04 PM,-1.99
10103,4/9/2022 9:41:08 PM,-1.99
10103,4/9/2022 9:41:12 PM,-1.32
10103,4/9/2022 9:41:16 PM,-2.46
10103,4/9/2022 9:41:20 PM,-1.99
10103,4/9/2022 9:41:24 PM,-1.31
10103,4/9/2022 9:41:28 PM,-1.99
10103,4/9/2022 9:41:32 PM,-1.54
10103,4/9/2022 9:41:36 PM,-1.99
10103,4/9/2022 9:41:40 PM,-1.77
10103,4/9/2022 9:41:44 PM,-1.76
10103,4/9/2022 9:41:48 PM,-1.31
10103,4/9/2022 9:41:52 PM,-1.31
10103,4/9/2022 9:41:56 PM,-1.31
10103,4/9/2022 9:42:00 PM,-2.66
10103,4/9/2022 9:42:04 PM,-1.99
10103,4/9/2022 9:42:08 PM,-1.54
10103,4/9/2022 9:42:12 PM,-1.31
10103,4/9/2022 9:42:16 PM,-1.77
10103,4/9/2022 9:42:20 PM,-1.31
10103,4/9/2022 9:42:24 PM,-1.99
10103,4/9/2022 9:42:28 PM,-2.46
10103,4/9/2022 9:42:32 PM,-1.99
10103,4/9/2022 9:42:36 PM,-1.31
10103,4/9/2022 9:42:40 PM,-1.99
10103,4/9/2022 9:42:44 PM,-1.55
10103,4/9/2022 9:42:48 PM,-1.99
10103,4/9/2022 9:42:52 PM,-1.99
10103,4/9/2022 9:42:56 PM,-1.99
10103,4/9/2022 9:43:00 PM,-2.67
10103,4/9/2022 9:43:04 PM,-2.21
10103,4/9/2022 9:43:08 PM,-2.23
10103,4/9/2022 9:43:12 PM,-2.67
10103,4/9/2022 9:43:16 PM,-1.77
10103,4/9/2022 9:43:20 PM,-1.31
10103,4/9/2022 9:43:24 PM,-1.99
10103,4/9/2022 9:43:28 PM,-1.78
10103,4/9/2022 9:43:32 PM,-1.76
10103,4/9/2022 9:43:36 PM,-1.99
10103,4/9/2022 9:43:40 PM,-1.75
10103,4/9/2022 9:43:44 PM,-2.23
10103,4/9/2022 9:43:48 PM,-1.31
10103,4/9/2022 9:43:52 PM,-1.53
10103,4/9/2022 9:43:56 PM,-2.44
10103,4/9/2022 9:44:00 PM,-2.00
10103,4/9/2022 9:44:04 PM,-2.46
10103,4/9/2022 9:44:08 PM,-1.99
10103,4/9/2022 9:44:12 PM,-1.99
10103,4/9/2022 9:44:16 PM,-1.99
10103,4/9/2022 9:44:20 PM,-1.55
10103,4/9/2022 9:44:24 PM,-1.99
10103,4/9/2022 9:44:28 PM,-1.99
10103,4/9/2022 9:44:32 PM,-1.54
10103,4/9/2022 9:44:36 PM,-1.31
10103,4/9/2022 9:44:40 PM,-2.46
10103,4/9/2022 9:44:44 PM,-1.55
10103,4/9/2022 9:44:48 PM,-2.66
10103,4/9/2022 9:44:52 PM,-1.50
10103,4/9/2022 9:44:56 PM,-1.55
10103,4/9/2022 9:45:00 PM,-1.99
10103,4/9/2022 9:45:04 PM,-1.99
10103,4/9/2022 9:45:08 PM,-1.99
10103,4/9/2022 9:45:12 PM,-1.99
10103,4/9/2022 9:45:16 PM,-2.46
10103,4/9/2022 9:45:20 PM,-2.44
10103,4/9/2022 9:45:24 PM,-2.68
10103,4/9/2022 9:45:28 PM,-1.99
10103,4/9/2022 9:45:32 PM,-2.44
10103,4/9/2022 9:45:36 PM,-2.68
10103,4/9/2022 9:45:40 PM,-2.21
10103,4/9/2022 9:45:44 PM,-2.68
10103,4/9/2022 9:45:48 PM,-2.68
10103,4/9/2022 9:45:52 PM,-1.99
10103,4/9/2022 9:45:56 PM,-2.44
10103,4/9/2022 9:46:00 PM,-2.00
10103,4/9/2022 9:46:04 PM,-2.22
10103,4/9/2022 9:46:08 PM,-2.23
10103,4/9/2022 9:46:12 PM,-1.99
10103,4/9/2022 9:46:16 PM,-1.53
10103,4/9/2022 9:46:20 PM,-1.99
10103,4/9/2022 9:46:24 PM,-1.32
10103,4/9/2022 9:46:28 PM,-1.99
10103,4/9/2022 9:46:32 PM,-1.54
10103,4/9/2022 9:46:36 PM,-2.67
10103,4/9/2022 9:46:40 PM,-2.20
10103,4/9/2022 9:46:44 PM,-2.24
10103,4/9/2022 9:46:48 PM,-1.32
10103,4/9/2022 9:46:52 PM,-1.99
10103,4/9/2022 9:46:56 PM,-2.44
10103,4/9/2022 9:47:00 PM,-2.00
10103,4/9/2022 9:47:04 PM,-1.75
10103,4/9/2022 9:47:08 PM,-1.79
10103,4/9/2022 9:47:12 PM,-1.31
10103,4/9/2022 9:47:16 PM,-1.78
10103,4/9/2022 9:47:20 PM,-2.21
10103,4/9/2022 9:47:24 PM,-2.00
10103,4/9/2022 9:47:28 PM,-2.46
10103,4/9/2022 9:47:32 PM,-1.99
10103,4/9/2022 9:47:36 PM,-2.67
10103,4/9/2022 9:47:40 PM,-1.53
10103,4/9/2022 9:47:44 PM,-1.10
10103,4/9/2022 9:47:48 PM,-1.98
10103,4/9/2022 9:47:52 PM,-1.99
10103,4/9/2022 9:47:56 PM,-2.44
10103,4/9/2022 9:48:00 PM,-2.00
10103,4/9/2022 9:48:04 PM,-1.99
10103,4/9/2022 9:48:08 PM,-1.55
10103,4/9/2022 9:48:12 PM,-1.98
10103,4/9/2022 9:48:16 PM,-1.99
10103,4/9/2022 9:48:20 PM,-2.44
10103,4/9/2022 9:48:24 PM,-2.68
10103,4/9/2022 9:48:28 PM,-2.43
10103,4/9/2022 9:48:32 PM,-2.47
10103,4/9/2022 9:48:36 PM,-1.32
10103,4/9/2022 9:48:40 PM,-2.21
10103,4/9/2022 9:48:44 PM,-2.23
10103,4/9/2022 9:48:48 PM,-3.35
10103,4/9/2022 9:48:52 PM,-1.53
10103,4/9/2022 9:48:56 PM,-2.44
10103,4/9/2022 9:49:00 PM,-2.00
10103,4/9/2022 9:49:04 PM,-1.99
10103,4/9/2022 9:49:08 PM,-1.99
10103,4/9/2022 9:49:12 PM,-1.99
10103,4/9/2022 9:49:16 PM,-2.22
10103,4/9/2022 9:49:20 PM,-2.23
10103,4/9/2022 9:49:24 PM,-1.32
10103,4/9/2022 9:49:28 PM,-1.99
10103,4/9/2022 9:49:32 PM,-2.44
10103,4/9/2022 9:49:36 PM,-2.00
10103,4/9/2022 9:49:40 PM,-1.99
10103,4/9/2022 9:49:44 PM,-2.44
10103,4/9/2022 9:49:48 PM,-2.00
10103,4/9/2022 9:49:52 PM,-1.75
10103,4/9/2022 9:49:56 PM,-3.13
10103,4/9/2022 9:50:00 PM,-2.68
10103,4/9/2022 9:50:04 PM,-1.77
10103,4/9/2022 9:50:08 PM,-1.76
10103,4/9/2022 9:50:12 PM,-1.99
10103,4/9/2022 9:50:16 PM,-1.99
10103,4/9/2022 9:50:20 PM,-1.99
10103,4/9/2022 9:50:24 PM,-1.99
10103,4/9/2022 9:50:28 PM,-2.46
10103,4/9/2022 9:50:32 PM,-1.99
10103,4/9/2022 9:50:36 PM,-1.99
10103,4/9/2022 9:50:40 PM,-2.46
10103,4/9/2022 9:50:44 PM,-2.44
10103,4/9/2022 9:50:48 PM,-2.00
10103,4/9/2022 9:50:52 PM,-1.99
10103,4/9/2022 9:50:56 PM,-2.44
10103,4/9/2022 9:51:00 PM,-2.00
10103,4/9/2022 9:51:04 PM,-1.99
10103,4/9/2022 9:51:08 PM,-2.89
10103,4/9/2022 9:51:12 PM,-2.01
10103,4/9/2022 9:51:16 PM,-1.53
10103,4/9/2022 9:51:20 PM,-1.54
10103,4/9/2022 9:51:24 PM,-1.99
10103,4/9/2022 9:51:28 PM,-1.53
10103,4/9/2022 9:51:32 PM,-1.99
10103,4/9/2022 9:51:36 PM,-1.31
10103,4/9/2022 9:51:40 PM,-1.99
10103,4/9/2022 9:51:44 PM,-2.44
10103,4/9/2022 9:51:48 PM,-2.00
10103,4/9/2022 9:51:52 PM,-1.99
10103,4/9/2022 9:51:56 PM,-1.99
10103,4/9/2022 9:52:00 PM,-1.99
10103,4/9/2022 9:52:04 PM,-1.31
10103,4/9/2022 9:52:08 PM,-1.31
10103,4/9/2022 9:52:12 PM,-1.31
10103,4/9/2022 9:52:16 PM,-1.31
10103,4/9/2022 9:52:20 PM,-1.76
10103,4/9/2022 9:52:24 PM,-2.67
10103,4/9/2022 9:52:28 PM,-1.53
10103,4/9/2022 9:52:32 PM,-1.99
10103,4/9/2022 9:52:36 PM,-2.67
10103,4/9/2022 9:52:40 PM,-1.53
10103,4/9/2022 9:52:44 PM,-1.99
10103,4/9/2022 9:52:48 PM,-1.31
10103,4/9/2022 9:52:52 PM,-1.99
10103,4/9/2022 9:52:56 PM,-1.99
10103,4/9/2022 9:53:00 PM,-1.32
10103,4/9/2022 9:53:04 PM,-1.31
10103,4/9/2022 9:53:08 PM,-1.76
10103,4/9/2022 9:53:12 PM,-1.99
10103,4/9/2022 9:53:16 PM,-2.22
10103,4/9/2022 9:53:20 PM,-1.78
10103,4/9/2022 9:53:24 PM,-3.35
10103,4/9/2022 9:53:28 PM,-2.21
10103,4/9/2022 9:53:32 PM,-2.68
10103,4/9/2022 9:53:36 PM,-2.00
10103,4/9/2022 9:53:40 PM,-1.99
10103,4/9/2022 9:53:44 PM,-1.99
10103,4/9/2022 9:53:48 PM,-1.31
10103,4/9/2022 9:53:52 PM,-1.99
10103,4/9/2022 9:53:56 PM,-1.99
10103,4/9/2022 9:54:00 PM,-1.99
10103,4/9/2022 9:54:04 PM,-2.22
10103,4/9/2022 9:54:08 PM,-1.78
10103,4/9/2022 9:54:12 PM,-1.99
10103,4/9/2022 9:54:16 PM,-1.31
10103,4/9/2022 9:54:20 PM,-1.76
10103,4/9/2022 9:54:24 PM,-1.99
10103,4/9/2022 9:54:28 PM,-1.99
10103,4/9/2022 9:54:32 PM,-1.54
10103,4/9/2022 9:54:36 PM,-1.99
10103,4/9/2022 9:54:40 PM,-2.21
10103,4/9/2022 9:54:44 PM,-2.23
10103,4/9/2022 9:54:48 PM,-1.99
10103,4/9/2022 9:54:52 PM,-2.52
10103,4/9/2022 9:54:56 PM,-2.44
10103,4/9/2022 9:55:00 PM,-2.00
10103,4/9/2022 9:55:04 PM,-1.99
10103,4/9/2022 9:55:08 PM,-1.55
10103,4/9/2022 9:55:12 PM,-1.99
10103,4/9/2022 9:55:16 PM,-1.53
10103,4/9/2022 9:55:20 PM,-1.54
10103,4/9/2022 9:55:24 PM,-2.67
10103,4/9/2022 9:55:28 PM,-1.99
10103,4/9/2022 9:55:32 PM,-1.99
10103,4/9/2022 9:55:36 PM,-1.99
10103,4/9/2022 9:55:40 PM,-1.99
10103,4/9/2022 9:55:44 PM,-1.99
10103,4/9/2022 9:55:48 PM,-2.67
10103,4/9/2022 9:55:52 PM,-1.31
10103,4/9/2022 9:55:56 PM,-1.76
10103,4/9/2022 9:56:00 PM,-1.31
10103,4/9/2022 9:56:04 PM,-1.31
10103,4/9/2022 9:56:08 PM,-1.74
10103,4/9/2022 9:56:12 PM,-1.99
10103,4/9/2022 9:56:16 PM,-2.21
10103,4/9/2022 9:56:20 PM,-2.68
10103,4/9/2022 9:56:24 PM,-2.68
10103,4/9/2022 9:56:28 PM,-1.51
10103,4/9/2022 9:56:32 PM,-1.99
10103,4/9/2022 9:56:36 PM,-1.99
10103,4/9/2022 9:56:40 PM,-1.99
10103,4/9/2022 9:56:44 PM,-1.99
10103,4/9/2022 9:56:48 PM,-1.31
10103,4/9/2022 9:56:52 PM,-1.06
10103,4/9/2022 9:56:56 PM,-1.99
10103,4/9/2022 9:57:00 PM,-1.99
10103,4/9/2022 9:57:04 PM,-2.21
10103,4/9/2022 9:57:08 PM,-2.23
10103,4/9/2022 9:57:12 PM,-1.32
10103,4/9/2022 9:57:16 PM,-1.78
10103,4/9/2022 9:57:20 PM,-1.31
10103,4/9/2022 9:57:24 PM,-1.99
10103,4/9/2022 9:57:28 PM,-2.21
10103,4/9/2022 9:57:32 PM,-2.23
10103,4/9/2022 9:57:36 PM,-1.99
10103,4/9/2022 9:57:40 PM,-2.68
10103,4/9/2022 9:57:44 PM,-2.23
10103,4/9/2022 9:57:48 PM,-2.67
10103,4/9/2022 9:57:52 PM,-2.24
10103,4/9/2022 9:57:56 PM,-2.65
10103,4/9/2022 9:58:00 PM,-2.01
10103,4/9/2022 9:58:04 PM,-1.99
10103,4/9/2022 9:58:08 PM,-1.99
10103,4/9/2022 9:58:12 PM,-1.99
10103,4/9/2022 9:58:16 PM,-2.21
10103,4/9/2022 9:58:20 PM,-2.68
10103,4/9/2022 9:58:24 PM,-2.68
10103,4/9/2022 9:58:28 PM,-1.99
10103,4/9/2022 9:58:32 PM,-2.44
10103,4/9/2022 9:58:36 PM,-2.68
10103,4/9/2022 9:58:40 PM,-1.99
10103,4/9/2022 9:58:44 PM,-1.99
10103,4/9/2022 9:58:48 PM,-1.99
10103,4/9/2022 9:58:52 PM,-1.75
10103,4/9/2022 9:58:56 PM,-2.68
10103,4/9/2022 9:59:00 PM,-2.00
10103,4/9/2022 9:59:04 PM,-2.92
10103,4/9/2022 9:59:08 PM,-2.44
10103,4/9/2022 9:59:12 PM,-2.68
10103,4/9/2022 9:59:16 PM,-1.75
10103,4/9/2022 9:59:20 PM,-2.68
10103,4/9/2022 9:59:24 PM,-2.68
10103,4/9/2022 9:59:28 PM,-2.46
10103,4/9/2022 9:59:32 PM,-2.44
10103,4/9/2022 9:59:36 PM,-2.00
10103,4/9/2022 9:59:40 PM,-2.68
10103,4/9/2022 9:59:44 PM,-1.79
10103,4/9/2022 9:59:48 PM,-1.99
10103,4/9/2022 9:59:52 PM,-1.99
10103,4/9/2022 9:59:56 PM,-1.99
10103,4/9/2022 10:00:00 PM,-1.99
10103,4/9/2022 10:00:04 PM,-1.99
10103,4/9/2022 10:00:08 PM,-2.44
10103,4/9/2022 10:00:12 PM,-2.00
10103,4/9/2022 10:00:16 PM,-2.68
10103,4/9/2022 10:00:20 PM,-3.13
10103,4/9/2022 10:00:24 PM,-2.69
10103,4/9/2022 10:00:28 PM,-1.99
10103,4/9/2022 10:00:32 PM,-2.44
10103,4/9/2022 10:00:36 PM,-2.00
10103,4/9/2022 10:00:40 PM,-2.46
10103,4/9/2022 10:00:44 PM,-1.99
10103,4/9/2022 10:00:48 PM,-1.99
10103,4/9/2022 10:00:52 PM,-1.53
10103,4/9/2022 10:00:56 PM,-1.99
10103,4/9/2022 10:01:00 PM,-1.99
10103,4/9/2022 10:01:04 PM,-2.68
10103,4/9/2022 10:01:08 PM,-2.23
10103,4/9/2022 10:01:12 PM,-3.35
10103,4/9/2022 10:01:16 PM,-1.99
10103,4/9/2022 10:01:20 PM,-1.99
10103,4/9/2022 10:01:24 PM,-3.36
10103,4/9/2022 10:01:28 PM,-2.46
10103,4/9/2022 10:01:32 PM,-1.99
10103,4/9/2022 10:01:36 PM,-2.67
10103,4/9/2022 10:01:40 PM,-2.46
10103,4/9/2022 10:01:44 PM,-1.99
10103,4/9/2022 10:01:48 PM,-1.99
10103,4/9/2022 10:01:52 PM,-1.77
10103,4/9/2022 10:01:56 PM,-2.64
10103,4/9/2022 10:02:00 PM,-2.01
10103,4/9/2022 10:02:04 PM,-2.46
10103,4/9/2022 10:02:08 PM,-1.99
10103,4/9/2022 10:02:12 PM,-2.67
10103,4/9/2022 10:02:16 PM,-2.46
10103,4/9/2022 10:02:20 PM,-1.99
10103,4/9/2022 10:02:24 PM,-1.99
10103,4/9/2022 10:02:28 PM,-2.21
10103,4/9/2022 10:02:32 PM,-3.13
10103,4/9/2022 10:02:36 PM,-2.68
10103,4/9/2022 10:02:40 PM,-1.99
10103,4/9/2022 10:02:44 PM,-1.99
10103,4/9/2022 10:02:48 PM,-3.36
10103,4/9/2022 10:02:52 PM,-2.49
10103,4/9/2022 10:02:56 PM,-2.44
10103,4/9/2022 10:03:00 PM,-2.00
10103,4/9/2022 10:03:04 PM,-1.99
10103,4/9/2022 10:03:08 PM,-1.99
10103,4/9/2022 10:03:12 PM,-1.99
10103,4/9/2022 10:03:16 PM,-2.22
10103,4/9/2022 10:03:20 PM,-2.68
10103,4/9/2022 10:03:24 PM,-2.00
10103,4/9/2022 10:03:28 PM,-1.99
10103,4/9/2022 10:03:32 PM,-2.44
10103,4/9/2022 10:03:36 PM,-2.68
10103,4/9/2022 10:03:40 PM,-1.99
10103,4/9/2022 10:03:44 PM,-2.44
10103,4/9/2022 10:03:48 PM,-2.68
10103,4/9/2022 10:03:52 PM,-1.99
10103,4/9/2022 10:03:56 PM,-2.44
10103,4/9/2022 10:04:00 PM,-2.68
10103,4/9/2022 10:04:04 PM,-2.44
10103,4/9/2022 10:04:08 PM,-2.91
10103,4/9/2022 10:04:12 PM,-2.68
10103,4/9/2022 10:04:16 PM,-2.24
10103,4/9/2022 10:04:20 PM,-1.76
10103,4/9/2022 10:04:24 PM,-2.67
10103,4/9/2022 10:04:28 PM,-1.99
10103,4/9/2022 10:04:32 PM,-1.99
10103,4/9/2022 10:04:36 PM,-2.67
10103,4/9/2022 10:04:40 PM,-1.53
10103,4/9/2022 10:04:44 PM,-1.55
10103,4/9/2022 10:04:48 PM,-1.99
10103,4/9/2022 10:04:52 PM,-2.43
10103,4/9/2022 10:04:56 PM,-2.91
10103,4/9/2022 10:05:00 PM,-2.00
10103,4/9/2022 10:05:04 PM,-1.99
10103,4/9/2022 10:05:08 PM,-2.44
10103,4/9/2022 10:05:12 PM,-2.00
10103,4/9/2022 10:05:16 PM,-2.68
10103,4/9/2022 10:05:20 PM,-2.68
10103,4/9/2022 10:05:24 PM,-2.68
10103,4/9/2022 10:05:28 PM,-2.68
10103,4/9/2022 10:05:32 PM,-3.13
10103,4/9/2022 10:05:36 PM,-1.32
10103,4/9/2022 10:05:40 PM,-2.22
10103,4/9/2022 10:05:44 PM,-2.23
10103,4/9/2022 10:05:48 PM,-1.31
10103,4/9/2022 10:05:52 PM,-1.99
10103,4/9/2022 10:05:56 PM,-1.99
10103,4/9/2022 10:06:00 PM,-1.99
10103,4/9/2022 10:06:04 PM,-2.46
10103,4/9/2022 10:06:08 PM,-1.99
10103,4/9/2022 10:06:12 PM,-1.99
10103,4/9/2022 10:06:16 PM,-2.68
10103,4/9/2022 10:06:20 PM,-2.23
10103,4/9/2022 10:06:24 PM,-1.31
10103,4/9/2022 10:06:28 PM,-1.53
10103,4/9/2022 10:06:32 PM,-2.44
10103,4/9/2022 10:06:36 PM,-2.00
10103,4/9/2022 10:06:40 PM,-1.75
10103,4/9/2022 10:06:44 PM,-2.68
10103,4/9/2022 10:06:48 PM,-2.00
10103,4/9/2022 10:06:52 PM,-2.46
10103,4/9/2022 10:06:56 PM,-1.99
10103,4/9/2022 10:07:00 PM,-1.99
10103,4/9/2022 10:07:04 PM,-2.22
10103,4/9/2022 10:07:08 PM,-2.23
10103,4/9/2022 10:07:12 PM,-1.99
10103,4/9/2022 10:07:16 PM,-1.99
10103,4/9/2022 10:07:20 PM,-1.99
10103,4/9/2022 10:07:24 PM,-2.67
10103,4/9/2022 10:07:28 PM,-2.25
10103,4/9/2022 10:07:32 PM,-1.31
10103,4/9/2022 10:07:36 PM,-2.67
10103,4/9/2022 10:07:40 PM,-2.46
10103,4/9/2022 10:07:44 PM,-1.99
10103,4/9/2022 10:07:48 PM,-1.31
10103,4/9/2022 10:07:52 PM,-2.21
10103,4/9/2022 10:07:56 PM,-2.23
10103,4/9/2022 10:08:00 PM,-1.31
10103,4/9/2022 10:08:04 PM,-1.77
10103,4/9/2022 10:08:08 PM,-1.76
10103,4/9/2022 10:08:12 PM,-2.67
10103,4/9/2022 10:08:16 PM,-1.53
10103,4/9/2022 10:08:20 PM,-1.99
10103,4/9/2022 10:08:24 PM,-1.99
10103,4/9/2022 10:08:28 PM,-1.53
10103,4/9/2022 10:08:32 PM,-2.89
10103,4/9/2022 10:08:36 PM,-2.00
10103,4/9/2022 10:08:40 PM,-2.46
10103,4/9/2022 10:08:44 PM,-1.99
10103,4/9/2022 10:08:48 PM,-1.31
10103,4/9/2022 10:08:52 PM,-1.97
10103,4/9/2022 10:08:56 PM,-2.47
10103,4/9/2022 10:09:00 PM,-2.67
10103,4/9/2022 10:09:04 PM,-1.99
10103,4/9/2022 10:09:08 PM,-1.99
10103,4/9/2022 10:09:12 PM,-1.32
10103,4/9/2022 10:09:16 PM,-1.75
10103,4/9/2022 10:09:20 PM,-2.68
10103,4/9/2022 10:09:24 PM,-2.00
10103,4/9/2022 10:09:28 PM,-1.99
10103,4/9/2022 10:09:32 PM,-1.55
10103,4/9/2022 10:09:36 PM,-1.99
10103,4/9/2022 10:09:40 PM,-1.99
10103,4/9/2022 10:09:44 PM,-1.55
10103,4/9/2022 10:09:48 PM,-2.67
10103,4/9/2022 10:09:52 PM,-2.21
10103,4/9/2022 10:09:56 PM,-2.68
10103,4/9/2022 10:10:00 PM,-2.00
10103,4/9/2022 10:10:04 PM,-1.75
10103,4/9/2022 10:10:08 PM,-1.79
10103,4/9/2022 10:10:12 PM,-1.98
10103,4/9/2022 10:10:16 PM,-2.21
10103,4/9/2022 10:10:20 PM,-2.68
10103,4/9/2022 10:10:24 PM,-2.00
10103,4/9/2022 10:10:28 PM,-1.99
10103,4/9/2022 10:10:32 PM,-1.99
10103,4/9/2022 10:10:36 PM,-1.99
10103,4/9/2022 10:10:40 PM,-1.99
10103,4/9/2022 10:10:44 PM,-1.99
10103,4/9/2022 10:10:48 PM,-1.99
10103,4/9/2022 10:10:52 PM,-1.77
10103,4/9/2022 10:10:56 PM,-2.20
10103,4/9/2022 10:11:00 PM,-2.00
10103,4/9/2022 10:11:04 PM,-2.46
10103,4/9/2022 10:11:08 PM,-2.44
10103,4/9/2022 10:11:12 PM,-2.00
10103,4/9/2022 10:11:16 PM,-1.99
10103,4/9/2022 10:11:20 PM,-1.99
10103,4/9/2022 10:11:24 PM,-1.32
10103,4/9/2022 10:11:28 PM,-1.99
10103,4/9/2022 10:11:32 PM,-1.99
10103,4/9/2022 10:11:36 PM,-1.99
10103,4/9/2022 10:11:40 PM,-2.24
10103,4/9/2022 10:11:44 PM,-1.76
10103,4/9/2022 10:11:48 PM,-1.99
10103,4/9/2022 10:11:52 PM,-2.21
10103,4/9/2022 10:11:56 PM,-1.79
10103,4/9/2022 10:12:00 PM,-1.99
10103,4/9/2022 10:12:04 PM,-2.24
10103,4/9/2022 10:12:08 PM,-1.76
10103,4/9/2022 10:12:12 PM,-1.32
10103,4/9/2022 10:12:16 PM,-1.99
10103,4/9/2022 10:12:20 PM,-1.99
10103,4/9/2022 10:12:24 PM,-1.99
10103,4/9/2022 10:12:28 PM,-1.78
10103,4/9/2022 10:12:32 PM,-1.31
10103,4/9/2022 10:12:36 PM,-1.99
10103,4/9/2022 10:12:40 PM,-1.78
10103,4/9/2022 10:12:44 PM,-1.75
10103,4/9/2022 10:12:48 PM,-0.64
10103,4/9/2022 10:12:52 PM,-2.49
10103,4/9/2022 10:12:56 PM,-2.39
10103,4/9/2022 10:13:00 PM,-2.68
10103,4/9/2022 10:13:04 PM,-1.53
10103,4/9/2022 10:13:08 PM,-1.55
10103,4/9/2022 10:13:12 PM,-1.98
10103,4/9/2022 10:13:16 PM,-1.31
10103,4/9/2022 10:13:20 PM,-1.31
10103,4/9/2022 10:13:24 PM,-1.99
10103,4/9/2022 10:13:28 PM,-1.53
10103,4/9/2022 10:13:32 PM,-1.55
10103,4/9/2022 10:13:36 PM,-1.99
10103,4/9/2022 10:13:40 PM,-1.31
10103,4/9/2022 10:13:44 PM,-0.86
10103,4/9/2022 10:13:48 PM,-1.30
10103,4/9/2022 10:13:52 PM,-1.77
10103,4/9/2022 10:13:56 PM,-0.86
10103,4/9/2022 10:14:00 PM,-2.66
10103,4/9/2022 10:14:04 PM,-2.24
10103,4/9/2022 10:14:08 PM,-1.76
10103,4/9/2022 10:14:12 PM,-1.32
10103,4/9/2022 10:14:16 PM,-1.53
10103,4/9/2022 10:14:20 PM,-1.55
10103,4/9/2022 10:14:24 PM,-1.31
10103,4/9/2022 10:14:28 PM,-2.24
10103,4/9/2022 10:14:32 PM,-2.21
10103,4/9/2022 10:14:36 PM,-2.00
10103,4/9/2022 10:14:40 PM,-2.24
10103,4/9/2022 10:14:44 PM,-1.31
10103,4/9/2022 10:14:48 PM,-1.99
10103,4/9/2022 10:14:52 PM,-1.09
10103,4/9/2022 10:14:56 PM,-1.02
10103,4/9/2022 10:15:00 PM,-1.31
10103,4/9/2022 10:15:04 PM,-1.31
10103,4/9/2022 10:15:08 PM,-1.76
10103,4/9/2022 10:15:12 PM,-1.99
10103,4/9/2022 10:15:16 PM,-2.23
10103,4/9/2022 10:15:20 PM,-1.76
10103,4/9/2022 10:15:24 PM,-1.99
10103,4/9/2022 10:15:28 PM,-2.21
10103,4/9/2022 10:15:32 PM,-1.78
10103,4/9/2022 10:15:36 PM,-1.31
10103,4/9/2022 10:15:40 PM,-1.99
10103,4/9/2022 10:15:44 PM,-1.54
10103,4/9/2022 10:15:48 PM,-1.99
10103,4/9/2022 10:15:52 PM,-2.46
10103,4/9/2022 10:15:56 PM,-1.99
10103,4/9/2022 10:16:00 PM,-1.99
10103,4/9/2022 10:16:04 PM,-1.53
10103,4/9/2022 10:16:08 PM,-1.99
10103,4/9/2022 10:16:12 PM,-1.99
10103,4/9/2022 10:16:16 PM,-0.85
10103,4/9/2022 10:16:20 PM,-0.86
10103,4/9/2022 10:16:24 PM,-1.99
10103,4/9/2022 10:16:28 PM,-1.53
10103,4/9/2022 10:16:32 PM,-1.55
10103,4/9/2022 10:16:36 PM,-1.31
10103,4/9/2022 10:16:40 PM,-1.77
10103,4/9/2022 10:16:44 PM,-1.31
10103,4/9/2022 10:16:48 PM,-0.63
10103,4/9/2022 10:16:52 PM,-2.46
10103,4/9/2022 10:16:56 PM,-1.99
10103,4/9/2022 10:17:00 PM,-1.38
10103,4/9/2022 10:17:04 PM,-1.75
10103,4/9/2022 10:17:08 PM,-1.78
10103,4/9/2022 10:17:12 PM,-0.63
10103,4/9/2022 10:17:16 PM,-1.77
10103,4/9/2022 10:17:20 PM,-1.76
10103,4/9/2022 10:17:24 PM,-1.31
10103,4/9/2022 10:17:28 PM,-1.99
10103,4/9/2022 10:17:32 PM,-1.54
10103,4/9/2022 10:17:36 PM,-1.31
10103,4/9/2022 10:17:40 PM,-1.99
10103,4/9/2022 10:17:44 PM,-1.99
10103,4/9/2022 10:17:48 PM,-1.99
10103,4/9/2022 10:17:52 PM,-1.77
10103,4/9/2022 10:17:56 PM,-2.20
10103,4/9/2022 10:18:00 PM,-1.32
10103,4/9/2022 10:18:04 PM,-1.31
10103,4/9/2022 10:18:08 PM,-1.76
10103,4/9/2022 10:18:12 PM,-1.32
10103,4/9/2022 10:18:16 PM,-1.31
10103,4/9/2022 10:18:20 PM,-1.31
10103,4/9/2022 10:18:24 PM,-1.31
10103,4/9/2022 10:18:28 PM,-1.31
10103,4/9/2022 10:18:32 PM,-1.76
10103,4/9/2022 10:18:36 PM,-2.67
10103,4/9/2022 10:18:40 PM,-1.07
10103,4/9/2022 10:18:44 PM,-1.99
10103,4/9/2022 10:18:48 PM,-2.67
10103,4/9/2022 10:18:52 PM,-1.53
10103,4/9/2022 10:18:56 PM,-1.55
10103,4/9/2022 10:19:00 PM,-0.63
10103,4/9/2022 10:19:04 PM,-1.31
10103,4/9/2022 10:19:08 PM,-1.31
10103,4/9/2022 10:19:12 PM,-1.99
10103,4/9/2022 10:19:16 PM,-1.99
10103,4/9/2022 10:19:20 PM,-1.99
10103,4/9/2022 10:19:24 PM,-1.39
10103,4/9/2022 10:19:28 PM,-1.77
10103,4/9/2022 10:19:32 PM,-1.31
10103,4/9/2022 10:19:36 PM,-1.31
10103,4/9/2022 10:19:40 PM,-1.31
10103,4/9/2022 10:19:44 PM,-1.76
10103,4/9/2022 10:19:48 PM,-1.31
10103,4/9/2022 10:19:52 PM,-1.77
10103,4/9/2022 10:19:56 PM,-2.20
10103,4/9/2022 10:20:00 PM,-2.68
10103,4/9/2022 10:20:04 PM,-1.99
10103,4/9/2022 10:20:08 PM,-1.99
10103,4/9/2022 10:20:12 PM,-1.32
10103,4/9/2022 10:20:16 PM,-0.84
10103,4/9/2022 10:20:20 PM,-2.20
10103,4/9/2022 10:20:24 PM,-2.68
10103,4/9/2022 10:20:28 PM,-2.46
10103,4/9/2022 10:20:32 PM,-1.99
10103,4/9/2022 10:20:36 PM,-1.99
10103,4/9/2022 10:20:40 PM,-1.77
10103,4/9/2022 10:20:44 PM,-2.21
10103,4/9/2022 10:20:48 PM,-2.68
10103,4/9/2022 10:20:52 PM,-2.46
10103,4/9/2022 10:20:56 PM,-1.99
10103,4/9/2022 10:21:00 PM,-1.99
10103,4/9/2022 10:21:04 PM,-1.75
10103,4/9/2022 10:21:08 PM,-2.23
10103,4/9/2022 10:21:12 PM,-1.99
10103,4/9/2022 10:21:16 PM,-3.14
10103,4/9/2022 10:21:20 PM,-2.23
10103,4/9/2022 10:21:24 PM,-1.99
10103,4/9/2022 10:21:28 PM,-2.46
10103,4/9/2022 10:21:32 PM,-1.55
10103,4/9/2022 10:21:36 PM,-1.99
10103,4/9/2022 10:21:40 PM,-2.46
10103,4/9/2022 10:21:44 PM,-1.99
10103,4/9/2022 10:21:48 PM,-1.99
10103,4/9/2022 10:21:52 PM,-1.99
10103,4/9/2022 10:21:56 PM,-1.99
10103,4/9/2022 10:22:00 PM,-1.99
10103,4/9/2022 10:22:04 PM,-2.23
10103,4/9/2022 10:22:08 PM,-1.71
10103,4/9/2022 10:22:12 PM,-1.99
10103,4/9/2022 10:22:16 PM,-1.99
10103,4/9/2022 10:22:20 PM,-2.44
10103,4/9/2022 10:22:24 PM,-2.00
10103,4/9/2022 10:22:28 PM,-1.99
10103,4/9/2022 10:22:32 PM,-1.54
10103,4/9/2022 10:22:36 PM,-1.99
10103,4/9/2022 10:22:40 PM,-2.68
10103,4/9/2022 10:22:44 PM,-1.78
10103,4/9/2022 10:22:48 PM,-2.68
10103,4/9/2022 10:22:52 PM,-2.22
10103,4/9/2022 10:22:56 PM,-2.23
10103,4/9/2022 10:23:00 PM,-1.99
10103,4/9/2022 10:23:04 PM,-2.21
10103,4/9/2022 10:23:08 PM,-2.23
10103,4/9/2022 10:23:12 PM,-1.99
10103,4/9/2022 10:23:16 PM,-1.99
10103,4/9/2022 10:23:20 PM,-1.99
10103,4/9/2022 10:23:24 PM,-1.99
10103,4/9/2022 10:23:28 PM,-1.99
10103,4/9/2022 10:23:32 PM,-1.99
10103,4/9/2022 10:23:36 PM,-1.31
10103,4/9/2022 10:23:40 PM,-1.99
10103,4/9/2022 10:23:44 PM,-1.55
10103,4/9/2022 10:23:48 PM,-1.99
10103,4/9/2022 10:23:52 PM,-1.53
10103,4/9/2022 10:23:56 PM,-1.10
10103,4/9/2022 10:24:00 PM,-1.98
10103,4/9/2022 10:24:04 PM,-1.77
10103,4/9/2022 10:24:08 PM,-1.76
10103,4/9/2022 10:24:12 PM,-1.32
10103,4/9/2022 10:24:16 PM,-1.09
10103,4/9/2022 10:24:20 PM,-1.52
10103,4/9/2022 10:24:24 PM,-1.32
10103,4/9/2022 10:24:28 PM,-1.99
10103,4/9/2022 10:24:32 PM,-2.44
10103,4/9/2022 10:24:36 PM,-1.32
10103,4/9/2022 10:24:40 PM,-2.21
10103,4/9/2022 10:24:44 PM,-2.23
10103,4/9/2022 10:24:48 PM,-1.99
10103,4/9/2022 10:24:52 PM,-1.77
10103,4/9/2022 10:24:56 PM,-1.76
10103,4/9/2022 10:25:00 PM,-1.99
10103,4/9/2022 10:25:04 PM,-2.50
10103,4/9/2022 10:25:08 PM,-1.99
10103,4/9/2022 10:25:12 PM,-2.67
10103,4/9/2022 10:25:16 PM,-2.46
10103,4/9/2022 10:25:20 PM,-1.99
10103,4/9/2022 10:25:24 PM,-2.67
10103,4/9/2022 10:25:28 PM,-2.21
10103,4/9/2022 10:25:32 PM,-2.68
10103,4/9/2022 10:25:36 PM,-2.68
10103,4/9/2022 10:25:40 PM,-1.53
10103,4/9/2022 10:25:44 PM,-1.99
10103,4/9/2022 10:25:48 PM,-1.99
10103,4/9/2022 10:25:52 PM,-3.36
10103,4/9/2022 10:25:56 PM,-2.92
10103,4/9/2022 10:26:00 PM,-2.00
10103,4/9/2022 10:26:04 PM,-1.99
10103,4/9/2022 10:26:08 PM,-1.99
10103,4/9/2022 10:26:12 PM,-2.67
10103,4/9/2022 10:26:16 PM,-2.92
10103,4/9/2022 10:26:20 PM,-2.44
10103,4/9/2022 10:26:24 PM,-2.68
10103,4/9/2022 10:26:28 PM,-2.68
10103,4/9/2022 10:26:32 PM,-2.23
10103,4/9/2022 10:26:36 PM,-1.32
10103,4/9/2022 10:26:40 PM,-2.68
10103,4/9/2022 10:26:44 PM,-2.68
10103,4/9/2022 10:26:48 PM,-2.00
10103,4/9/2022 10:26:52 PM,-1.99
10103,4/9/2022 10:26:56 PM,-1.99
10103,4/9/2022 10:27:00 PM,-2.67
10103,4/9/2022 10:27:04 PM,-1.49
10103,4/9/2022 10:27:08 PM,-1.99
10103,4/9/2022 10:27:12 PM,-2.67
10103,4/9/2022 10:27:16 PM,-2.46
10103,4/9/2022 10:27:20 PM,-2.44
10103,4/9/2022 10:27:24 PM,-2.00
10103,4/9/2022 10:27:28 PM,-2.21
10103,4/9/2022 10:27:32 PM,-2.68
10103,4/9/2022 10:27:36 PM,-2.00
10103,4/9/2022 10:27:40 PM,-2.93
10103,4/9/2022 10:27:44 PM,-2.88
10103,4/9/2022 10:27:48 PM,-2.69
10103,4/9/2022 10:27:52 PM,-1.53
10103,4/9/2022 10:27:56 PM,-1.99
10103,4/9/2022 10:28:00 PM,-1.32
10103,4/9/2022 10:28:04 PM,-1.99
10103,4/9/2022 10:28:08 PM,-1.99
10103,4/9/2022 10:28:12 PM,-2.67
10103,4/9/2022 10:28:16 PM,-2.46
10103,4/9/2022 10:28:20 PM,-1.99
10103,4/9/2022 10:28:24 PM,-2.67
10103,4/9/2022 10:28:28 PM,-1.99
10103,4/9/2022 10:28:32 PM,-1.99
10103,4/9/2022 10:28:36 PM,-2.67
10103,4/9/2022 10:28:40 PM,-2.43
10103,4/9/2022 10:28:44 PM,-2.92
10103,4/9/2022 10:28:48 PM,-2.68
10103,4/9/2022 10:28:52 PM,-1.99
10103,4/9/2022 10:28:56 PM,-1.99
10103,4/9/2022 10:29:00 PM,-2.67
10103,4/9/2022 10:29:04 PM,-2.48
10103,4/9/2022 10:29:08 PM,-1.99
10103,4/9/2022 10:29:12 PM,-1.99
10103,4/9/2022 10:29:16 PM,-1.75
10103,4/9/2022 10:29:20 PM,-2.23
10103,4/9/2022 10:29:24 PM,-1.99
10103,4/9/2022 10:29:28 PM,-1.52
10103,4/9/2022 10:29:32 PM,-2.44
10103,4/9/2022 10:29:36 PM,-2.00
10103,4/9/2022 10:29:40 PM,-1.53
10103,4/9/2022 10:29:44 PM,-1.99
10103,4/9/2022 10:29:48 PM,-1.99
10103,4/9/2022 10:29:52 PM,-1.99
10103,4/9/2022 10:29:56 PM,-2.44
10103,4/9/2022 10:30:00 PM,-1.35
10103,4/9/2022 10:30:04 PM,-1.99
10103,4/9/2022 10:30:08 PM,-1.10
10103,4/9/2022 10:30:12 PM,-1.97
10103,4/9/2022 10:30:16 PM,-1.99
10103,4/9/2022 10:30:20 PM,-1.99
10103,4/9/2022 10:30:24 PM,-1.32
10103,4/9/2022 10:30:28 PM,-1.31
10103,4/9/2022 10:30:32 PM,-2.14
10103,4/9/2022 10:30:36 PM,-2.68
10103,4/9/2022 10:30:40 PM,-2.24
10103,4/9/2022 10:30:44 PM,-1.31
10103,4/9/2022 10:30:48 PM,-1.99
10103,4/9/2022 10:30:52 PM,-2.68
10103,4/9/2022 10:30:56 PM,-1.79
10103,4/9/2022 10:31:00 PM,-1.31
10103,4/9/2022 10:31:04 PM,-1.78
10103,4/9/2022 10:31:08 PM,-1.31
10103,4/9/2022 10:31:12 PM,-1.98
10103,4/9/2022 10:31:16 PM,-1.53
10103,4/9/2022 10:31:20 PM,-1.99
10103,4/9/2022 10:31:24 PM,-1.31
10103,4/9/2022 10:31:28 PM,-1.53
10103,4/9/2022 10:31:32 PM,-1.99
10103,4/9/2022 10:31:36 PM,-2.68
10103,4/9/2022 10:31:40 PM,-1.75
10103,4/9/2022 10:31:44 PM,-2.68
10103,4/9/2022 10:31:48 PM,-2.00
10103,4/9/2022 10:31:52 PM,-1.75
10103,4/9/2022 10:31:56 PM,-2.68
10103,4/9/2022 10:32:00 PM,-1.32
10103,4/9/2022 10:32:04 PM,-1.31
10103,4/9/2022 10:32:08 PM,-0.86
10103,4/9/2022 10:32:12 PM,-1.30
10103,4/9/2022 10:32:16 PM,-1.99
10103,4/9/2022 10:32:20 PM,-1.09
10103,4/9/2022 10:32:24 PM,-1.99
10103,4/9/2022 10:32:28 PM,-1.77
10103,4/9/2022 10:32:32 PM,-1.31
10103,4/9/2022 10:32:36 PM,-1.31
10103,4/9/2022 10:32:40 PM,-1.31
10103,4/9/2022 10:32:44 PM,-0.86
10103,4/9/2022 10:32:48 PM,-0.62
10103,4/9/2022 10:32:52 PM,-0.85
10103,4/9/2022 10:32:56 PM,-1.76
10103,4/9/2022 10:33:00 PM,-1.31
10103,4/9/2022 10:33:04 PM,-1.31
10103,4/9/2022 10:33:08 PM,-1.71
10103,4/9/2022 10:33:12 PM,-1.99
10103,4/9/2022 10:33:16 PM,-1.31
10103,4/9/2022 10:33:20 PM,-1.31
10103,4/9/2022 10:33:24 PM,-1.31
10103,4/9/2022 10:33:28 PM,-1.06
10103,4/9/2022 10:33:32 PM,-2.44
10103,4/9/2022 10:33:36 PM,-0.64
10103,4/9/2022 10:33:40 PM,-1.31
10103,4/9/2022 10:33:44 PM,-0.86
10103,4/9/2022 10:33:48 PM,-1.31
10103,4/9/2022 10:33:52 PM,-2.46
10103,4/9/2022 10:33:56 PM,-1.55
10103,4/9/2022 10:34:00 PM,-1.31
10103,4/9/2022 10:34:04 PM,-1.31
10103,4/9/2022 10:34:08 PM,-1.31
10103,4/9/2022 10:34:12 PM,-1.31
10103,4/9/2022 10:34:16 PM,-1.31
10103,4/9/2022 10:34:20 PM,-0.86
10103,4/9/2022 10:34:24 PM,-1.31
10103,4/9/2022 10:34:28 PM,-1.53
10103,4/9/2022 10:34:32 PM,-1.54
10103,4/9/2022 10:34:36 PM,-1.31
10103,4/9/2022 10:34:40 PM,-0.85
10103,4/9/2022 10:34:44 PM,-1.76
10103,4/9/2022 10:34:48 PM,-1.31
10103,4/9/2022 10:34:52 PM,-2.23
10103,4/9/2022 10:34:56 PM,-1.31
10103,4/9/2022 10:35:00 PM,-1.99
10103,4/9/2022 10:35:04 PM,-2.01
10103,4/9/2022 10:35:08 PM,-1.07
10103,4/9/2022 10:35:12 PM,-1.31
10103,4/9/2022 10:35:16 PM,-1.31
10103,4/9/2022 10:35:20 PM,-1.31
10103,4/9/2022 10:35:24 PM,-1.99
10103,4/9/2022 10:35:28 PM,-1.99
10103,4/9/2022 10:35:32 PM,-1.54
10103,4/9/2022 10:35:36 PM,-1.31
10103,4/9/2022 10:35:40 PM,-1.31
10103,4/9/2022 10:35:44 PM,-1.76
10103,4/9/2022 10:35:48 PM,-1.31
10103,4/9/2022 10:35:52 PM,-1.31
10103,4/9/2022 10:35:56 PM,-1.75
10103,4/9/2022 10:36:00 PM,-1.32
10103,4/9/2022 10:36:04 PM,-2.21
10103,4/9/2022 10:36:08 PM,-1.78
10103,4/9/2022 10:36:12 PM,-1.31
10103,4/9/2022 10:36:16 PM,-1.99
10103,4/9/2022 10:36:20 PM,-1.55
10103,4/9/2022 10:36:24 PM,-1.99
10103,4/9/2022 10:36:28 PM,-2.46
10103,4/9/2022 10:36:32 PM,-2.44
10103,4/9/2022 10:36:36 PM,-2.68
10103,4/9/2022 10:36:40 PM,-1.77
10103,4/9/2022 10:36:44 PM,-1.31
10103,4/9/2022 10:36:48 PM,-1.99
10103,4/9/2022 10:36:52 PM,-1.53
10103,4/9/2022 10:36:56 PM,-1.55
10103,4/9/2022 10:37:00 PM,-1.99
10103,4/9/2022 10:37:04 PM,-1.31
10103,4/9/2022 10:37:08 PM,-1.31
10103,4/9/2022 10:37:12 PM,-2.66
10103,4/9/2022 10:37:16 PM,-1.77
10103,4/9/2022 10:37:20 PM,-1.31
10103,4/9/2022 10:37:24 PM,-1.31
10103,4/9/2022 10:37:28 PM,-0.62
10103,4/9/2022 10:37:32 PM,-0.62
10103,4/9/2022 10:37:36 PM,-1.98
10103,4/9/2022 10:37:40 PM,-1.77
10103,4/9/2022 10:37:44 PM,-1.76
10103,4/9/2022 10:37:48 PM,-1.31
10103,4/9/2022 10:37:52 PM,-2.24
10103,4/9/2022 10:37:56 PM,-1.31
10103,4/9/2022 10:38:00 PM,-0.63
10103,4/9/2022 10:38:04 PM,-1.53
10103,4/9/2022 10:38:08 PM,-1.55
10103,4/9/2022 10:38:12 PM,-1.31
10103,4/9/2022 10:38:16 PM,-1.75
10103,4/9/2022 10:38:20 PM,-1.78
10103,4/9/2022 10:38:24 PM,-1.98
10103,4/9/2022 10:38:28 PM,-1.78
10103,4/9/2022 10:38:32 PM,-1.31
10103,4/9/2022 10:38:36 PM,-1.98
10103,4/9/2022 10:38:40 PM,-1.09
10103,4/9/2022 10:38:44 PM,-1.07
10103,4/9/2022 10:38:48 PM,-1.99
10103,4/9/2022 10:38:52 PM,-1.78
10103,4/9/2022 10:38:56 PM,-1.75
10103,4/9/2022 10:39:00 PM,-1.99
10103,4/9/2022 10:39:04 PM,-2.21
10103,4/9/2022 10:39:08 PM,-2.23
10103,4/9/2022 10:39:12 PM,-1.32
10103,4/9/2022 10:39:16 PM,-1.77
10103,4/9/2022 10:39:20 PM,-1.76
10103,4/9/2022 10:39:24 PM,-1.39
10103,4/9/2022 10:39:28 PM,-1.31
10103,4/9/2022 10:39:32 PM,-1.31
10103,4/9/2022 10:39:36 PM,-2.67
10103,4/9/2022 10:39:40 PM,-0.84
10103,4/9/2022 10:39:44 PM,-1.31
10103,4/9/2022 10:39:48 PM,-1.31
10103,4/9/2022 10:39:52 PM,-1.75
10103,4/9/2022 10:39:56 PM,-2.23
10103,4/9/2022 10:40:00 PM,-2.67
10103,4/9/2022 10:40:04 PM,-1.77
10103,4/9/2022 10:40:08 PM,-1.76
10103,4/9/2022 10:40:12 PM,-1.32
10103,4/9/2022 10:40:16 PM,-1.31
10103,4/9/2022 10:40:20 PM,-1.31
10103,4/9/2022 10:40:24 PM,-1.99
10103,4/9/2022 10:40:28 PM,-1.31
10103,4/9/2022 10:40:32 PM,-1.31
10103,4/9/2022 10:40:36 PM,-1.99
10103,4/9/2022 10:40:40 PM,-1.77
10103,4/9/2022 10:40:44 PM,-1.31
10103,4/9/2022 10:40:48 PM,-1.31
10103,4/9/2022 10:40:52 PM,-1.77
10103,4/9/2022 10:40:56 PM,-1.76
10103,4/9/2022 10:41:00 PM,-2.68
10103,4/9/2022 10:41:04 PM,-0.85
10103,4/9/2022 10:41:08 PM,-1.31
10103,4/9/2022 10:41:12 PM,-1.31
10103,4/9/2022 10:41:16 PM,-2.46
10103,4/9/2022 10:41:20 PM,-1.99
10103,4/9/2022 10:41:24 PM,-0.63
10103,4/9/2022 10:41:28 PM,-1.31
10103,4/9/2022 10:41:32 PM,-1.76
10103,4/9/2022 10:41:36 PM,-1.31
10103,4/9/2022 10:41:40 PM,-1.99
10103,4/9/2022 10:41:44 PM,-1.99
10103,4/9/2022 10:41:48 PM,-1.31
10103,4/9/2022 10:41:52 PM,-1.31
10103,4/9/2022 10:41:56 PM,-1.31
10103,4/9/2022 10:42:00 PM,-1.31
10103,4/9/2022 10:42:04 PM,-1.31
10103,4/9/2022 10:42:08 PM,-1.31
10103,4/9/2022 10:42:12 PM,-1.99
10103,4/9/2022 10:42:16 PM,-1.99
10103,4/9/2022 10:42:20 PM,-1.09
10103,4/9/2022 10:42:24 PM,-2.67
10103,4/9/2022 10:42:28 PM,-0.62
10103,4/9/2022 10:42:32 PM,-1.08
10103,4/9/2022 10:42:36 PM,-1.31
10103,4/9/2022 10:42:40 PM,-1.77
10103,4/9/2022 10:42:44 PM,-1.31
10103,4/9/2022 10:42:48 PM,-1.31
10103,4/9/2022 10:42:52 PM,-1.09
10103,4/9/2022 10:42:56 PM,-1.52
10103,4/9/2022 10:43:00 PM,-1.31
10103,4/9/2022 10:43:04 PM,-1.77
10103,4/9/2022 10:43:08 PM,-1.76
10103,4/9/2022 10:43:12 PM,-1.99
10103,4/9/2022 10:43:16 PM,-1.31
10103,4/9/2022 10:43:20 PM,-1.31
10103,4/9/2022 10:43:24 PM,-1.31
10103,4/9/2022 10:43:28 PM,-1.31
10103,4/9/2022 10:43:32 PM,-1.31
10103,4/9/2022 10:43:36 PM,-1.31
10103,4/9/2022 10:43:40 PM,-1.31
10103,4/9/2022 10:43:44 PM,-0.86
10103,4/9/2022 10:43:48 PM,-1.30
10103,4/9/2022 10:43:52 PM,-1.53
10103,4/9/2022 10:43:56 PM,-1.99
10103,4/9/2022 10:44:00 PM,-1.31
10103,4/9/2022 10:44:04 PM,-1.77
10103,4/9/2022 10:44:08 PM,-1.31
10103,4/9/2022 10:44:12 PM,-1.31
10103,4/9/2022 10:44:16 PM,-1.07
10103,4/9/2022 10:44:20 PM,-1.54
10103,4/9/2022 10:44:24 PM,-1.31
10103,4/9/2022 10:44:28 PM,-1.31
10103,4/9/2022 10:44:32 PM,-1.31
10103,4/9/2022 10:44:36 PM,-1.31
10103,4/9/2022 10:44:40 PM,-1.31
10103,4/9/2022 10:44:44 PM,-0.86
10103,4/9/2022 10:44:48 PM,-1.98
10103,4/9/2022 10:44:52 PM,-1.31
10103,4/9/2022 10:44:56 PM,-2.21
10103,4/9/2022 10:45:00 PM,-1.32
10103,4/9/2022 10:45:04 PM,-1.31
10103,4/9/2022 10:45:08 PM,-1.31
10103,4/9/2022 10:45:12 PM,-0.63
10103,4/9/2022 10:45:16 PM,-1.83
10103,4/9/2022 10:45:20 PM,-1.31
10103,4/9/2022 10:45:24 PM,-1.31
10103,4/9/2022 10:45:28 PM,-1.53
10103,4/9/2022 10:45:32 PM,-1.10
10103,4/9/2022 10:45:36 PM,-1.30
10103,4/9/2022 10:45:40 PM,-0.62
10103,4/9/2022 10:45:44 PM,-1.52
10103,4/9/2022 10:45:48 PM,-0.63
10103,4/9/2022 10:45:52 PM,-1.75
10103,4/9/2022 10:45:56 PM,-1.34
10103,4/9/2022 10:46:00 PM,-0.62
10103,4/9/2022 10:46:04 PM,-1.55
10103,4/9/2022 10:46:08 PM,-1.07
10103,4/9/2022 10:46:12 PM,-1.31
10103,4/9/2022 10:46:16 PM,-0.85
10103,4/9/2022 10:46:20 PM,-1.31
10103,4/9/2022 10:46:24 PM,-1.99
10103,4/9/2022 10:46:28 PM,-1.77
10103,4/9/2022 10:46:32 PM,-0.86
10103,4/9/2022 10:46:36 PM,-1.30
10103,4/9/2022 10:46:40 PM,-1.31
10103,4/9/2022 10:46:44 PM,-1.76
10103,4/9/2022 10:46:48 PM,-1.99
10103,4/9/2022 10:46:52 PM,-1.53
10103,4/9/2022 10:46:56 PM,-1.10
10103,4/9/2022 10:47:00 PM,-1.98
10103,4/9/2022 10:47:04 PM,-0.62
10103,4/9/2022 10:47:08 PM,-0.62
10103,4/9/2022 10:47:12 PM,-1.98
10103,4/9/2022 10:47:16 PM,-0.10
10103,4/9/2022 10:47:20 PM,-1.07
10103,4/9/2022 10:47:24 PM,-0.63
10103,4/9/2022 10:47:28 PM,-0.87
10103,4/9/2022 10:47:32 PM,-0.39
10103,4/9/2022 10:47:36 PM,-1.30
10103,4/9/2022 10:47:40 PM,-1.55
10103,4/9/2022 10:47:44 PM,-0.62
10103,4/9/2022 10:47:48 PM,-0.62
10103,4/9/2022 10:47:52 PM,-0.60
10103,4/9/2022 10:47:56 PM,-1.99
10103,4/9/2022 10:48:00 PM,-1.32
10103,4/9/2022 10:48:04 PM,-1.09
10103,4/9/2022 10:48:08 PM,-0.62
10103,4/9/2022 10:48:12 PM,-1.30
10103,4/9/2022 10:48:16 PM,-1.77
10103,4/9/2022 10:48:20 PM,-0.86
10103,4/9/2022 10:48:24 PM,-1.30
10103,4/9/2022 10:48:28 PM,-1.31
10103,4/9/2022 10:48:32 PM,-0.86
10103,4/9/2022 10:48:36 PM,-0.62
10103,4/9/2022 10:48:40 PM,-1.31
10103,4/9/2022 10:48:44 PM,-0.86
10103,4/9/2022 10:48:48 PM,-0.62
10103,4/9/2022 10:48:52 PM,-1.31
10103,4/9/2022 10:48:56 PM,-1.76
10103,4/9/2022 10:49:00 PM,0.04
10103,4/9/2022 10:49:04 PM,-0.62
10103,4/9/2022 10:49:08 PM,-1.52
10103,4/9/2022 10:49:12 PM,-1.32
10103,4/9/2022 10:49:16 PM,-0.85
10103,4/9/2022 10:49:20 PM,-1.31
10103,4/9/2022 10:49:24 PM,-1.92
10103,4/9/2022 10:49:28 PM,-1.06
10103,4/9/2022 10:49:32 PM,-1.10
10103,4/9/2022 10:49:36 PM,-0.62
10103,4/9/2022 10:49:40 PM,-1.31
10103,4/9/2022 10:49:44 PM,-1.31
10103,4/9/2022 10:49:48 PM,-0.63
10103,4/9/2022 10:49:52 PM,-0.62
10103,4/9/2022 10:49:56 PM,-0.62
10103,4/9/2022 10:50:00 PM,-1.97
10103,4/9/2022 10:50:04 PM,-1.77
10103,4/9/2022 10:50:08 PM,-1.31
10103,4/9/2022 10:50:12 PM,-1.31
10103,4/9/2022 10:50:16 PM,-1.31
10103,4/9/2022 10:50:20 PM,-1.76
10103,4/9/2022 10:50:24 PM,-1.32
10103,4/9/2022 10:50:28 PM,-1.09
10103,4/9/2022 10:50:32 PM,-0.62
10103,4/9/2022 10:50:36 PM,-1.98
10103,4/9/2022 10:50:40 PM,-0.84
10103,4/9/2022 10:50:44 PM,-0.86
10103,4/9/2022 10:50:48 PM,-0.62
10103,4/9/2022 10:50:52 PM,-1.56
10103,4/9/2022 10:50:56 PM,-1.07
10103,4/9/2022 10:51:00 PM,-1.31
10103,4/9/2022 10:51:04 PM,-0.84
10103,4/9/2022 10:51:08 PM,-0.86
10103,4/9/2022 10:51:12 PM,-0.62
10103,4/9/2022 10:51:16 PM,-1.31
10103,4/9/2022 10:51:20 PM,-1.76
10103,4/9/2022 10:51:24 PM,-1.32
10103,4/9/2022 10:51:28 PM,-1.09
10103,4/9/2022 10:51:32 PM,-1.52
10103,4/9/2022 10:51:36 PM,-1.99
10103,4/9/2022 10:51:40 PM,-1.77
10103,4/9/2022 10:51:44 PM,-0.86
10103,4/9/2022 10:51:48 PM,-1.30
10103,4/9/2022 10:51:52 PM,-1.09
10103,4/9/2022 10:51:56 PM,-1.51
10103,4/9/2022 10:52:00 PM,-1.32
10103,4/9/2022 10:52:04 PM,-1.55
10103,4/9/2022 10:52:08 PM,-1.07
10103,4/9/2022 10:52:12 PM,-0.64
10103,4/9/2022 10:52:16 PM,-1.31
10103,4/9/2022 10:52:20 PM,-0.86
10103,4/9/2022 10:52:24 PM,-0.62
10103,4/9/2022 10:52:28 PM,-0.62
10103,4/9/2022 10:52:32 PM,-0.62
10103,4/9/2022 10:52:36 PM,-0.62
10103,4/9/2022 10:52:40 PM,-1.09
10103,4/9/2022 10:52:44 PM,-1.07
10103,4/9/2022 10:52:48 PM,-0.63
10103,4/9/2022 10:52:52 PM,-0.62
10103,4/9/2022 10:52:56 PM,-1.07
10103,4/9/2022 10:53:00 PM,-1.99
10103,4/9/2022 10:53:04 PM,-0.16
10103,4/9/2022 10:53:08 PM,-0.62
10103,4/9/2022 10:53:12 PM,-1.30
10103,4/9/2022 10:53:16 PM,-0.81
10103,4/9/2022 10:53:20 PM,-0.91
10103,4/9/2022 10:53:24 PM,-1.31
10103,4/9/2022 10:53:28 PM,-0.62
10103,4/9/2022 10:53:32 PM,-0.17
10103,4/9/2022 10:53:36 PM,-1.30
10103,4/9/2022 10:53:40 PM,-0.85
10103,4/9/2022 10:53:44 PM,-0.86
10103,4/9/2022 10:53:48 PM,0.06
10103,4/9/2022 10:53:52 PM,-0.86
10103,4/9/2022 10:53:56 PM,-0.39
10103,4/9/2022 10:54:00 PM,-1.31
10103,4/9/2022 10:54:04 PM,-0.85
10103,4/9/2022 10:54:08 PM,-0.41
10103,4/9/2022 10:54:12 PM,0.06
10103,4/9/2022 10:54:16 PM,-0.62
10103,4/9/2022 10:54:20 PM,-0.62
10103,4/9/2022 10:54:24 PM,-0.62
10103,4/9/2022 10:54:28 PM,-0.40
10103,4/9/2022 10:54:32 PM,-0.84
10103,4/9/2022 10:54:36 PM,-1.31
10103,4/9/2022 10:54:40 PM,-0.85
10103,4/9/2022 10:54:44 PM,-0.86
10103,4/9/2022 10:54:48 PM,-0.62
10103,4/9/2022 10:54:52 PM,-0.16
10103,4/9/2022 10:54:56 PM,-1.07
10103,4/9/2022 10:55:00 PM,-0.63
10103,4/9/2022 10:55:04 PM,-0.62
10103,4/9/2022 10:55:08 PM,-0.62
10103,4/9/2022 10:55:12 PM,-1.30
10103,4/9/2022 10:55:16 PM,-0.62
10103,4/9/2022 10:55:20 PM,-0.62
10103,4/9/2022 10:55:24 PM,0.06
10103,4/9/2022 10:55:28 PM,-0.38
10103,4/9/2022 10:55:32 PM,-0.86
10103,4/9/2022 10:55:36 PM,-0.62
10103,4/9/2022 10:55:40 PM,-0.16
10103,4/9/2022 10:55:44 PM,-0.62
10103,4/9/2022 10:55:48 PM,0.06
10103,4/9/2022 10:55:52 PM,-0.40
10103,4/9/2022 10:55:56 PM,0.06
10103,4/9/2022 10:56:00 PM,-0.62
10103,4/9/2022 10:56:04 PM,-0.39
10103,4/9/2022 10:56:08 PM,-0.86
10103,4/9/2022 10:56:12 PM,-0.62
10103,4/9/2022 10:56:16 PM,-0.16
10103,4/9/2022 10:56:20 PM,-0.62
10103,4/9/2022 10:56:24 PM,-1.31
10103,4/9/2022 10:56:28 PM,0.06
10103,4/9/2022 10:56:32 PM,-0.39
10103,4/9/2022 10:56:36 PM,0.06
10103,4/9/2022 10:56:40 PM,-0.62
10103,4/9/2022 10:56:44 PM,-0.62
10103,4/9/2022 10:56:48 PM,0.06
10103,4/9/2022 10:56:52 PM,-0.86
10103,4/9/2022 10:56:56 PM,-0.84
10103,4/9/2022 10:57:00 PM,-0.63
10103,4/9/2022 10:57:04 PM,-0.85
10103,4/9/2022 10:57:08 PM,-0.86
10103,4/9/2022 10:57:12 PM,-0.62
10103,4/9/2022 10:57:16 PM,-0.39
10103,4/9/2022 10:57:20 PM,-0.91
10103,4/9/2022 10:57:24 PM,0.05
10103,4/9/2022 10:57:28 PM,-0.38
10103,4/9/2022 10:57:32 PM,-1.76
10103,4/9/2022 10:57:36 PM,-1.31
10103,4/9/2022 10:57:40 PM,-0.62
10103,4/9/2022 10:57:44 PM,-0.62
10103,4/9/2022 10:57:48 PM,-0.62
10103,4/9/2022 10:57:52 PM,-0.62
10103,4/9/2022 10:57:56 PM,-0.62
10103,4/9/2022 10:58:00 PM,0.05
10103,4/9/2022 10:58:04 PM,-0.62
10103,4/9/2022 10:58:08 PM,-1.08
10103,4/9/2022 10:58:12 PM,-0.63
10103,4/9/2022 10:58:16 PM,-0.85
10103,4/9/2022 10:58:20 PM,-0.86
10103,4/9/2022 10:58:24 PM,-0.62
10103,4/9/2022 10:58:28 PM,-1.31
10103,4/9/2022 10:58:32 PM,-0.41
10103,4/9/2022 10:58:36 PM,-0.62
10103,4/9/2022 10:58:40 PM,-0.40
10103,4/9/2022 10:58:44 PM,-0.39
10103,4/9/2022 10:58:48 PM,0.06
10103,4/9/2022 10:58:52 PM,-0.62
10103,4/9/2022 10:58:56 PM,-1.52
10103,4/9/2022 10:59:00 PM,-1.31
10103,4/9/2022 10:59:04 PM,-0.85
10103,4/9/2022 10:59:08 PM,-0.90
10103,4/9/2022 10:59:12 PM,0.05
10103,4/9/2022 10:59:16 PM,-0.85
10103,4/9/2022 10:59:20 PM,-0.86
10103,4/9/2022 10:59:24 PM,-0.62
10103,4/9/2022 10:59:28 PM,-0.62
10103,4/9/2022 10:59:32 PM,-0.18
10103,4/9/2022 10:59:36 PM,-1.98
10103,4/9/2022 10:59:40 PM,-0.62
10103,4/9/2022 10:59:44 PM,-0.62
10103,4/9/2022 10:59:48 PM,0.06
10103,4/9/2022 10:59:52 PM,-1.07
10103,4/9/2022 10:59:56 PM,-0.65
10103,4/9/2022 11:00:00 PM,-1.29
10103,4/9/2022 11:00:04 PM,-1.31
10103,4/9/2022 11:00:08 PM,-1.31
10103,4/9/2022 11:00:12 PM,-0.63
10103,4/9/2022 11:00:16 PM,-0.62
10103,4/9/2022 11:00:20 PM,-1.07
10103,4/9/2022 11:00:24 PM,-0.63
10103,4/9/2022 11:00:28 PM,-1.31
10103,4/9/2022 11:00:32 PM,-0.86
10103,4/9/2022 11:00:36 PM,-0.62
10103,4/9/2022 11:00:40 PM,-0.62
10103,4/9/2022 11:00:44 PM,-0.62
10103,4/9/2022 11:00:48 PM,0.05
10103,4/9/2022 11:00:52 PM,-1.31
10103,4/9/2022 11:00:56 PM,-1.31
10103,4/9/2022 11:01:00 PM,-0.63
10103,4/9/2022 11:01:04 PM,-1.09
10103,4/9/2022 11:01:08 PM,-0.62
10103,4/9/2022 11:01:12 PM,-0.62
10103,4/9/2022 11:01:16 PM,-1.53
10103,4/9/2022 11:01:20 PM,-1.09
10103,4/9/2022 11:01:24 PM,-0.62
10103,4/9/2022 11:01:28 PM,-0.41
10103,4/9/2022 11:01:32 PM,-0.39
10103,4/9/2022 11:01:36 PM,-0.62
10103,4/9/2022 11:01:40 PM,-1.09
10103,4/9/2022 11:01:44 PM,-0.62
10103,4/9/2022 11:01:48 PM,-0.62
10103,4/9/2022 11:01:52 PM,-0.84
10103,4/9/2022 11:01:56 PM,-0.86
10103,4/9/2022 11:02:00 PM,-0.62
10103,4/9/2022 11:02:04 PM,-1.31
10103,4/9/2022 11:02:08 PM,-1.31
10103,4/9/2022 11:02:12 PM,-0.63
10103,4/9/2022 11:02:16 PM,-1.09
10103,4/9/2022 11:02:20 PM,-0.62
10103,4/9/2022 11:02:24 PM,-1.30
10103,4/9/2022 11:02:28 PM,-0.62
10103,4/9/2022 11:02:32 PM,-0.62
10103,4/9/2022 11:02:36 PM,-0.62
10103,4/9/2022 11:02:40 PM,-1.09
10103,4/9/2022 11:02:44 PM,-1.52
10103,4/9/2022 11:02:48 PM,-0.64
10103,4/9/2022 11:02:52 PM,-1.09
10103,4/9/2022 11:02:56 PM,-1.52
10103,4/9/2022 11:03:00 PM,-0.64
10103,4/9/2022 11:03:04 PM,-0.84
10103,4/9/2022 11:03:08 PM,-1.76
10103,4/9/2022 11:03:12 PM,-1.32
10103,4/9/2022 11:03:16 PM,-0.62
10103,4/9/2022 11:03:20 PM,-1.52
10103,4/9/2022 11:03:24 PM,-0.76
10103,4/9/2022 11:03:28 PM,-1.31
10103,4/9/2022 11:03:32 PM,-1.76
10103,4/9/2022 11:03:36 PM,-1.99
10103,4/9/2022 11:03:40 PM,-1.09
10103,4/9/2022 11:03:44 PM,-0.62
10103,4/9/2022 11:03:48 PM,-0.62
10103,4/9/2022 11:03:52 PM,-0.62
10103,4/9/2022 11:03:56 PM,-0.62
10103,4/9/2022 11:04:00 PM,-1.30
10103,4/9/2022 11:04:04 PM,-1.31
10103,4/9/2022 11:04:08 PM,-1.31
10103,4/9/2022 11:04:12 PM,-1.98
10103,4/9/2022 11:04:16 PM,-0.60
10103,4/9/2022 11:04:20 PM,-1.55
10103,4/9/2022 11:04:24 PM,-1.31
10103,4/9/2022 11:04:28 PM,-0.62
10103,4/9/2022 11:04:32 PM,-0.62
10103,4/9/2022 11:04:36 PM,-0.62
10103,4/9/2022 11:04:40 PM,-0.62
10103,4/9/2022 11:04:44 PM,-0.62
10103,4/9/2022 11:04:48 PM,-1.98
10103,4/9/2022 11:04:52 PM,-0.62
10103,4/9/2022 11:04:56 PM,-0.62
10103,4/9/2022 11:05:00 PM,-0.62
10103,4/9/2022 11:05:04 PM,-1.09
10103,4/9/2022 11:05:08 PM,-1.07
10103,4/9/2022 11:05:12 PM,-1.98
10103,4/9/2022 11:05:16 PM,-1.07
10103,4/9/2022 11:05:20 PM,-1.55
10103,4/9/2022 11:05:24 PM,-0.70
10103,4/9/2022 11:05:28 PM,-1.31
10103,4/9/2022 11:05:32 PM,-1.31
10103,4/9/2022 11:05:36 PM,0.05
10103,4/9/2022 11:05:40 PM,-1.31
10103,4/9/2022 11:05:44 PM,-0.41
10103,4/9/2022 11:05:48 PM,-1.30
10103,4/9/2022 11:05:52 PM,-0.62
10103,4/9/2022 11:05:56 PM,-1.07
10103,4/9/2022 11:06:00 PM,-1.98
10103,4/9/2022 11:06:04 PM,-0.62
10103,4/9/2022 11:06:08 PM,-0.62
10103,4/9/2022 11:06:12 PM,-0.62
10103,4/9/2022 11:06:16 PM,-0.62
10103,4/9/2022 11:06:20 PM,-0.62
10103,4/9/2022 11:06:24 PM,-1.30
10103,4/9/2022 11:06:28 PM,-1.31
10103,4/9/2022 11:06:32 PM,-0.86
10103,4/9/2022 11:06:36 PM,-1.30
10103,4/9/2022 11:06:40 PM,-1.31
10103,4/9/2022 11:06:44 PM,-1.31
10103,4/9/2022 11:06:48 PM,-0.63
10103,4/9/2022 11:06:52 PM,-0.62
10103,4/9/2022 11:06:56 PM,-0.62
10103,4/9/2022 11:07:00 PM,-0.62
10103,4/9/2022 11:07:04 PM,-0.62
10103,4/9/2022 11:07:08 PM,-0.62
10103,4/9/2022 11:07:12 PM,-1.30
10103,4/9/2022 11:07:16 PM,-0.62
10103,4/9/2022 11:07:20 PM,-0.62
10103,4/9/2022 11:07:24 PM,-1.23
10103,4/9/2022 11:07:28 PM,-1.09
10103,4/9/2022 11:07:32 PM,-1.08
10103,4/9/2022 11:07:36 PM,-0.63
10103,4/9/2022 11:07:40 PM,-0.85
10103,4/9/2022 11:07:44 PM,-1.31
10103,4/9/2022 11:07:48 PM,-1.31
10103,4/9/2022 11:07:52 PM,-1.09
10103,4/9/2022 11:07:56 PM,-0.62
10103,4/9/2022 11:08:00 PM,-0.62
10103,4/9/2022 11:08:04 PM,-1.09
10103,4/9/2022 11:08:08 PM,-0.62
10103,4/9/2022 11:08:12 PM,-1.30
10103,4/9/2022 11:08:16 PM,-1.53
10103,4/9/2022 11:08:20 PM,-0.65
10103,4/9/2022 11:08:24 PM,-0.62
10103,4/9/2022 11:08:28 PM,-1.06
10103,4/9/2022 11:08:32 PM,-1.55
10103,4/9/2022 11:08:36 PM,-0.63
10103,4/9/2022 11:08:40 PM,-1.06
10103,4/9/2022 11:08:44 PM,-1.10
10103,4/9/2022 11:08:48 PM,-0.62
10103,4/9/2022 11:08:52 PM,-1.07
10103,4/9/2022 11:08:56 PM,-1.99
10103,4/9/2022 11:09:00 PM,-1.99
10103,4/9/2022 11:09:04 PM,-1.31
10103,4/9/2022 11:09:08 PM,-1.31
10103,4/9/2022 11:09:12 PM,-0.64
10103,4/9/2022 11:09:16 PM,-1.55
10103,4/9/2022 11:09:20 PM,-1.07
10103,4/9/2022 11:09:24 PM,-0.70
10103,4/9/2022 11:09:28 PM,-1.09
10103,4/9/2022 11:09:32 PM,-0.62
10103,4/9/2022 11:09:36 PM,-1.99
10103,4/9/2022 11:09:40 PM,-0.85
10103,4/9/2022 11:09:44 PM,-1.76
10103,4/9/2022 11:09:48 PM,-0.63
10103,4/9/2022 11:09:52 PM,-1.31
10103,4/9/2022 11:09:56 PM,-0.86
10103,4/9/2022 11:10:00 PM,-2.67
10103,4/9/2022 11:10:04 PM,-1.53
10103,4/9/2022 11:10:08 PM,-1.54
10103,4/9/2022 11:10:12 PM,-0.63
10103,4/9/2022 11:10:16 PM,-0.85
10103,4/9/2022 11:10:20 PM,-0.86
10103,4/9/2022 11:10:24 PM,-1.31
10103,4/9/2022 11:10:28 PM,-0.85
10103,4/9/2022 11:10:32 PM,-1.31
10103,4/9/2022 11:10:36 PM,-1.31
10103,4/9/2022 11:10:40 PM,-0.62
10103,4/9/2022 11:10:44 PM,-0.62
10103,4/9/2022 11:10:48 PM,-1.99
10103,4/9/2022 11:10:52 PM,-1.31
10103,4/9/2022 11:10:56 PM,-1.31
10103,4/9/2022 11:11:00 PM,-1.31
10103,4/9/2022 11:11:04 PM,-1.53
10103,4/9/2022 11:11:08 PM,-1.54
10103,4/9/2022 11:11:12 PM,-1.31
10103,4/9/2022 11:11:16 PM,-0.85
10103,4/9/2022 11:11:20 PM,-1.31
10103,4/9/2022 11:11:24 PM,-1.31
10103,4/9/2022 11:11:28 PM,-1.56
10103,4/9/2022 11:11:32 PM,-0.62
10103,4/9/2022 11:11:36 PM,-1.31
10103,4/9/2022 11:11:40 PM,-0.62
10103,4/9/2022 11:11:44 PM,-1.52
10103,4/9/2022 11:11:48 PM,-1.99
10103,4/9/2022 11:11:52 PM,-1.77
10103,4/9/2022 11:11:56 PM,-1.76
10103,4/9/2022 11:12:00 PM,-1.31
10103,4/9/2022 11:12:04 PM,-1.77
10103,4/9/2022 11:12:08 PM,-1.31
10103,4/9/2022 11:12:12 PM,-1.31
10103,4/9/2022 11:12:16 PM,-0.85
10103,4/9/2022 11:12:20 PM,-0.86
10103,4/9/2022 11:12:24 PM,-1.99
10103,4/9/2022 11:12:28 PM,-1.31
10103,4/9/2022 11:12:32 PM,-0.86
10103,4/9/2022 11:12:36 PM,-1.99
10103,4/9/2022 11:12:40 PM,-1.53
10103,4/9/2022 11:12:44 PM,-1.55
10103,4/9/2022 11:12:48 PM,-0.63
10103,4/9/2022 11:12:52 PM,-1.53
10103,4/9/2022 11:12:56 PM,-1.55
10103,4/9/2022 11:13:00 PM,-0.63
10103,4/9/2022 11:13:04 PM,-1.53
10103,4/9/2022 11:13:08 PM,-1.99
10103,4/9/2022 11:13:12 PM,-1.32
10103,4/9/2022 11:13:16 PM,-1.53
10103,4/9/2022 11:13:20 PM,-1.54
10103,4/9/2022 11:13:24 PM,-1.31
10103,4/9/2022 11:13:28 PM,-2.14
10103,4/9/2022 11:13:32 PM,-1.78
10103,4/9/2022 11:13:36 PM,-1.99
10103,4/9/2022 11:13:40 PM,-1.29
10103,4/9/2022 11:13:44 PM,-2.23
10103,4/9/2022 11:13:48 PM,-1.31
10103,4/9/2022 11:13:52 PM,-1.09
10103,4/9/2022 11:13:56 PM,-1.07
10103,4/9/2022 11:14:00 PM,-1.99
10103,4/9/2022 11:14:04 PM,-1.53
10103,4/9/2022 11:14:08 PM,-1.54
10103,4/9/2022 11:14:12 PM,-1.31
10103,4/9/2022 11:14:16 PM,-1.09
10103,4/9/2022 11:14:20 PM,-1.52
10103,4/9/2022 11:14:24 PM,-1.31
10103,4/9/2022 11:14:28 PM,-1.53
10103,4/9/2022 11:14:32 PM,-1.10
10103,4/9/2022 11:14:36 PM,-1.98
10103,4/9/2022 11:14:40 PM,-1.53
10103,4/9/2022 11:14:44 PM,-1.99
10103,4/9/2022 11:14:48 PM,-2.67
10103,4/9/2022 11:14:52 PM,-1.53
10103,4/9/2022 11:14:56 PM,-1.10
10103,4/9/2022 11:15:00 PM,-1.30
10103,4/9/2022 11:15:04 PM,-1.31
10103,4/9/2022 11:15:08 PM,-1.76
10103,4/9/2022 11:15:12 PM,-1.32
10103,4/9/2022 11:15:16 PM,-0.84
10103,4/9/2022 11:15:20 PM,-1.31
10103,4/9/2022 11:15:24 PM,-1.99
10103,4/9/2022 11:15:28 PM,-1.31
10103,4/9/2022 11:15:32 PM,-1.76
10103,4/9/2022 11:15:36 PM,-1.31
10103,4/9/2022 11:15:40 PM,-1.55
10103,4/9/2022 11:15:44 PM,-1.07
10103,4/9/2022 11:15:48 PM,-0.63
10103,4/9/2022 11:15:52 PM,-2.24
10103,4/9/2022 11:15:56 PM,-0.86
10103,4/9/2022 11:16:00 PM,-1.30
10103,4/9/2022 11:16:04 PM,-1.31
10103,4/9/2022 11:16:08 PM,-1.31
10103,4/9/2022 11:16:12 PM,-1.31
10103,4/9/2022 11:16:16 PM,-1.31
10103,4/9/2022 11:16:20 PM,-1.31
10103,4/9/2022 11:16:24 PM,-1.31
10103,4/9/2022 11:16:28 PM,-1.53
10103,4/9/2022 11:16:32 PM,-1.54
10103,4/9/2022 11:16:36 PM,-1.99
10103,4/9/2022 11:16:40 PM,-2.46
10103,4/9/2022 11:16:44 PM,-1.55
10103,4/9/2022 11:16:48 PM,-0.63
10103,4/9/2022 11:16:52 PM,-1.09
10103,4/9/2022 11:16:56 PM,-1.52
10103,4/9/2022 11:17:00 PM,-1.32
10103,4/9/2022 11:17:04 PM,-1.06
10103,4/9/2022 11:17:08 PM,-1.55
10103,4/9/2022 11:17:12 PM,-1.98
10103,4/9/2022 11:17:16 PM,-1.55
10103,4/9/2022 11:17:20 PM,-1.52
10103,4/9/2022 11:17:24 PM,-1.32
10103,4/9/2022 11:17:28 PM,-0.81
10103,4/9/2022 11:17:32 PM,-1.31
10103,4/9/2022 11:17:36 PM,-0.63
10103,4/9/2022 11:17:40 PM,-1.53
10103,4/9/2022 11:17:44 PM,-1.55
10103,4/9/2022 11:17:48 PM,-1.31
10103,4/9/2022 11:17:52 PM,-2.02
10103,4/9/2022 11:17:56 PM,-0.62
10103,4/9/2022 11:18:00 PM,-1.30
10103,4/9/2022 11:18:04 PM,-1.75
10103,4/9/2022 11:18:08 PM,-1.33
10103,4/9/2022 11:18:12 PM,-1.30
10103,4/9/2022 11:18:16 PM,-1.31
10103,4/9/2022 11:18:20 PM,-1.31
10103,4/9/2022 11:18:24 PM,-1.31
10103,4/9/2022 11:18:28 PM,-1.55
10103,4/9/2022 11:18:32 PM,-1.98
10103,4/9/2022 11:18:36 PM,-1.32
10103,4/9/2022 11:18:40 PM,-1.09
10103,4/9/2022 11:18:44 PM,-1.07
10103,4/9/2022 11:18:48 PM,-1.99
10103,4/9/2022 11:18:52 PM,-1.55
10103,4/9/2022 11:18:56 PM,-0.62
10103,4/9/2022 11:19:00 PM,-1.31
10103,4/9/2022 11:19:04 PM,-1.77
10103,4/9/2022 11:19:08 PM,-1.31
10103,4/9/2022 11:19:12 PM,-1.31
10103,4/9/2022 11:19:16 PM,-1.07
10103,4/9/2022 11:19:20 PM,-1.09
10103,4/9/2022 11:19:24 PM,-0.62
10103,4/9/2022 11:19:28 PM,-0.62
10103,4/9/2022 11:19:32 PM,-1.07
10103,4/9/2022 11:19:36 PM,-0.72
10103,4/9/2022 11:19:40 PM,-1.07
10103,4/9/2022 11:19:44 PM,-1.09
10103,4/9/2022 11:19:48 PM,-1.99
10103,4/9/2022 11:19:52 PM,-1.31
10103,4/9/2022 11:19:56 PM,-1.31
10103,4/9/2022 11:20:00 PM,-0.63
10103,4/9/2022 11:20:04 PM,-0.85
10103,4/9/2022 11:20:08 PM,-1.31
10103,4/9/2022 11:20:12 PM,-1.31
10103,4/9/2022 11:20:16 PM,-0.85
10103,4/9/2022 11:20:20 PM,-0.86
10103,4/9/2022 11:20:24 PM,-1.99
10103,4/9/2022 11:20:28 PM,-0.85
10103,4/9/2022 11:20:32 PM,-2.21
10103,4/9/2022 11:20:36 PM,-1.32
10103,4/9/2022 11:20:40 PM,-1.31
10103,4/9/2022 11:20:44 PM,-1.31
10103,4/9/2022 11:20:48 PM,-0.63
10103,4/9/2022 11:20:52 PM,-1.31
10103,4/9/2022 11:20:56 PM,-0.86
10103,4/9/2022 11:21:00 PM,-0.62
10103,4/9/2022 11:21:04 PM,-0.85
10103,4/9/2022 11:21:08 PM,-1.31
10103,4/9/2022 11:21:12 PM,0.04
10103,4/9/2022 11:21:16 PM,-1.09
10103,4/9/2022 11:21:20 PM,-1.53
10103,4/9/2022 11:21:24 PM,-1.31
10103,4/9/2022 11:21:28 PM,-1.31
10103,4/9/2022 11:21:32 PM,-1.31
10103,4/9/2022 11:21:36 PM,-1.31
10103,4/9/2022 11:21:40 PM,-1.09
10103,4/9/2022 11:21:44 PM,-1.07
10103,4/9/2022 11:21:48 PM,-0.63
10103,4/9/2022 11:21:52 PM,-2.22
10103,4/9/2022 11:21:56 PM,-1.34
10103,4/9/2022 11:22:00 PM,-0.62
10103,4/9/2022 11:22:04 PM,-0.85
10103,4/9/2022 11:22:08 PM,-1.31
10103,4/9/2022 11:22:12 PM,-1.31
10103,4/9/2022 11:22:16 PM,-1.77
10103,4/9/2022 11:22:20 PM,-1.31
10103,4/9/2022 11:22:24 PM,-1.31
10103,4/9/2022 11:22:28 PM,-1.53
10103,4/9/2022 11:22:32 PM,-1.54
10103,4/9/2022 11:22:36 PM,-1.99
10103,4/9/2022 11:22:40 PM,-1.53
10103,4/9/2022 11:22:44 PM,-1.10
10103,4/9/2022 11:22:48 PM,-2.66
10103,4/9/2022 11:22:52 PM,-0.62
10103,4/9/2022 11:22:56 PM,-1.07
10103,4/9/2022 11:23:00 PM,-0.63
10103,4/9/2022 11:23:04 PM,-1.09
10103,4/9/2022 11:23:08 PM,-1.97
10103,4/9/2022 11:23:12 PM,-1.33
10103,4/9/2022 11:23:16 PM,-1.09
10103,4/9/2022 11:23:20 PM,-1.08
10103,4/9/2022 11:23:24 PM,-0.63
10103,4/9/2022 11:23:28 PM,-1.31
10103,4/9/2022 11:23:32 PM,-1.31
10103,4/9/2022 11:23:36 PM,-1.99
10103,4/9/2022 11:23:40 PM,-1.77
10103,4/9/2022 11:23:44 PM,-1.31
10103,4/9/2022 11:23:48 PM,-1.31
10103,4/9/2022 11:23:52 PM,-1.07
10103,4/9/2022 11:23:56 PM,-1.55
10103,4/9/2022 11:24:00 PM,-1.31
10103,4/9/2022 11:24:04 PM,-1.09
10103,4/9/2022 11:24:08 PM,-0.62
10103,4/9/2022 11:24:12 PM,-1.98
10103,4/9/2022 11:24:16 PM,-0.85
10103,4/9/2022 11:24:20 PM,-0.86
10103,4/9/2022 11:24:24 PM,-1.30
10103,4/9/2022 11:24:28 PM,-0.62
10103,4/9/2022 11:24:32 PM,-1.52
10103,4/9/2022 11:24:36 PM,-1.31
10103,4/9/2022 11:24:40 PM,-0.62
10103,4/9/2022 11:24:44 PM,-1.07
10103,4/9/2022 11:24:48 PM,-1.31
10103,4/9/2022 11:24:52 PM,-1.31
10103,4/9/2022 11:24:56 PM,-1.76
10103,4/9/2022 11:25:00 PM,-0.64
10103,4/9/2022 11:25:04 PM,-0.62
10103,4/9/2022 11:25:08 PM,-1.07
10103,4/9/2022 11:25:12 PM,-1.99
10103,4/9/2022 11:25:16 PM,-1.55
10103,4/9/2022 11:25:20 PM,-1.07
10103,4/9/2022 11:25:24 PM,-1.31
10103,4/9/2022 11:25:28 PM,-1.56
10103,4/9/2022 11:25:32 PM,-0.62
10103,4/9/2022 11:25:36 PM,-0.62
10103,4/9/2022 11:25:40 PM,-0.62
10103,4/9/2022 11:25:44 PM,-1.07
10103,4/9/2022 11:25:48 PM,-0.63
10103,4/9/2022 11:25:52 PM,-0.62
10103,4/9/2022 11:25:56 PM,-1.07
10103,4/9/2022 11:26:00 PM,-1.99
10103,4/9/2022 11:26:04 PM,-2.01
10103,4/9/2022 11:26:08 PM,-1.07
10103,4/9/2022 11:26:12 PM,-0.63
10103,4/9/2022 11:26:16 PM,-1.31
10103,4/9/2022 11:26:20 PM,-0.41
10103,4/9/2022 11:26:24 PM,-0.62
10103,4/9/2022 11:26:28 PM,-1.06
10103,4/9/2022 11:26:32 PM,-1.55
10103,4/9/2022 11:26:36 PM,-1.31
10103,4/9/2022 11:26:40 PM,-0.84
10103,4/9/2022 11:26:44 PM,-1.76
10103,4/9/2022 11:26:48 PM,-1.99
10103,4/9/2022 11:26:52 PM,-1.31
10103,4/9/2022 11:26:56 PM,-0.86
10103,4/9/2022 11:27:00 PM,-0.62
10103,4/9/2022 11:27:04 PM,-1.31
10103,4/9/2022 11:27:08 PM,-1.31
10103,4/9/2022 11:27:12 PM,-0.63
10103,4/9/2022 11:27:16 PM,-0.62
10103,4/9/2022 11:27:20 PM,-0.18
10103,4/9/2022 11:27:24 PM,-1.98
10103,4/9/2022 11:27:28 PM,-1.78
10103,4/9/2022 11:27:32 PM,-2.21
10103,4/9/2022 11:27:36 PM,-0.64
10103,4/9/2022 11:27:40 PM,-1.31
10103,4/9/2022 11:27:44 PM,-1.31
10103,4/9/2022 11:27:48 PM,-1.31
10103,4/9/2022 11:27:52 PM,-0.84
10103,4/9/2022 11:27:56 PM,-1.31
10103,4/9/2022 11:28:00 PM,-1.31
10103,4/9/2022 11:28:04 PM,-1.31
10103,4/9/2022 11:28:08 PM,-0.86
10103,4/9/2022 11:28:12 PM,-1.30
10103,4/9/2022 11:28:16 PM,-1.56
10103,4/9/2022 11:28:20 PM,-1.07
10103,4/9/2022 11:28:24 PM,-1.99
10103,4/9/2022 11:28:28 PM,-1.78
10103,4/9/2022 11:28:32 PM,-1.31
10103,4/9/2022 11:28:36 PM,-1.31
10103,4/9/2022 11:28:40 PM,-1.53
10103,4/9/2022 11:28:44 PM,-1.10
10103,4/9/2022 11:28:48 PM,-1.98
10103,4/9/2022 11:28:52 PM,-0.62
10103,4/9/2022 11:28:56 PM,-0.62
10103,4/9/2022 11:29:00 PM,-0.62
10103,4/9/2022 11:29:04 PM,-1.31
10103,4/9/2022 11:29:08 PM,-1.76
10103,4/9/2022 11:29:12 PM,-1.32
10103,4/9/2022 11:29:16 PM,-0.85
10103,4/9/2022 11:29:20 PM,-1.31
10103,4/9/2022 11:29:24 PM,-0.63
10103,4/9/2022 11:29:28 PM,-0.62
10103,4/9/2022 11:29:32 PM,-1.07
10103,4/9/2022 11:29:36 PM,-0.63
10103,4/9/2022 11:29:40 PM,-0.81
10103,4/9/2022 11:29:44 PM,-1.31
10103,4/9/2022 11:29:48 PM,-1.99
10103,4/9/2022 11:29:52 PM,-1.53
10103,4/9/2022 11:29:56 PM,-1.99
10103,4/9/2022 11:30:00 PM,-1.31
10103,4/9/2022 11:30:04 PM,-1.09
10103,4/9/2022 11:30:08 PM,-0.62
10103,4/9/2022 11:30:12 PM,-1.30
10103,4/9/2022 11:30:16 PM,-1.53
10103,4/9/2022 11:30:20 PM,-1.99
10103,4/9/2022 11:30:24 PM,-1.32
10103,4/9/2022 11:30:28 PM,-1.09
10103,4/9/2022 11:30:32 PM,-0.62
10103,4/9/2022 11:30:36 PM,-0.62
10103,4/9/2022 11:30:40 PM,-1.31
10103,4/9/2022 11:30:44 PM,-2.20
10103,4/9/2022 11:30:48 PM,-2.00
10103,4/9/2022 11:30:52 PM,-1.09
10103,4/9/2022 11:30:56 PM,-1.07
10103,4/9/2022 11:31:00 PM,-0.63
10103,4/9/2022 11:31:04 PM,-1.77
10103,4/9/2022 11:31:08 PM,-1.31
10103,4/9/2022 11:31:12 PM,-1.31
10103,4/9/2022 11:31:16 PM,-0.85
10103,4/9/2022 11:31:20 PM,-1.76
10103,4/9/2022 11:31:24 PM,-1.31
10103,4/9/2022 11:31:28 PM,-0.84
10103,4/9/2022 11:31:32 PM,-1.31
10103,4/9/2022 11:31:36 PM,-1.31
10103,4/9/2022 11:31:40 PM,-1.31
10103,4/9/2022 11:31:44 PM,-0.86
10103,4/9/2022 11:31:48 PM,-1.31
10103,4/9/2022 11:31:52 PM,-1.99
10103,4/9/2022 11:31:56 PM,-1.10
10103,4/9/2022 11:32:00 PM,-1.99
10103,4/9/2022 11:32:04 PM,-1.76
10103,4/9/2022 11:32:08 PM,-1.78
10103,4/9/2022 11:32:12 PM,-1.31
10103,4/9/2022 11:32:16 PM,-1.99
10103,4/9/2022 11:32:20 PM,-1.54
10103,4/9/2022 11:32:24 PM,-1.99
10103,4/9/2022 11:32:28 PM,-1.31
10103,4/9/2022 11:32:32 PM,-1.31
10103,4/9/2022 11:32:36 PM,-1.31
10103,4/9/2022 11:32:40 PM,-1.99
10103,4/9/2022 11:32:44 PM,-2.44
10103,4/9/2022 11:32:48 PM,-1.32
10103,4/9/2022 11:32:52 PM,-0.85
10103,4/9/2022 11:32:56 PM,-1.31
10103,4/9/2022 11:33:00 PM,-1.31
10103,4/9/2022 11:33:04 PM,-1.31
10103,4/9/2022 11:33:08 PM,-1.31
10103,4/9/2022 11:33:12 PM,-0.63
10103,4/9/2022 11:33:16 PM,-1.31
10103,4/9/2022 11:33:20 PM,-0.86
10103,4/9/2022 11:33:24 PM,-1.31
10103,4/9/2022 11:33:28 PM,-1.77
10103,4/9/2022 11:33:32 PM,-1.31
10103,4/9/2022 11:33:36 PM,-1.31
10103,4/9/2022 11:33:40 PM,-1.31
10103,4/9/2022 11:33:44 PM,-0.86
10103,4/9/2022 11:33:48 PM,-0.62
10103,4/9/2022 11:33:52 PM,-1.31
10103,4/9/2022 11:33:56 PM,-2.20
10103,4/9/2022 11:34:00 PM,-1.32
10103,4/9/2022 11:34:04 PM,-1.31
10103,4/9/2022 11:34:08 PM,-1.31
10103,4/9/2022 11:34:12 PM,-1.31
10103,4/9/2022 11:34:16 PM,-0.85
10103,4/9/2022 11:34:20 PM,-1.31
10103,4/9/2022 11:34:24 PM,-0.63
10103,4/9/2022 11:34:28 PM,-1.09
10103,4/9/2022 11:34:32 PM,-1.08
10103,4/9/2022 11:34:36 PM,-1.31
10103,4/9/2022 11:34:40 PM,-1.09
10103,4/9/2022 11:34:44 PM,-1.07
10103,4/9/2022 11:34:48 PM,-1.99
10103,4/9/2022 11:34:52 PM,-1.31
10103,4/9/2022 11:34:56 PM,-1.31
10103,4/9/2022 11:35:00 PM,-0.63
10103,4/9/2022 11:35:04 PM,-1.31
10103,4/9/2022 11:35:08 PM,-1.31
10103,4/9/2022 11:35:12 PM,-1.31
10103,4/9/2022 11:35:16 PM,-1.53
10103,4/9/2022 11:35:20 PM,-1.09
10103,4/9/2022 11:35:24 PM,-1.30
10103,4/9/2022 11:35:28 PM,-1.53
10103,4/9/2022 11:35:32 PM,-1.55
10103,4/9/2022 11:35:36 PM,-0.63
10103,4/9/2022 11:35:40 PM,-0.85
10103,4/9/2022 11:35:44 PM,-1.71
10103,4/9/2022 11:35:48 PM,-1.32
10103,4/9/2022 11:35:52 PM,-1.09
10103,4/9/2022 11:35:56 PM,-1.51
10103,4/9/2022 11:36:00 PM,-1.31
10103,4/9/2022 11:36:04 PM,-0.62
10103,4/9/2022 11:36:08 PM,-1.07
10103,4/9/2022 11:36:12 PM,-1.99
10103,4/9/2022 11:36:16 PM,-1.09
10103,4/9/2022 11:36:20 PM,-1.07
10103,4/9/2022 11:36:24 PM,-1.31
10103,4/9/2022 11:36:28 PM,-1.75
10103,4/9/2022 11:36:32 PM,-1.78
10103,4/9/2022 11:36:36 PM,-1.31
10103,4/9/2022 11:36:40 PM,-1.31
10103,4/9/2022 11:36:44 PM,-1.31
10103,4/9/2022 11:36:48 PM,-1.99
10103,4/9/2022 11:36:52 PM,-1.77
10103,4/9/2022 11:36:56 PM,-0.86
10103,4/9/2022 11:37:00 PM,-1.30
10103,4/9/2022 11:37:04 PM,-1.09
10103,4/9/2022 11:37:08 PM,-1.07
10103,4/9/2022 11:37:12 PM,-1.31
10103,4/9/2022 11:37:16 PM,-1.31
10103,4/9/2022 11:37:20 PM,-1.76
10103,4/9/2022 11:37:24 PM,-1.31
10103,4/9/2022 11:37:28 PM,-1.09
10103,4/9/2022 11:37:32 PM,-1.07
10103,4/9/2022 11:37:36 PM,-1.99
10103,4/9/2022 11:37:40 PM,-1.99
10103,4/9/2022 11:37:44 PM,-1.99
10103,4/9/2022 11:37:48 PM,-1.99
10103,4/9/2022 11:37:52 PM,-1.53
10103,4/9/2022 11:37:56 PM,-1.55
10103,4/9/2022 11:38:00 PM,-1.31
10103,4/9/2022 11:38:04 PM,-1.53
10103,4/9/2022 11:38:08 PM,-1.09
10103,4/9/2022 11:38:12 PM,-1.98
10103,4/9/2022 11:38:16 PM,-1.99
10103,4/9/2022 11:38:20 PM,-1.55
10103,4/9/2022 11:38:24 PM,-1.31
10103,4/9/2022 11:38:28 PM,-1.31
10103,4/9/2022 11:38:32 PM,-1.31
10103,4/9/2022 11:38:36 PM,-1.31
10103,4/9/2022 11:38:40 PM,-1.06
10103,4/9/2022 11:38:44 PM,-1.55
10103,4/9/2022 11:38:48 PM,-1.31
10103,4/9/2022 11:38:52 PM,-1.99
10103,4/9/2022 11:38:56 PM,-1.55
10103,4/9/2022 11:39:00 PM,-1.31
10103,4/9/2022 11:39:04 PM,-1.31
10103,4/9/2022 11:39:08 PM,-1.31
10103,4/9/2022 11:39:12 PM,-1.31
10103,4/9/2022 11:39:16 PM,-1.09
10103,4/9/2022 11:39:20 PM,-1.07
10103,4/9/2022 11:39:24 PM,-1.31
10103,4/9/2022 11:39:28 PM,-1.31
10103,4/9/2022 11:39:32 PM,-1.31
10103,4/9/2022 11:39:36 PM,-1.99
10103,4/9/2022 11:39:40 PM,-1.09
10103,4/9/2022 11:39:44 PM,-1.02
10103,4/9/2022 11:39:48 PM,-1.31
10103,4/9/2022 11:39:52 PM,-0.84
10103,4/9/2022 11:39:56 PM,-1.75
10103,4/9/2022 11:40:00 PM,-1.31
10103,4/9/2022 11:40:04 PM,-2.24
10103,4/9/2022 11:40:08 PM,-1.31
10103,4/9/2022 11:40:12 PM,-1.98
10103,4/9/2022 11:40:16 PM,-1.31
10103,4/9/2022 11:40:20 PM,-1.76
10103,4/9/2022 11:40:24 PM,-2.67
10103,4/9/2022 11:40:28 PM,-1.52
10103,4/9/2022 11:40:32 PM,-2.44
10103,4/9/2022 11:40:36 PM,-1.32
10103,4/9/2022 11:40:40 PM,-1.31
10103,4/9/2022 11:40:44 PM,-1.76
10103,4/9/2022 11:40:48 PM,-1.99
10103,4/9/2022 11:40:52 PM,-1.53
10103,4/9/2022 11:40:56 PM,-1.55
10103,4/9/2022 11:41:00 PM,-1.99
10103,4/9/2022 11:41:04 PM,-1.77
10103,4/9/2022 11:41:08 PM,-1.31
10103,4/9/2022 11:41:12 PM,-1.31
10103,4/9/2022 11:41:16 PM,-1.31
10103,4/9/2022 11:41:20 PM,-1.31
10103,4/9/2022 11:41:24 PM,-1.31
10103,4/9/2022 11:41:28 PM,-1.74
10103,4/9/2022 11:41:32 PM,-1.78
10103,4/9/2022 11:41:36 PM,-1.31
10103,4/9/2022 11:41:40 PM,-1.31
10103,4/9/2022 11:41:44 PM,-2.21
10103,4/9/2022 11:41:48 PM,-1.32
10103,4/9/2022 11:41:52 PM,-1.53
10103,4/9/2022 11:41:56 PM,-1.55
10103,4/9/2022 11:42:00 PM,-1.31
10103,4/9/2022 11:42:04 PM,-1.77
10103,4/9/2022 11:42:08 PM,-1.76
10103,4/9/2022 11:42:12 PM,-1.32
10103,4/9/2022 11:42:16 PM,-1.68
10103,4/9/2022 11:42:20 PM,-2.29
10103,4/9/2022 11:42:24 PM,-1.32
10103,4/9/2022 11:42:28 PM,-1.53
10103,4/9/2022 11:42:32 PM,-1.99
10103,4/9/2022 11:42:36 PM,-1.99
10103,4/9/2022 11:42:40 PM,-1.06
10103,4/9/2022 11:42:44 PM,-1.55
10103,4/9/2022 11:42:48 PM,-1.31
10103,4/9/2022 11:42:52 PM,-1.99
10103,4/9/2022 11:42:56 PM,-1.55
10103,4/9/2022 11:43:00 PM,-1.31
10103,4/9/2022 11:43:04 PM,-2.21
10103,4/9/2022 11:43:08 PM,-2.23
10103,4/9/2022 11:43:12 PM,-1.32
10103,4/9/2022 11:43:16 PM,-1.99
10103,4/9/2022 11:43:20 PM,-1.55
10103,4/9/2022 11:43:24 PM,-1.31
10103,4/9/2022 11:43:28 PM,-1.99
10103,4/9/2022 11:43:32 PM,-1.99
10103,4/9/2022 11:43:36 PM,-1.99
10103,4/9/2022 11:43:40 PM,-1.75
10103,4/9/2022 11:43:44 PM,-1.78
10103,4/9/2022 11:43:48 PM,-1.31
10103,4/9/2022 11:43:52 PM,-1.99
10103,4/9/2022 11:43:56 PM,-1.55
10103,4/9/2022 11:44:00 PM,-0.63
10103,4/9/2022 11:44:04 PM,-1.31
10103,4/9/2022 11:44:08 PM,-1.76
10103,4/9/2022 11:44:12 PM,-1.32
10103,4/9/2022 11:44:16 PM,-1.09
10103,4/9/2022 11:44:20 PM,-1.52
10103,4/9/2022 11:44:24 PM,-1.99
10103,4/9/2022 11:44:28 PM,-1.99
10103,4/9/2022 11:44:32 PM,-1.55
10103,4/9/2022 11:44:36 PM,-1.99
10103,4/9/2022 11:44:40 PM,-1.31
10103,4/9/2022 11:44:44 PM,-1.76
10103,4/9/2022 11:44:48 PM,-1.99
10103,4/9/2022 11:44:52 PM,-1.31
10103,4/9/2022 11:44:56 PM,-1.75
10103,4/9/2022 11:45:00 PM,-1.32
10103,4/9/2022 11:45:04 PM,-1.09
10103,4/9/2022 11:45:08 PM,-1.07
10103,4/9/2022 11:45:12 PM,-1.31
10103,4/9/2022 11:45:16 PM,-1.75
10103,4/9/2022 11:45:20 PM,-2.23
10103,4/9/2022 11:45:24 PM,-1.99
10103,4/9/2022 11:45:28 PM,-1.77
10103,4/9/2022 11:45:32 PM,-2.21
10103,4/9/2022 11:45:36 PM,-2.00
10103,4/9/2022 11:45:40 PM,-1.99
10103,4/9/2022 11:45:44 PM,-1.54
10103,4/9/2022 11:45:48 PM,-1.91
10103,4/9/2022 11:45:52 PM,-1.77
10103,4/9/2022 11:45:56 PM,-1.31
10103,4/9/2022 11:46:00 PM,-1.31
10103,4/9/2022 11:46:04 PM,-1.99
10103,4/9/2022 11:46:08 PM,-1.99
10103,4/9/2022 11:46:12 PM,-1.99
10103,4/9/2022 11:46:16 PM,-1.77
10103,4/9/2022 11:46:20 PM,-1.76
10103,4/9/2022 11:46:24 PM,-1.99
10103,4/9/2022 11:46:28 PM,-1.75
10103,4/9/2022 11:46:32 PM,-1.79
10103,4/9/2022 11:46:36 PM,-2.67
10103,4/9/2022 11:46:40 PM,-1.75
10103,4/9/2022 11:46:44 PM,-1.78
10103,4/9/2022 11:46:48 PM,-1.99
10103,4/9/2022 11:46:52 PM,-1.31
10103,4/9/2022 11:46:56 PM,-1.31
10103,4/9/2022 11:47:00 PM,-1.99
10103,4/9/2022 11:47:04 PM,-2.46
10103,4/9/2022 11:47:08 PM,-1.99
10103,4/9/2022 11:47:12 PM,-1.32
10103,4/9/2022 11:47:16 PM,-1.31
10103,4/9/2022 11:47:20 PM,-1.31
10103,4/9/2022 11:47:24 PM,-1.31
10103,4/9/2022 11:47:28 PM,-1.09
10103,4/9/2022 11:47:32 PM,-1.07
10103,4/9/2022 11:47:36 PM,-1.31
10103,4/9/2022 11:47:40 PM,-1.77
10103,4/9/2022 11:47:44 PM,-1.75
10103,4/9/2022 11:47:48 PM,-2.67
10103,4/9/2022 11:47:52 PM,-0.78
10103,4/9/2022 11:47:56 PM,-1.76
10103,4/9/2022 11:48:00 PM,-1.31
10103,4/9/2022 11:48:04 PM,-1.77
10103,4/9/2022 11:48:08 PM,-1.76
10103,4/9/2022 11:48:12 PM,-1.32
10103,4/9/2022 11:48:16 PM,-1.77
10103,4/9/2022 11:48:20 PM,-1.76
10103,4/9/2022 11:48:24 PM,-1.31
10103,4/9/2022 11:48:28 PM,-2.21
10103,4/9/2022 11:48:32 PM,-1.78
10103,4/9/2022 11:48:36 PM,-1.31
10103,4/9/2022 11:48:40 PM,-1.28
10103,4/9/2022 11:48:44 PM,-1.78
10103,4/9/2022 11:48:48 PM,-0.63
10103,4/9/2022 11:48:52 PM,-1.07
10103,4/9/2022 11:48:56 PM,-1.55
10103,4/9/2022 11:49:00 PM,-1.99
10103,4/9/2022 11:49:04 PM,-1.77
10103,4/9/2022 11:49:08 PM,-1.76
10103,4/9/2022 11:49:12 PM,-1.99
10103,4/9/2022 11:49:16 PM,-1.31
10103,4/9/2022 11:49:20 PM,-1.31
10103,4/9/2022 11:49:24 PM,-1.99
10103,4/9/2022 11:49:28 PM,-1.31
10103,4/9/2022 11:49:32 PM,-1.31
10103,4/9/2022 11:49:36 PM,-1.99
10103,4/9/2022 11:49:40 PM,-1.53
10103,4/9/2022 11:49:44 PM,-1.99
10103,4/9/2022 11:49:48 PM,-1.99
10103,4/9/2022 11:49:52 PM,-1.99
10103,4/9/2022 11:49:56 PM,-2.44
10103,4/9/2022 11:50:00 PM,-1.32
10103,4/9/2022 11:50:04 PM,-1.31
10103,4/9/2022 11:50:08 PM,-0.86
10103,4/9/2022 11:50:12 PM,-1.98
10103,4/9/2022 11:50:16 PM,-1.53
10103,4/9/2022 11:50:20 PM,-1.55
10103,4/9/2022 11:50:24 PM,-1.31
10103,4/9/2022 11:50:28 PM,-1.77
10103,4/9/2022 11:50:32 PM,-1.76
10103,4/9/2022 11:50:36 PM,-1.31
10103,4/9/2022 11:50:40 PM,-2.21
10103,4/9/2022 11:50:44 PM,-1.78
10103,4/9/2022 11:50:48 PM,-1.99
10103,4/9/2022 11:50:52 PM,-1.31
10103,4/9/2022 11:50:56 PM,-1.76
10103,4/9/2022 11:51:00 PM,-2.67
10103,4/9/2022 11:51:04 PM,-1.55
10103,4/9/2022 11:51:08 PM,-1.52
10103,4/9/2022 11:51:12 PM,-1.32
10103,4/9/2022 11:51:16 PM,-1.53
10103,4/9/2022 11:51:20 PM,-1.99
10103,4/9/2022 11:51:24 PM,-1.99
10103,4/9/2022 11:51:28 PM,-1.09
10103,4/9/2022 11:51:32 PM,-1.07
10103,4/9/2022 11:51:36 PM,-1.99
10103,4/9/2022 11:51:40 PM,-1.75
10103,4/9/2022 11:51:44 PM,-1.78
10103,4/9/2022 11:51:48 PM,-1.31
10103,4/9/2022 11:51:52 PM,-1.31
10103,4/9/2022 11:51:56 PM,-1.76
10103,4/9/2022 11:52:00 PM,-1.99
10103,4/9/2022 11:52:04 PM,-1.99
10103,4/9/2022 11:52:08 PM,-1.54
10103,4/9/2022 11:52:12 PM,-1.31
10103,4/9/2022 11:52:16 PM,-1.31
10103,4/9/2022 11:52:20 PM,-1.76
10103,4/9/2022 11:52:24 PM,-1.32
10103,4/9/2022 11:52:28 PM,-1.28
10103,4/9/2022 11:52:32 PM,-1.78
10103,4/9/2022 11:52:36 PM,-1.31
10103,4/9/2022 11:52:40 PM,-1.53
10103,4/9/2022 11:52:44 PM,-1.99
10103,4/9/2022 11:52:48 PM,-1.99
10103,4/9/2022 11:52:52 PM,-1.99
10103,4/9/2022 11:52:56 PM,-1.99
10103,4/9/2022 11:53:00 PM,-1.32
10103,4/9/2022 11:53:04 PM,-1.99
10103,4/9/2022 11:53:08 PM,-1.99
10103,4/9/2022 11:53:12 PM,-1.32
10103,4/9/2022 11:53:16 PM,-2.03
10103,4/9/2022 11:53:20 PM,-1.52
10103,4/9/2022 11:53:24 PM,-1.99
10103,4/9/2022 11:53:28 PM,-1.78
10103,4/9/2022 11:53:32 PM,-1.31
10103,4/9/2022 11:53:36 PM,-2.67
10103,4/9/2022 11:53:40 PM,-1.31
10103,4/9/2022 11:53:44 PM,-2.21
10103,4/9/2022 11:53:48 PM,-1.32
10103,4/9/2022 11:53:52 PM,-1.53
10103,4/9/2022 11:53:56 PM,-1.55
10103,4/9/2022 11:54:00 PM,-1.31
10103,4/9/2022 11:54:04 PM,-1.55
10103,4/9/2022 11:54:08 PM,-1.97
10103,4/9/2022 11:54:12 PM,-2.00
10103,4/9/2022 11:54:16 PM,-2.24
10103,4/9/2022 11:54:20 PM,-1.76
10103,4/9/2022 11:54:24 PM,-1.99
10103,4/9/2022 11:54:28 PM,-0.62
10103,4/9/2022 11:54:32 PM,-1.97
10103,4/9/2022 11:54:36 PM,-1.32
10103,4/9/2022 11:54:40 PM,-1.99
10103,4/9/2022 11:54:44 PM,-1.99
10103,4/9/2022 11:54:48 PM,-1.99
10103,4/9/2022 11:54:52 PM,-1.77
10103,4/9/2022 11:54:56 PM,-1.31
10103,4/9/2022 11:55:00 PM,-0.63
10103,4/9/2022 11:55:04 PM,-1.99
10103,4/9/2022 11:55:08 PM,-1.99
10103,4/9/2022 11:55:12 PM,-1.99
10103,4/9/2022 11:55:16 PM,-1.99
10103,4/9/2022 11:55:20 PM,-1.99
10103,4/9/2022 11:55:24 PM,-1.32
10103,4/9/2022 11:55:28 PM,-1.31
10103,4/9/2022 11:55:32 PM,-1.31
10103,4/9/2022 11:55:36 PM,-1.31
10103,4/9/2022 11:55:40 PM,-1.74
10103,4/9/2022 11:55:44 PM,-1.79
10103,4/9/2022 11:55:48 PM,-1.31
10103,4/9/2022 11:55:52 PM,-1.78
10103,4/9/2022 11:55:56 PM,-1.31
10103,4/9/2022 11:56:00 PM,-1.31
10103,4/9/2022 11:56:04 PM,-2.46
10103,4/9/2022 11:56:08 PM,-1.55
10103,4/9/2022 11:56:12 PM,-2.66
10103,4/9/2022 11:56:16 PM,-1.99
10103,4/9/2022 11:56:20 PM,-1.55
10103,4/9/2022 11:56:24 PM,-1.99
10103,4/9/2022 11:56:28 PM,-1.31
10103,4/9/2022 11:56:32 PM,-1.31
10103,4/9/2022 11:56:36 PM,-1.31
10103,4/9/2022 11:56:40 PM,-2.24
10103,4/9/2022 11:56:44 PM,-1.76
10103,4/9/2022 11:56:48 PM,-1.99
10103,4/9/2022 11:56:52 PM,-1.31
10103,4/9/2022 11:56:56 PM,-1.76
10103,4/9/2022 11:57:00 PM,-2.68
10103,4/9/2022 11:57:04 PM,-1.53
10103,4/9/2022 11:57:08 PM,-2.44
10103,4/9/2022 11:57:12 PM,-2.68
10103,4/9/2022 11:57:16 PM,-2.23
10103,4/9/2022 11:57:20 PM,-1.76
10103,4/9/2022 11:57:24 PM,-1.31
10103,4/9/2022 11:57:28 PM,-2.21
10103,4/9/2022 11:57:32 PM,-1.78
10103,4/9/2022 11:57:36 PM,-1.99
10103,4/9/2022 11:57:40 PM,-1.75
10103,4/9/2022 11:57:44 PM,-1.80
10103,4/9/2022 11:57:48 PM,-2.67
10103,4/9/2022 11:57:52 PM,-1.77
10103,4/9/2022 11:57:56 PM,-1.31
10103,4/9/2022 11:58:00 PM,-1.96
10103,4/9/2022 11:58:04 PM,-2.68
10103,4/9/2022 11:58:08 PM,-1.78
10103,4/9/2022 11:58:12 PM,-1.31
10103,4/9/2022 11:58:16 PM,-1.31
10103,4/9/2022 11:58:20 PM,-1.76
10103,4/9/2022 11:58:24 PM,-1.99
10103,4/9/2022 11:58:28 PM,-1.53
10103,4/9/2022 11:58:32 PM,-2.45
10103,4/9/2022 11:58:36 PM,-2.00
10103,4/9/2022 11:58:40 PM,-1.31
10103,4/9/2022 11:58:44 PM,-2.21
10103,4/9/2022 11:58:48 PM,-0.64
10103,4/9/2022 11:58:52 PM,-2.22
10103,4/9/2022 11:58:56 PM,-2.68
10103,4/9/2022 11:59:00 PM,-1.32
10103,4/9/2022 11:59:04 PM,-2.44
10103,4/9/2022 11:59:08 PM,-2.01
10103,4/9/2022 11:59:12 PM,-1.99
10103,4/9/2022 11:59:16 PM,-1.53
10103,4/9/2022 11:59:20 PM,-1.99
10103,4/9/2022 11:59:24 PM,-1.31
10103,4/9/2022 11:59:28 PM,-1.77
10103,4/9/2022 11:59:32 PM,-1.76
10103,4/9/2022 11:59:36 PM,-1.99
10103,4/9/2022 11:59:40 PM,-1.99
10103,4/9/2022 11:59:44 PM,-1.54
10103,4/9/2022 11:59:48 PM,-1.31
10103,4/9/2022 11:59:52 PM,-1.31
10103,4/9/2022 11:59:56 PM,-1.31
10103,4/10/2022 12:00:00 AM,-1.31
10103,4/10/2022 12:00:04 AM,-1.31
10103,4/10/2022 12:00:08 AM,-2.21
10103,4/10/2022 12:00:12 AM,-2.00
10103,4/10/2022 12:00:16 AM,-1.99
10103,4/10/2022 12:00:20 AM,-1.99
10103,4/10/2022 12:00:24 AM,-1.99
10103,4/10/2022 12:00:28 AM,-1.31
10103,4/10/2022 12:00:32 AM,-1.76
10103,4/10/2022 12:00:36 AM,-1.99
10103,4/10/2022 12:00:40 AM,-1.99
10103,4/10/2022 12:00:44 AM,-1.55
10103,4/10/2022 12:00:48 AM,-1.31
10103,4/10/2022 12:00:52 AM,-1.99
10103,4/10/2022 12:00:56 AM,-1.55
10103,4/10/2022 12:01:00 AM,-1.31
10103,4/10/2022 12:01:04 AM,-1.75
10103,4/10/2022 12:01:08 AM,-2.68
10103,4/10/2022 12:01:12 AM,-2.00
10103,4/10/2022 12:01:16 AM,-1.77
10103,4/10/2022 12:01:20 AM,-1.76
10103,4/10/2022 12:01:24 AM,-1.31
10103,4/10/2022 12:01:28 AM,-1.53
10103,4/10/2022 12:01:32 AM,-2.44
10103,4/10/2022 12:01:36 AM,-2.00
10103,4/10/2022 12:01:40 AM,-1.77
10103,4/10/2022 12:01:44 AM,-1.76
10103,4/10/2022 12:01:48 AM,-2.67
10103,4/10/2022 12:01:52 AM,-1.53
10103,4/10/2022 12:01:56 AM,-1.55
10103,4/10/2022 12:02:00 AM,-2.67
10103,4/10/2022 12:02:04 AM,-2.22
10103,4/10/2022 12:02:08 AM,-2.23
10103,4/10/2022 12:02:12 AM,-1.32
10103,4/10/2022 12:02:16 AM,-1.99
10103,4/10/2022 12:02:20 AM,-1.59
10103,4/10/2022 12:02:24 AM,-1.99
10103,4/10/2022 12:02:28 AM,-2.21
10103,4/10/2022 12:02:32 AM,-2.23
10103,4/10/2022 12:02:36 AM,-1.31
10103,4/10/2022 12:02:40 AM,-1.31
10103,4/10/2022 12:02:44 AM,-1.76
10103,4/10/2022 12:02:48 AM,-1.31
10103,4/10/2022 12:02:52 AM,-1.09
10103,4/10/2022 12:02:56 AM,-1.07
10103,4/10/2022 12:03:00 AM,-1.31
10103,4/10/2022 12:03:04 AM,-1.99
10103,4/10/2022 12:03:08 AM,-1.55
10103,4/10/2022 12:03:12 AM,-1.31
10103,4/10/2022 12:03:16 AM,-1.31
10103,4/10/2022 12:03:20 AM,-1.76
10103,4/10/2022 12:03:24 AM,-0.63
10103,4/10/2022 12:03:28 AM,-1.31
10103,4/10/2022 12:03:32 AM,-1.76
10103,4/10/2022 12:03:36 AM,-2.67
10103,4/10/2022 12:03:40 AM,-1.75
10103,4/10/2022 12:03:44 AM,-2.68
10103,4/10/2022 12:03:48 AM,-1.32
10103,4/10/2022 12:03:52 AM,-0.85
10103,4/10/2022 12:03:56 AM,-1.31
10103,4/10/2022 12:04:00 AM,-0.63
10103,4/10/2022 12:04:04 AM,-1.31
10103,4/10/2022 12:04:08 AM,-0.86
10103,4/10/2022 12:04:12 AM,-0.62
10103,4/10/2022 12:04:16 AM,-1.77
10103,4/10/2022 12:04:20 AM,-0.86
10103,4/10/2022 12:04:24 AM,-1.30
10103,4/10/2022 12:04:28 AM,-1.77
10103,4/10/2022 12:04:32 AM,-1.76
10103,4/10/2022 12:04:36 AM,-1.31
10103,4/10/2022 12:04:40 AM,-1.77
10103,4/10/2022 12:04:44 AM,-1.31
10103,4/10/2022 12:04:48 AM,-1.31
10103,4/10/2022 12:04:52 AM,-1.53
10103,4/10/2022 12:04:56 AM,-1.55
10103,4/10/2022 12:05:00 AM,-0.63
10103,4/10/2022 12:05:04 AM,-1.77
10103,4/10/2022 12:05:08 AM,-0.86
10103,4/10/2022 12:05:12 AM,-1.30
10103,4/10/2022 12:05:16 AM,-1.31
10103,4/10/2022 12:05:20 AM,-1.31
10103,4/10/2022 12:05:24 AM,-2.67
10103,4/10/2022 12:05:28 AM,-2.24
10103,4/10/2022 12:05:32 AM,-1.31
10103,4/10/2022 12:05:36 AM,-1.99
10103,4/10/2022 12:05:40 AM,-1.31
10103,4/10/2022 12:05:44 AM,-1.76
10103,4/10/2022 12:05:48 AM,-1.32
10103,4/10/2022 12:05:52 AM,-1.53
10103,4/10/2022 12:05:56 AM,-1.55
10103,4/10/2022 12:06:00 AM,-1.99
10103,4/10/2022 12:06:04 AM,-1.31
10103,4/10/2022 12:06:08 AM,-1.76
10103,4/10/2022 12:06:12 AM,-1.32
10103,4/10/2022 12:06:16 AM,-1.78
10103,4/10/2022 12:06:20 AM,-2.20
10103,4/10/2022 12:06:24 AM,-2.00
10103,4/10/2022 12:06:28 AM,-1.78
10103,4/10/2022 12:06:32 AM,-1.76
10103,4/10/2022 12:06:36 AM,-1.99
10103,4/10/2022 12:06:40 AM,-1.53
10103,4/10/2022 12:06:44 AM,-1.55
10103,4/10/2022 12:06:48 AM,-1.99
10103,4/10/2022 12:06:52 AM,-1.53
10103,4/10/2022 12:06:56 AM,-1.99
10103,4/10/2022 12:07:00 AM,-2.67
10103,4/10/2022 12:07:04 AM,-2.46
10103,4/10/2022 12:07:08 AM,-1.55
10103,4/10/2022 12:07:12 AM,-1.98
10103,4/10/2022 12:07:16 AM,-1.53
10103,4/10/2022 12:07:20 AM,-1.55
10103,4/10/2022 12:07:24 AM,-0.63
10103,4/10/2022 12:07:28 AM,-1.31
10103,4/10/2022 12:07:32 AM,-0.86
10103,4/10/2022 12:07:36 AM,-1.30
10103,4/10/2022 12:07:40 AM,-2.21
10103,4/10/2022 12:07:44 AM,-2.25
10103,4/10/2022 12:07:48 AM,-1.32
10103,4/10/2022 12:07:52 AM,-2.21
10103,4/10/2022 12:07:56 AM,-1.79
10103,4/10/2022 12:08:00 AM,-1.31
10103,4/10/2022 12:08:04 AM,-1.99
10103,4/10/2022 12:08:08 AM,-1.55
10103,4/10/2022 12:08:12 AM,-1.31
10103,4/10/2022 12:08:16 AM,-1.75
10103,4/10/2022 12:08:20 AM,-2.23
10103,4/10/2022 12:08:24 AM,-2.67
10103,4/10/2022 12:08:28 AM,-2.21
10103,4/10/2022 12:08:32 AM,-1.78
10103,4/10/2022 12:08:36 AM,-1.99
10103,4/10/2022 12:08:40 AM,-1.28
10103,4/10/2022 12:08:44 AM,-1.79
10103,4/10/2022 12:08:48 AM,-1.31
10103,4/10/2022 12:08:52 AM,-1.75
10103,4/10/2022 12:08:56 AM,-1.79
10103,4/10/2022 12:09:00 AM,-1.31
10103,4/10/2022 12:09:04 AM,-1.53
10103,4/10/2022 12:09:08 AM,-1.55
10103,4/10/2022 12:09:12 AM,-1.31
10103,4/10/2022 12:09:16 AM,-1.99
10103,4/10/2022 12:09:20 AM,-2.44
10103,4/10/2022 12:09:24 AM,-1.32
10103,4/10/2022 12:09:28 AM,-1.99
10103,4/10/2022 12:09:32 AM,-1.99
10103,4/10/2022 12:09:36 AM,-2.67
10103,4/10/2022 12:09:40 AM,-1.99
10103,4/10/2022 12:09:44 AM,-1.99
10103,4/10/2022 12:09:48 AM,-2.67
10103,4/10/2022 12:09:52 AM,-1.78
10103,4/10/2022 12:09:56 AM,-1.76
10103,4/10/2022 12:10:00 AM,-2.67
10103,4/10/2022 12:10:04 AM,-1.53
10103,4/10/2022 12:10:08 AM,-1.55
10103,4/10/2022 12:10:12 AM,-1.31
10103,4/10/2022 12:10:16 AM,-1.53
10103,4/10/2022 12:10:20 AM,-1.60
10103,4/10/2022 12:10:24 AM,-1.31
10103,4/10/2022 12:10:28 AM,-2.24
10103,4/10/2022 12:10:32 AM,-1.76
10103,4/10/2022 12:10:36 AM,-1.99
10103,4/10/2022 12:10:40 AM,-1.53
10103,4/10/2022 12:10:44 AM,-1.99
10103,4/10/2022 12:10:48 AM,-2.68
10103,4/10/2022 12:10:52 AM,-1.77
10103,4/10/2022 12:10:56 AM,-0.86
10103,4/10/2022 12:11:00 AM,-1.99
10103,4/10/2022 12:11:04 AM,-1.77
10103,4/10/2022 12:11:08 AM,-1.76
10103,4/10/2022 12:11:12 AM,-1.99
10103,4/10/2022 12:11:16 AM,-1.77
10103,4/10/2022 12:11:20 AM,-1.31
10103,4/10/2022 12:11:24 AM,-0.63
10103,4/10/2022 12:11:28 AM,-1.31
10103,4/10/2022 12:11:32 AM,-2.21
10103,4/10/2022 12:11:36 AM,-2.00
10103,4/10/2022 12:11:40 AM,-1.53
10103,4/10/2022 12:11:44 AM,-1.99
10103,4/10/2022 12:11:48 AM,-1.31
10103,4/10/2022 12:11:52 AM,-1.55
10103,4/10/2022 12:11:56 AM,-1.52
10103,4/10/2022 12:12:00 AM,-2.67
10103,4/10/2022 12:12:04 AM,-1.55
10103,4/10/2022 12:12:08 AM,-1.08
10103,4/10/2022 12:12:12 AM,-1.31
10103,4/10/2022 12:12:16 AM,-2.22
10103,4/10/2022 12:12:20 AM,-2.23
10103,4/10/2022 12:12:24 AM,-2.67
10103,4/10/2022 12:12:28 AM,-1.99
10103,4/10/2022 12:12:32 AM,-1.54
10103,4/10/2022 12:12:36 AM,-1.99
10103,4/10/2022 12:12:40 AM,-1.31
10103,4/10/2022 12:12:44 AM,-1.74
10103,4/10/2022 12:12:48 AM,-2.67
10103,4/10/2022 12:12:52 AM,-1.76
10103,4/10/2022 12:12:56 AM,-1.78
10103,4/10/2022 12:13:00 AM,-2.67
10103,4/10/2022 12:13:04 AM,-1.53
10103,4/10/2022 12:13:08 AM,-2.44
10103,4/10/2022 12:13:12 AM,-2.00
10103,4/10/2022 12:13:16 AM,-1.77
10103,4/10/2022 12:13:20 AM,-1.31
10103,4/10/2022 12:13:24 AM,-1.31
10103,4/10/2022 12:13:28 AM,-2.21
10103,4/10/2022 12:13:32 AM,-2.23
10103,4/10/2022 12:13:36 AM,-1.99
10103,4/10/2022 12:13:40 AM,-1.31
10103,4/10/2022 12:13:44 AM,-1.31
10103,4/10/2022 12:13:48 AM,-1.31
10103,4/10/2022 12:13:52 AM,-2.24
10103,4/10/2022 12:13:56 AM,-1.31
10103,4/10/2022 12:14:00 AM,-1.31
10103,4/10/2022 12:14:04 AM,-1.77
10103,4/10/2022 12:14:08 AM,-1.31
10103,4/10/2022 12:14:12 AM,-1.99
10103,4/10/2022 12:14:16 AM,-1.31
10103,4/10/2022 12:14:20 AM,-1.76
10103,4/10/2022 12:14:24 AM,-1.99
10103,4/10/2022 12:14:28 AM,-1.77
10103,4/10/2022 12:14:32 AM,-1.76
10103,4/10/2022 12:14:36 AM,-2.67
10103,4/10/2022 12:14:40 AM,-1.99
10103,4/10/2022 12:14:44 AM,-1.99
10103,4/10/2022 12:14:48 AM,-1.99
10103,4/10/2022 12:14:52 AM,-1.50
10103,4/10/2022 12:14:56 AM,-1.59
10103,4/10/2022 12:15:00 AM,-1.99
10103,4/10/2022 12:15:04 AM,-1.99
10103,4/10/2022 12:15:08 AM,-2.44
10103,4/10/2022 12:15:12 AM,-1.33
10103,4/10/2022 12:15:16 AM,-1.99
10103,4/10/2022 12:15:20 AM,-2.44
10103,4/10/2022 12:15:24 AM,-2.00
10103,4/10/2022 12:15:28 AM,-1.78
10103,4/10/2022 12:15:32 AM,-1.76
10103,4/10/2022 12:15:36 AM,-1.31
10103,4/10/2022 12:15:40 AM,-0.85
10103,4/10/2022 12:15:44 AM,-1.76
10103,4/10/2022 12:15:48 AM,-1.31
10103,4/10/2022 12:15:52 AM,-1.99
10103,4/10/2022 12:15:56 AM,-1.99
10103,4/10/2022 12:16:00 AM,-1.99
10103,4/10/2022 12:16:04 AM,-1.77
10103,4/10/2022 12:16:08 AM,-1.76
10103,4/10/2022 12:16:12 AM,-1.32
10103,4/10/2022 12:16:16 AM,-2.92
10103,4/10/2022 12:16:20 AM,-1.99
10103,4/10/2022 12:16:24 AM,-1.40
10103,4/10/2022 12:16:28 AM,-1.53
10103,4/10/2022 12:16:32 AM,-1.54
10103,4/10/2022 12:16:36 AM,-1.99
10103,4/10/2022 12:16:40 AM,-1.75
10103,4/10/2022 12:16:44 AM,-2.23
10103,4/10/2022 12:16:48 AM,-1.99
10103,4/10/2022 12:16:52 AM,-1.31
10103,4/10/2022 12:16:56 AM,-1.31
10103,4/10/2022 12:17:00 AM,-1.99
10103,4/10/2022 12:17:04 AM,-1.53
10103,4/10/2022 12:17:08 AM,-1.55
10103,4/10/2022 12:17:12 AM,-1.31
10103,4/10/2022 12:17:16 AM,-1.77
10103,4/10/2022 12:17:20 AM,-1.31
10103,4/10/2022 12:17:24 AM,-1.31
10103,4/10/2022 12:17:28 AM,-1.31
10103,4/10/2022 12:17:32 AM,-1.31
10103,4/10/2022 12:17:36 AM,-1.31
10103,4/10/2022 12:17:40 AM,-1.53
10103,4/10/2022 12:17:44 AM,-1.99
10103,4/10/2022 12:17:48 AM,-1.99
10103,4/10/2022 12:17:52 AM,-1.99
10103,4/10/2022 12:17:56 AM,-1.99
10103,4/10/2022 12:18:00 AM,-2.67
10103,4/10/2022 12:18:04 AM,-1.75
10103,4/10/2022 12:18:08 AM,-1.78
10103,4/10/2022 12:18:12 AM,-1.98
10103,4/10/2022 12:18:16 AM,-1.99
10103,4/10/2022 12:18:20 AM,-2.44
10103,4/10/2022 12:18:24 AM,-2.68
10103,4/10/2022 12:18:28 AM,-2.46
10103,4/10/2022 12:18:32 AM,-1.54
10103,4/10/2022 12:18:36 AM,-1.31
10103,4/10/2022 12:18:40 AM,-1.77
10103,4/10/2022 12:18:44 AM,-1.31
10103,4/10/2022 12:18:48 AM,-1.31
10103,4/10/2022 12:18:52 AM,-1.31
10103,4/10/2022 12:18:56 AM,-1.31
10103,4/10/2022 12:19:00 AM,-1.31
10103,4/10/2022 12:19:04 AM,-1.53
10103,4/10/2022 12:19:08 AM,-1.55
10103,4/10/2022 12:19:12 AM,-1.31
10103,4/10/2022 12:19:16 AM,-1.99
10103,4/10/2022 12:19:20 AM,-1.55
10103,4/10/2022 12:19:24 AM,-2.66
10103,4/10/2022 12:19:28 AM,-1.99
10103,4/10/2022 12:19:32 AM,-1.99
10103,4/10/2022 12:19:36 AM,-1.99
10103,4/10/2022 12:19:40 AM,-1.53
10103,4/10/2022 12:19:44 AM,-1.99
10103,4/10/2022 12:19:48 AM,-1.99
10103,4/10/2022 12:19:52 AM,-1.99
10103,4/10/2022 12:19:56 AM,-1.10
10103,4/10/2022 12:20:00 AM,-2.66
10103,4/10/2022 12:20:04 AM,-1.99
10103,4/10/2022 12:20:08 AM,-1.54
10103,4/10/2022 12:20:12 AM,-2.66
10103,4/10/2022 12:20:16 AM,-2.24
10103,4/10/2022 12:20:20 AM,-1.76
10103,4/10/2022 12:20:24 AM,-1.32
10103,4/10/2022 12:20:28 AM,-1.87
10103,4/10/2022 12:20:32 AM,-2.21
10103,4/10/2022 12:20:36 AM,-1.32
10103,4/10/2022 12:20:40 AM,-1.78
10103,4/10/2022 12:20:44 AM,-1.76
10103,4/10/2022 12:20:48 AM,-1.99
10103,4/10/2022 12:20:52 AM,-1.99
10103,4/10/2022 12:20:56 AM,-1.99
10103,4/10/2022 12:21:00 AM,-1.99
10103,4/10/2022 12:21:04 AM,-1.53
10103,4/10/2022 12:21:08 AM,-1.99
10103,4/10/2022 12:21:12 AM,-1.32
10103,4/10/2022 12:21:16 AM,-1.75
10103,4/10/2022 12:21:20 AM,-1.78
10103,4/10/2022 12:21:24 AM,-1.31
10103,4/10/2022 12:21:28 AM,-1.31
10103,4/10/2022 12:21:32 AM,-1.31
10103,4/10/2022 12:21:36 AM,-2.67
10103,4/10/2022 12:21:40 AM,-1.53
10103,4/10/2022 12:21:44 AM,-1.99
10103,4/10/2022 12:21:48 AM,-1.32
10103,4/10/2022 12:21:52 AM,-1.99
10103,4/10/2022 12:21:56 AM,-2.44
10103,4/10/2022 12:22:00 AM,-2.00
10103,4/10/2022 12:22:04 AM,-1.31
10103,4/10/2022 12:22:08 AM,-1.76
10103,4/10/2022 12:22:12 AM,-1.32
10103,4/10/2022 12:22:16 AM,-1.31
10103,4/10/2022 12:22:20 AM,-1.76
10103,4/10/2022 12:22:24 AM,-1.99
10103,4/10/2022 12:22:28 AM,-1.84
10103,4/10/2022 12:22:32 AM,-1.76
10103,4/10/2022 12:22:36 AM,-1.31
10103,4/10/2022 12:22:40 AM,-1.31
10103,4/10/2022 12:22:44 AM,-1.76
10103,4/10/2022 12:22:48 AM,-1.32
10103,4/10/2022 12:22:52 AM,-1.31
10103,4/10/2022 12:22:56 AM,-1.76
10103,4/10/2022 12:23:00 AM,-1.99
10103,4/10/2022 12:23:04 AM,-1.78
10103,4/10/2022 12:23:08 AM,-1.76
10103,4/10/2022 12:23:12 AM,-1.32
10103,4/10/2022 12:23:16 AM,-1.75
10103,4/10/2022 12:23:20 AM,-2.23
10103,4/10/2022 12:23:24 AM,-1.32
10103,4/10/2022 12:23:28 AM,-1.99
10103,4/10/2022 12:23:32 AM,-1.99
10103,4/10/2022 12:23:36 AM,-1.99
10103,4/10/2022 12:23:40 AM,-1.99
10103,4/10/2022 12:23:44 AM,-1.99
10103,4/10/2022 12:23:48 AM,-1.31
10103,4/10/2022 12:23:52 AM,-1.53
10103,4/10/2022 12:23:56 AM,-2.44
10103,4/10/2022 12:24:00 AM,-2.00
10103,4/10/2022 12:24:04 AM,-2.68
10103,4/10/2022 12:24:08 AM,-1.78
10103,4/10/2022 12:24:12 AM,-1.31
10103,4/10/2022 12:24:16 AM,-1.75
10103,4/10/2022 12:24:20 AM,-1.78
10103,4/10/2022 12:24:24 AM,-1.99
10103,4/10/2022 12:24:28 AM,-2.46
10103,4/10/2022 12:24:32 AM,-1.99
10103,4/10/2022 12:24:36 AM,-1.99
10103,4/10/2022 12:24:40 AM,-1.31
10103,4/10/2022 12:24:44 AM,-1.76
10103,4/10/2022 12:24:48 AM,-1.31
10103,4/10/2022 12:24:52 AM,-1.99
10103,4/10/2022 12:24:56 AM,-1.59
10103,4/10/2022 12:25:00 AM,-1.31
10103,4/10/2022 12:25:04 AM,-2.22
10103,4/10/2022 12:25:08 AM,-2.68
10103,4/10/2022 12:25:12 AM,-1.32
10103,4/10/2022 12:25:16 AM,-1.99
10103,4/10/2022 12:25:20 AM,-1.99
10103,4/10/2022 12:25:24 AM,-1.99
10103,4/10/2022 12:25:28 AM,-1.77
10103,4/10/2022 12:25:32 AM,-1.76
10103,4/10/2022 12:25:36 AM,-1.99
10103,4/10/2022 12:25:40 AM,-2.24
10103,4/10/2022 12:25:44 AM,-1.31
10103,4/10/2022 12:25:48 AM,-1.99
10103,4/10/2022 12:25:52 AM,-1.09
10103,4/10/2022 12:25:56 AM,-1.07
10103,4/10/2022 12:26:00 AM,-1.99
10103,4/10/2022 12:26:04 AM,-1.31
10103,4/10/2022 12:26:08 AM,-1.31
10103,4/10/2022 12:26:12 AM,-1.31
10103,4/10/2022 12:26:16 AM,-1.53
10103,4/10/2022 12:26:20 AM,-1.99
10103,4/10/2022 12:26:24 AM,-1.99
10103,4/10/2022 12:26:28 AM,-1.99
10103,4/10/2022 12:26:32 AM,-1.55
10103,4/10/2022 12:26:36 AM,-1.31
10103,4/10/2022 12:26:40 AM,-1.77
10103,4/10/2022 12:26:44 AM,-1.76
10103,4/10/2022 12:26:48 AM,-0.63
10103,4/10/2022 12:26:52 AM,-1.53
10103,4/10/2022 12:26:56 AM,-1.55
10103,4/10/2022 12:27:00 AM,-1.31
10103,4/10/2022 12:27:04 AM,-1.53
10103,4/10/2022 12:27:08 AM,-1.99
10103,4/10/2022 12:27:12 AM,-0.64
10103,4/10/2022 12:27:16 AM,-1.77
10103,4/10/2022 12:27:20 AM,-1.76
10103,4/10/2022 12:27:24 AM,-2.67
10103,4/10/2022 12:27:28 AM,-1.06
10103,4/10/2022 12:27:32 AM,-1.99
10103,4/10/2022 12:27:36 AM,-2.67
10103,4/10/2022 12:27:40 AM,-0.85
10103,4/10/2022 12:27:44 AM,-1.76
10103,4/10/2022 12:27:48 AM,-2.67
10103,4/10/2022 12:27:52 AM,-2.24
10103,4/10/2022 12:27:56 AM,-1.31
10103,4/10/2022 12:28:00 AM,-1.99
10103,4/10/2022 12:28:04 AM,-1.53
10103,4/10/2022 12:28:08 AM,-1.99
10103,4/10/2022 12:28:12 AM,-2.67
10103,4/10/2022 12:28:16 AM,-1.31
10103,4/10/2022 12:28:20 AM,-1.31
10103,4/10/2022 12:28:24 AM,-1.99
10103,4/10/2022 12:28:28 AM,-0.84
10103,4/10/2022 12:28:32 AM,-2.21
10103,4/10/2022 12:28:36 AM,-2.00
10103,4/10/2022 12:28:40 AM,-1.99
10103,4/10/2022 12:28:44 AM,-1.99
10103,4/10/2022 12:28:48 AM,-1.99
10103,4/10/2022 12:28:52 AM,-1.99
10103,4/10/2022 12:28:56 AM,-2.44
10103,4/10/2022 12:29:00 AM,-2.00
10103,4/10/2022 12:29:04 AM,-2.46
10103,4/10/2022 12:29:08 AM,-1.55
10103,4/10/2022 12:29:12 AM,-2.66
10103,4/10/2022 12:29:16 AM,-1.53
10103,4/10/2022 12:29:20 AM,-1.99
10103,4/10/2022 12:29:24 AM,-1.99
10103,4/10/2022 12:29:28 AM,-1.53
10103,4/10/2022 12:29:32 AM,-1.99
10103,4/10/2022 12:29:36 AM,-1.31
10103,4/10/2022 12:29:40 AM,-2.21
10103,4/10/2022 12:29:44 AM,-2.23
10103,4/10/2022 12:29:48 AM,-1.99
10103,4/10/2022 12:29:52 AM,-1.75
10103,4/10/2022 12:29:56 AM,-2.23
10103,4/10/2022 12:30:00 AM,-3.35
10103,4/10/2022 12:30:04 AM,-1.99
10103,4/10/2022 12:30:08 AM,-1.54
10103,4/10/2022 12:30:12 AM,-1.31
10103,4/10/2022 12:30:16 AM,-1.31
10103,4/10/2022 12:30:20 AM,-1.31
10103,4/10/2022 12:30:24 AM,-1.99
10103,4/10/2022 12:30:28 AM,-1.99
10103,4/10/2022 12:30:32 AM,-1.99
10103,4/10/2022 12:30:36 AM,-1.99
10103,4/10/2022 12:30:40 AM,-1.99
10103,4/10/2022 12:30:44 AM,-1.99
10103,4/10/2022 12:30:48 AM,-1.99
10103,4/10/2022 12:30:52 AM,-1.99
10103,4/10/2022 12:30:56 AM,-1.11
10103,4/10/2022 12:31:00 AM,-1.98
10103,4/10/2022 12:31:04 AM,-1.31
10103,4/10/2022 12:31:08 AM,-1.76
10103,4/10/2022 12:31:12 AM,-2.67
10103,4/10/2022 12:31:16 AM,-1.53
10103,4/10/2022 12:31:20 AM,-1.99
10103,4/10/2022 12:31:24 AM,-1.99
10103,4/10/2022 12:31:28 AM,-1.78
10103,4/10/2022 12:31:32 AM,-2.20
10103,4/10/2022 12:31:36 AM,-2.00
10103,4/10/2022 12:31:40 AM,-1.99
10103,4/10/2022 12:31:44 AM,-1.55
10103,4/10/2022 12:31:48 AM,-1.98
10103,4/10/2022 12:31:52 AM,-1.31
10103,4/10/2022 12:31:56 AM,-1.31
10103,4/10/2022 12:32:00 AM,-1.99
10103,4/10/2022 12:32:04 AM,-1.31
10103,4/10/2022 12:32:08 AM,-1.31
10103,4/10/2022 12:32:12 AM,-1.98
10103,4/10/2022 12:32:16 AM,-1.31
10103,4/10/2022 12:32:20 AM,-1.76
10103,4/10/2022 12:32:24 AM,-1.99
10103,4/10/2022 12:32:28 AM,-1.78
10103,4/10/2022 12:32:32 AM,-1.31
10103,4/10/2022 12:32:36 AM,-1.95
10103,4/10/2022 12:32:40 AM,-1.99
10103,4/10/2022 12:32:44 AM,-1.55
10103,4/10/2022 12:32:48 AM,-1.31
10103,4/10/2022 12:32:52 AM,-2.21
10103,4/10/2022 12:32:56 AM,-1.79
10103,4/10/2022 12:33:00 AM,-1.99
10103,4/10/2022 12:33:04 AM,-1.31
10103,4/10/2022 12:33:08 AM,-1.76
10103,4/10/2022 12:33:12 AM,-1.99
10103,4/10/2022 12:33:16 AM,-1.53
10103,4/10/2022 12:33:20 AM,-1.99
10103,4/10/2022 12:33:24 AM,-1.32
10103,4/10/2022 12:33:28 AM,-2.21
10103,4/10/2022 12:33:32 AM,-2.23
10103,4/10/2022 12:33:36 AM,-1.32
10103,4/10/2022 12:33:40 AM,-1.53
10103,4/10/2022 12:33:44 AM,-1.99
10103,4/10/2022 12:33:48 AM,-1.99
10103,4/10/2022 12:33:52 AM,-1.99
10103,4/10/2022 12:33:56 AM,-1.99
10103,4/10/2022 12:34:00 AM,-1.32
10103,4/10/2022 12:34:04 AM,-1.53
10103,4/10/2022 12:34:08 AM,-2.44
10103,4/10/2022 12:34:12 AM,-2.68
10103,4/10/2022 12:34:16 AM,-1.31
10103,4/10/2022 12:34:20 AM,-2.20
10103,4/10/2022 12:34:24 AM,-1.32
10103,4/10/2022 12:34:28 AM,-1.99
10103,4/10/2022 12:34:32 AM,-2.44
10103,4/10/2022 12:34:36 AM,-2.00
10103,4/10/2022 12:34:40 AM,-1.74
10103,4/10/2022 12:34:44 AM,-2.24
10103,4/10/2022 12:34:48 AM,-1.99
10103,4/10/2022 12:34:52 AM,-1.50
10103,4/10/2022 12:34:56 AM,-1.60
10103,4/10/2022 12:35:00 AM,-1.99
10103,4/10/2022 12:35:04 AM,-1.31
10103,4/10/2022 12:35:08 AM,-1.31
10103,4/10/2022 12:35:12 AM,-1.99
10103,4/10/2022 12:35:16 AM,-1.31
10103,4/10/2022 12:35:20 AM,-1.76
10103,4/10/2022 12:35:24 AM,-1.99
10103,4/10/2022 12:35:28 AM,-1.31
10103,4/10/2022 12:35:32 AM,-1.76
10103,4/10/2022 12:35:36 AM,-2.67
10103,4/10/2022 12:35:40 AM,-2.22
10103,4/10/2022 12:35:44 AM,-1.78
10103,4/10/2022 12:35:48 AM,-1.31
10103,4/10/2022 12:35:52 AM,-1.31
10103,4/10/2022 12:35:56 AM,-1.76
10103,4/10/2022 12:36:00 AM,-1.31
10103,4/10/2022 12:36:04 AM,-1.77
10103,4/10/2022 12:36:08 AM,-1.76
10103,4/10/2022 12:36:12 AM,-1.32
10103,4/10/2022 12:36:16 AM,-1.99
10103,4/10/2022 12:36:20 AM,-1.54
10103,4/10/2022 12:36:24 AM,-1.31
10103,4/10/2022 12:36:28 AM,-2.68
10103,4/10/2022 12:36:32 AM,-2.23
10103,4/10/2022 12:36:36 AM,-0.63
10103,4/10/2022 12:36:40 AM,-1.68
10103,4/10/2022 12:36:44 AM,-2.23
10103,4/10/2022 12:36:48 AM,-1.99
10103,4/10/2022 12:36:52 AM,-1.31
10103,4/10/2022 12:36:56 AM,-1.76
10103,4/10/2022 12:37:00 AM,-3.36
10103,4/10/2022 12:37:04 AM,-1.77
10103,4/10/2022 12:37:08 AM,-1.76
10103,4/10/2022 12:37:12 AM,-1.32
10103,4/10/2022 12:37:16 AM,-1.77
10103,4/10/2022 12:37:20 AM,-1.76
10103,4/10/2022 12:37:24 AM,-1.31
10103,4/10/2022 12:37:28 AM,-0.84
10103,4/10/2022 12:37:32 AM,-2.21
10103,4/10/2022 12:37:36 AM,-1.32
10103,4/10/2022 12:37:40 AM,-1.99
10103,4/10/2022 12:37:44 AM,-1.99
10103,4/10/2022 12:37:48 AM,-1.31
10103,4/10/2022 12:37:52 AM,-1.75
10103,4/10/2022 12:37:56 AM,-2.23
10103,4/10/2022 12:38:00 AM,-1.31
10103,4/10/2022 12:38:04 AM,-1.77
10103,4/10/2022 12:38:08 AM,-1.31
10103,4/10/2022 12:38:12 AM,-1.31
10103,4/10/2022 12:38:16 AM,-2.24
10103,4/10/2022 12:38:20 AM,-2.20
10103,4/10/2022 12:38:24 AM,-2.00
10103,4/10/2022 12:38:28 AM,-1.99
10103,4/10/2022 12:38:32 AM,-2.44
10103,4/10/2022 12:38:36 AM,-2.00
10103,4/10/2022 12:38:40 AM,-1.75
10103,4/10/2022 12:38:44 AM,-1.79
10103,4/10/2022 12:38:48 AM,-1.31
10103,4/10/2022 12:38:52 AM,-1.77
10103,4/10/2022 12:38:56 AM,-1.76
10103,4/10/2022 12:39:00 AM,-2.68
10103,4/10/2022 12:39:04 AM,-1.07
10103,4/10/2022 12:39:08 AM,-1.55
10103,4/10/2022 12:39:12 AM,-2.66
10103,4/10/2022 12:39:16 AM,-2.46
10103,4/10/2022 12:39:20 AM,-1.54
10103,4/10/2022 12:39:24 AM,-1.99
10103,4/10/2022 12:39:28 AM,-1.77
10103,4/10/2022 12:39:32 AM,-1.31
10103,4/10/2022 12:39:36 AM,-1.99
10103,4/10/2022 12:39:40 AM,-2.24
10103,4/10/2022 12:39:44 AM,-1.76
10103,4/10/2022 12:39:48 AM,-2.68
10103,4/10/2022 12:39:52 AM,-0.85
10103,4/10/2022 12:39:56 AM,-1.76
10103,4/10/2022 12:40:00 AM,-1.99
10103,4/10/2022 12:40:04 AM,-2.22
10103,4/10/2022 12:40:08 AM,-2.23
10103,4/10/2022 12:40:12 AM,-1.99
10103,4/10/2022 12:40:16 AM,-2.23
10103,4/10/2022 12:40:20 AM,-1.31
10103,4/10/2022 12:40:24 AM,-2.67
10103,4/10/2022 12:40:28 AM,-2.24
10103,4/10/2022 12:40:32 AM,-1.76
10103,4/10/2022 12:40:36 AM,-1.99
10103,4/10/2022 12:40:40 AM,-1.99
10103,4/10/2022 12:40:44 AM,-2.38
10103,4/10/2022 12:40:48 AM,-1.32
10103,4/10/2022 12:40:52 AM,-1.31
10103,4/10/2022 12:40:56 AM,-1.31
10103,4/10/2022 12:41:00 AM,-1.99
10103,4/10/2022 12:41:04 AM,-1.77
10103,4/10/2022 12:41:08 AM,-1.31
10103,4/10/2022 12:41:12 AM,-1.99
10103,4/10/2022 12:41:16 AM,-1.75
10103,4/10/2022 12:41:20 AM,-2.23
10103,4/10/2022 12:41:24 AM,-1.31
10103,4/10/2022 12:41:28 AM,-1.53
10103,4/10/2022 12:41:32 AM,-1.99
10103,4/10/2022 12:41:36 AM,-2.67
10103,4/10/2022 12:41:40 AM,-1.99
10103,4/10/2022 12:41:44 AM,-1.99
10103,4/10/2022 12:41:48 AM,-1.31
10103,4/10/2022 12:41:52 AM,-1.53
10103,4/10/2022 12:41:56 AM,-2.44
10103,4/10/2022 12:42:00 AM,-2.00
10103,4/10/2022 12:42:04 AM,-1.99
10103,4/10/2022 12:42:08 AM,-1.99
10103,4/10/2022 12:42:12 AM,-1.99
10103,4/10/2022 12:42:16 AM,-1.09
10103,4/10/2022 12:42:20 AM,-1.52
10103,4/10/2022 12:42:24 AM,-1.99
10103,4/10/2022 12:42:28 AM,-1.29
10103,4/10/2022 12:42:32 AM,-2.23
10103,4/10/2022 12:42:36 AM,-1.99
10103,4/10/2022 12:42:40 AM,-1.52
10103,4/10/2022 12:42:44 AM,-1.99
10103,4/10/2022 12:42:48 AM,-1.99
10103,4/10/2022 12:42:52 AM,-1.99
10103,4/10/2022 12:42:56 AM,-2.44
10103,4/10/2022 12:43:00 AM,-1.32
10103,4/10/2022 12:43:04 AM,-2.46
10103,4/10/2022 12:43:08 AM,-1.99
10103,4/10/2022 12:43:12 AM,-1.99
10103,4/10/2022 12:43:16 AM,-1.53
10103,4/10/2022 12:43:20 AM,-1.99
10103,4/10/2022 12:43:24 AM,-1.31
10103,4/10/2022 12:43:28 AM,-1.53
10103,4/10/2022 12:43:32 AM,-1.99
10103,4/10/2022 12:43:36 AM,-1.99
10103,4/10/2022 12:43:40 AM,-1.75
10103,4/10/2022 12:43:44 AM,-2.23
10103,4/10/2022 12:43:48 AM,-1.31
10103,4/10/2022 12:43:52 AM,-1.99
10103,4/10/2022 12:43:56 AM,-1.99
10103,4/10/2022 12:44:00 AM,-1.99
10103,4/10/2022 12:44:04 AM,-1.53
10103,4/10/2022 12:44:08 AM,-1.99
10103,4/10/2022 12:44:12 AM,-1.99
10103,4/10/2022 12:44:16 AM,-1.77
10103,4/10/2022 12:44:20 AM,-1.76
10103,4/10/2022 12:44:24 AM,-1.31
10103,4/10/2022 12:44:28 AM,-2.21
10103,4/10/2022 12:44:32 AM,-1.78
10103,4/10/2022 12:44:36 AM,-1.99
10103,4/10/2022 12:44:40 AM,-1.99
10103,4/10/2022 12:44:44 AM,-2.44
10103,4/10/2022 12:44:48 AM,-2.00
10103,4/10/2022 12:44:52 AM,-1.99
10103,4/10/2022 12:44:56 AM,-1.60
10103,4/10/2022 12:45:00 AM,-1.31
10103,4/10/2022 12:45:04 AM,-2.21
10103,4/10/2022 12:45:08 AM,-2.68
10103,4/10/2022 12:45:12 AM,-0.65
10103,4/10/2022 12:45:16 AM,-1.31
10103,4/10/2022 12:45:20 AM,-1.76
10103,4/10/2022 12:45:24 AM,-1.31
10103,4/10/2022 12:45:28 AM,-2.46
10103,4/10/2022 12:45:32 AM,-1.99
10103,4/10/2022 12:45:36 AM,-1.31
10103,4/10/2022 12:45:40 AM,-1.77
10103,4/10/2022 12:45:44 AM,-2.21
10103,4/10/2022 12:45:48 AM,-1.32
10103,4/10/2022 12:45:52 AM,-1.31
10103,4/10/2022 12:45:56 AM,-1.76
10103,4/10/2022 12:46:00 AM,-1.99
10103,4/10/2022 12:46:04 AM,-2.46
10103,4/10/2022 12:46:08 AM,-1.99
10103,4/10/2022 12:46:12 AM,-1.32
10103,4/10/2022 12:46:16 AM,-2.68
10103,4/10/2022 12:46:20 AM,-2.68
10103,4/10/2022 12:46:24 AM,-2.68
10103,4/10/2022 12:46:28 AM,-1.31
10103,4/10/2022 12:46:32 AM,-1.31
10103,4/10/2022 12:46:36 AM,-1.99
10103,4/10/2022 12:46:40 AM,-1.79
10103,4/10/2022 12:46:44 AM,-1.74
10103,4/10/2022 12:46:48 AM,-1.99
10103,4/10/2022 12:46:52 AM,-1.31
10103,4/10/2022 12:46:56 AM,-1.31
10103,4/10/2022 12:47:00 AM,-2.67
10103,4/10/2022 12:47:04 AM,-1.53
10103,4/10/2022 12:47:08 AM,-2.44
10103,4/10/2022 12:47:12 AM,-2.68
10103,4/10/2022 12:47:16 AM,-1.99
10103,4/10/2022 12:47:20 AM,-1.99
10103,4/10/2022 12:47:24 AM,-1.32
10103,4/10/2022 12:47:28 AM,-1.74
10103,4/10/2022 12:47:32 AM,-1.78
10103,4/10/2022 12:47:36 AM,-1.99
10103,4/10/2022 12:47:40 AM,-1.53
10103,4/10/2022 12:47:44 AM,-1.99
10103,4/10/2022 12:47:48 AM,-2.67
10103,4/10/2022 12:47:52 AM,-1.99
10103,4/10/2022 12:47:56 AM,-1.99
10103,4/10/2022 12:48:00 AM,-1.99
10103,4/10/2022 12:48:04 AM,-2.46
10103,4/10/2022 12:48:08 AM,-1.55
10103,4/10/2022 12:48:12 AM,-1.98
10103,4/10/2022 12:48:16 AM,-2.21
10103,4/10/2022 12:48:20 AM,-2.23
10103,4/10/2022 12:48:24 AM,-1.99
10103,4/10/2022 12:48:28 AM,-1.99
10103,4/10/2022 12:48:32 AM,-1.54
10103,4/10/2022 12:48:36 AM,-1.99
10103,4/10/2022 12:48:40 AM,-1.75
10103,4/10/2022 12:48:44 AM,-2.23
10103,4/10/2022 12:48:48 AM,-1.99
10103,4/10/2022 12:48:52 AM,-1.53
10103,4/10/2022 12:48:56 AM,-2.44
10103,4/10/2022 12:49:00 AM,-2.00
10103,4/10/2022 12:49:04 AM,-1.53
10103,4/10/2022 12:49:08 AM,-2.44
10103,4/10/2022 12:49:12 AM,-2.00
10103,4/10/2022 12:49:16 AM,-1.99
10103,4/10/2022 12:49:20 AM,-1.99
10103,4/10/2022 12:49:24 AM,-1.31
10103,4/10/2022 12:49:28 AM,-1.99
10103,4/10/2022 12:49:32 AM,-1.99
10103,4/10/2022 12:49:36 AM,-1.99
10103,4/10/2022 12:49:40 AM,-1.99
10103,4/10/2022 12:49:44 AM,-1.54
10103,4/10/2022 12:49:48 AM,-1.99
10103,4/10/2022 12:49:52 AM,-1.99
10103,4/10/2022 12:49:56 AM,-1.99
10103,4/10/2022 12:50:00 AM,-1.99
10103,4/10/2022 12:50:04 AM,-2.22
10103,4/10/2022 12:50:08 AM,-2.23
10103,4/10/2022 12:50:12 AM,-0.64
10103,4/10/2022 12:50:16 AM,-1.99
10103,4/10/2022 12:50:20 AM,-1.99
10103,4/10/2022 12:50:24 AM,-1.31
10103,4/10/2022 12:50:28 AM,-1.53
10103,4/10/2022 12:50:32 AM,-1.54
10103,4/10/2022 12:50:36 AM,-1.99
10103,4/10/2022 12:50:40 AM,-1.99
10103,4/10/2022 12:50:44 AM,-1.99
10103,4/10/2022 12:50:48 AM,-0.63
10103,4/10/2022 12:50:52 AM,-1.77
10103,4/10/2022 12:50:56 AM,-1.76
10103,4/10/2022 12:51:00 AM,-1.99
10103,4/10/2022 12:51:04 AM,-2.46
10103,4/10/2022 12:51:08 AM,-1.09
10103,4/10/2022 12:51:12 AM,-2.66
10103,4/10/2022 12:51:16 AM,-2.21
10103,4/10/2022 12:51:20 AM,-1.79
10103,4/10/2022 12:51:24 AM,-1.99
10103,4/10/2022 12:51:28 AM,-1.99
10103,4/10/2022 12:51:32 AM,-1.99
10103,4/10/2022 12:51:36 AM,-1.99
10103,4/10/2022 12:51:40 AM,-1.99
10103,4/10/2022 12:51:44 AM,-1.99
10103,4/10/2022 12:51:48 AM,-2.67
10103,4/10/2022 12:51:52 AM,-2.70
10103,4/10/2022 12:51:56 AM,-1.76
10103,4/10/2022 12:52:00 AM,-2.67
10103,4/10/2022 12:52:04 AM,-1.99
10103,4/10/2022 12:52:08 AM,-1.99
10103,4/10/2022 12:52:12 AM,-2.67
10103,4/10/2022 12:52:16 AM,-1.99
10103,4/10/2022 12:52:20 AM,-1.54
10103,4/10/2022 12:52:24 AM,-1.99
10103,4/10/2022 12:52:28 AM,-1.99
10103,4/10/2022 12:52:32 AM,-1.99
10103,4/10/2022 12:52:36 AM,-2.67
10103,4/10/2022 12:52:40 AM,-1.77
10103,4/10/2022 12:52:44 AM,-2.21
10103,4/10/2022 12:52:48 AM,-2.03
10103,4/10/2022 12:52:52 AM,-1.31
10103,4/10/2022 12:52:56 AM,-1.76
10103,4/10/2022 12:53:00 AM,-2.67
10103,4/10/2022 12:53:04 AM,-1.77
10103,4/10/2022 12:53:08 AM,-1.31
10103,4/10/2022 12:53:12 AM,-1.99
10103,4/10/2022 12:53:16 AM,-1.31
10103,4/10/2022 12:53:20 AM,-1.31
10103,4/10/2022 12:53:24 AM,-1.31
10103,4/10/2022 12:53:28 AM,-1.53
10103,4/10/2022 12:53:32 AM,-1.99
10103,4/10/2022 12:53:36 AM,-1.31
10103,4/10/2022 12:53:40 AM,-1.99
10103,4/10/2022 12:53:44 AM,-2.44
10103,4/10/2022 12:53:48 AM,-2.00
10103,4/10/2022 12:53:52 AM,-1.53
10103,4/10/2022 12:53:56 AM,-1.55
10103,4/10/2022 12:54:00 AM,-1.99
10103,4/10/2022 12:54:04 AM,-1.53
10103,4/10/2022 12:54:08 AM,-1.99
10103,4/10/2022 12:54:12 AM,-2.67
10103,4/10/2022 12:54:16 AM,-1.09
10103,4/10/2022 12:54:20 AM,-1.07
10103,4/10/2022 12:54:24 AM,-1.31
10103,4/10/2022 12:54:28 AM,-1.77
10103,4/10/2022 12:54:32 AM,-1.76
10103,4/10/2022 12:54:36 AM,-1.31
10103,4/10/2022 12:54:40 AM,-1.53
10103,4/10/2022 12:54:44 AM,-1.55
10103,4/10/2022 12:54:48 AM,-1.31
10103,4/10/2022 12:54:52 AM,-1.53
10103,4/10/2022 12:54:56 AM,-2.44
10103,4/10/2022 12:55:00 AM,-1.32
10103,4/10/2022 12:55:04 AM,-1.75
10103,4/10/2022 12:55:08 AM,-2.68
10103,4/10/2022 12:55:12 AM,-2.00
10103,4/10/2022 12:55:16 AM,-1.77
10103,4/10/2022 12:55:20 AM,-1.31
10103,4/10/2022 12:55:24 AM,-1.31
10103,4/10/2022 12:55:28 AM,-1.31
10103,4/10/2022 12:55:32 AM,-1.31
10103,4/10/2022 12:55:36 AM,-1.31
10103,4/10/2022 12:55:40 AM,-1.31
10103,4/10/2022 12:55:44 AM,-1.76
10103,4/10/2022 12:55:48 AM,-1.31
10103,4/10/2022 12:55:52 AM,-1.99
10103,4/10/2022 12:55:56 AM,-1.99
10103,4/10/2022 12:56:00 AM,-2.67
10103,4/10/2022 12:56:04 AM,-2.46
10103,4/10/2022 12:56:08 AM,-1.99
10103,4/10/2022 12:56:12 AM,-1.99
10103,4/10/2022 12:56:16 AM,-1.56
10103,4/10/2022 12:56:20 AM,-1.07
10103,4/10/2022 12:56:24 AM,-1.99
10103,4/10/2022 12:56:28 AM,-1.31
10103,4/10/2022 12:56:32 AM,-1.31
10103,4/10/2022 12:56:36 AM,-1.99
10103,4/10/2022 12:56:40 AM,-1.53
10103,4/10/2022 12:56:44 AM,-1.55
10103,4/10/2022 12:56:48 AM,-1.31
10103,4/10/2022 12:56:52 AM,-1.47
10103,4/10/2022 12:56:56 AM,-1.55
10103,4/10/2022 12:57:00 AM,-2.67
10103,4/10/2022 12:57:04 AM,-1.77
10103,4/10/2022 12:57:08 AM,-1.76
10103,4/10/2022 12:57:12 AM,-1.32
10103,4/10/2022 12:57:16 AM,-1.77
10103,4/10/2022 12:57:20 AM,-1.76
10103,4/10/2022 12:57:24 AM,-1.99
10103,4/10/2022 12:57:28 AM,-1.78
10103,4/10/2022 12:57:32 AM,-1.31
10103,4/10/2022 12:57:36 AM,-1.99
10103,4/10/2022 12:57:40 AM,-1.99
10103,4/10/2022 12:57:44 AM,-1.99
10103,4/10/2022 12:57:48 AM,-1.99
10103,4/10/2022 12:57:52 AM,-1.75
10103,4/10/2022 12:57:56 AM,-2.24
10103,4/10/2022 12:58:00 AM,-1.99
10103,4/10/2022 12:58:04 AM,-2.21
10103,4/10/2022 12:58:08 AM,-2.68
10103,4/10/2022 12:58:12 AM,-2.00
10103,4/10/2022 12:58:16 AM,-1.99
10103,4/10/2022 12:58:20 AM,-1.99
10103,4/10/2022 12:58:24 AM,-1.99
10103,4/10/2022 12:58:28 AM,-1.99
10103,4/10/2022 12:58:32 AM,-1.54
10103,4/10/2022 12:58:36 AM,-2.67
10103,4/10/2022 12:58:40 AM,-1.53
10103,4/10/2022 12:58:44 AM,-1.99
10103,4/10/2022 12:58:48 AM,-2.67
10103,4/10/2022 12:58:52 AM,-2.21
10103,4/10/2022 12:58:56 AM,-1.34
10103,4/10/2022 12:59:00 AM,-1.30
10103,4/10/2022 12:59:04 AM,-1.77
10103,4/10/2022 12:59:08 AM,-1.76
10103,4/10/2022 12:59:12 AM,-1.32
10103,4/10/2022 12:59:16 AM,-1.31
10103,4/10/2022 12:59:20 AM,-2.21
10103,4/10/2022 12:59:24 AM,-2.07
10103,4/10/2022 12:59:28 AM,-1.99
10103,4/10/2022 12:59:32 AM,-1.99
10103,4/10/2022 12:59:36 AM,-1.99
10103,4/10/2022 12:59:40 AM,-1.53
10103,4/10/2022 12:59:44 AM,-2.44
10103,4/10/2022 12:59:48 AM,-2.00
10103,4/10/2022 12:59:52 AM,-1.99
10103,4/10/2022 12:59:56 AM,-1.55
10103,4/10/2022 1:00:00 AM,-1.98
10103,4/10/2022 1:00:04 AM,-2.21
10103,4/10/2022 1:00:08 AM,-3.13
10103,4/10/2022 1:00:12 AM,-1.34
10103,4/10/2022 1:00:16 AM,-2.21
10103,4/10/2022 1:00:20 AM,-2.23
10103,4/10/2022 1:00:24 AM,-1.32
10103,4/10/2022 1:00:28 AM,-1.78
10103,4/10/2022 1:00:32 AM,-1.75
10103,4/10/2022 1:00:36 AM,-1.99
10103,4/10/2022 1:00:40 AM,-1.99
10103,4/10/2022 1:00:44 AM,-1.99
10103,4/10/2022 1:00:48 AM,-1.99
10103,4/10/2022 1:00:52 AM,-1.47
10103,4/10/2022 1:00:56 AM,-1.99
10103,4/10/2022 1:01:00 AM,-1.99
10103,4/10/2022 1:01:04 AM,-2.46
10103,4/10/2022 1:01:08 AM,-1.99
10103,4/10/2022 1:01:12 AM,-1.32
10103,4/10/2022 1:01:16 AM,-1.77
10103,4/10/2022 1:01:20 AM,-1.31
10103,4/10/2022 1:01:24 AM,-1.99
10103,4/10/2022 1:01:28 AM,-1.99
10103,4/10/2022 1:01:32 AM,-1.99
10103,4/10/2022 1:01:36 AM,-2.67
10103,4/10/2022 1:01:40 AM,-2.24
10103,4/10/2022 1:01:44 AM,-1.76
10103,4/10/2022 1:01:48 AM,-2.68
10103,4/10/2022 1:01:52 AM,-1.77
10103,4/10/2022 1:01:56 AM,-1.31
10103,4/10/2022 1:02:00 AM,-1.99
10103,4/10/2022 1:02:04 AM,-1.77
10103,4/10/2022 1:02:08 AM,-1.76
10103,4/10/2022 1:02:12 AM,-1.32
10103,4/10/2022 1:02:16 AM,-1.75
10103,4/10/2022 1:02:20 AM,-1.78
10103,4/10/2022 1:02:24 AM,-1.99
10103,4/10/2022 1:02:28 AM,-1.99
10103,4/10/2022 1:02:32 AM,-1.99
10103,4/10/2022 1:02:36 AM,-1.31
10103,4/10/2022 1:02:40 AM,-1.77
10103,4/10/2022 1:02:44 AM,-1.76
10103,4/10/2022 1:02:48 AM,-1.99
10103,4/10/2022 1:02:52 AM,-2.52
10103,4/10/2022 1:02:56 AM,-2.44
10103,4/10/2022 1:03:00 AM,-2.68
10103,4/10/2022 1:03:04 AM,-1.77
10103,4/10/2022 1:03:08 AM,-1.76
10103,4/10/2022 1:03:12 AM,-2.67
10103,4/10/2022 1:03:16 AM,-2.22
10103,4/10/2022 1:03:20 AM,-2.23
10103,4/10/2022 1:03:24 AM,-1.31
10103,4/10/2022 1:03:28 AM,-2.46
10103,4/10/2022 1:03:32 AM,-2.44
10103,4/10/2022 1:03:36 AM,-2.68
10103,4/10/2022 1:03:40 AM,-2.22
10103,4/10/2022 1:03:44 AM,-2.68
10103,4/10/2022 1:03:48 AM,-1.32
10103,4/10/2022 1:03:52 AM,-2.46
10103,4/10/2022 1:03:56 AM,-2.44
10103,4/10/2022 1:04:00 AM,-2.00
10103,4/10/2022 1:04:04 AM,-1.99
10103,4/10/2022 1:04:08 AM,-1.99
10103,4/10/2022 1:04:12 AM,-1.99
10103,4/10/2022 1:04:16 AM,-1.53
10103,4/10/2022 1:04:20 AM,-1.55
10103,4/10/2022 1:04:24 AM,-1.99
10103,4/10/2022 1:04:28 AM,-2.46
10103,4/10/2022 1:04:32 AM,-1.99
10103,4/10/2022 1:04:36 AM,-1.99
10103,4/10/2022 1:04:40 AM,-1.75
10103,4/10/2022 1:04:44 AM,-1.33
10103,4/10/2022 1:04:48 AM,-1.99
10103,4/10/2022 1:04:52 AM,-2.46
10103,4/10/2022 1:04:56 AM,-2.75
10103,4/10/2022 1:05:00 AM,-2.00
10103,4/10/2022 1:05:04 AM,-1.53
10103,4/10/2022 1:05:08 AM,-1.99
10103,4/10/2022 1:05:12 AM,-1.99
10103,4/10/2022 1:05:16 AM,-1.99
10103,4/10/2022 1:05:20 AM,-1.99
10103,4/10/2022 1:05:24 AM,-2.67
10103,4/10/2022 1:05:28 AM,-2.68
10103,4/10/2022 1:05:32 AM,-2.23
10103,4/10/2022 1:05:36 AM,-2.67
10103,4/10/2022 1:05:40 AM,-2.68
10103,4/10/2022 1:05:44 AM,-2.23
10103,4/10/2022 1:05:48 AM,-1.31
10103,4/10/2022 1:05:52 AM,-1.53
10103,4/10/2022 1:05:56 AM,-1.99
10103,4/10/2022 1:06:00 AM,-1.99
10103,4/10/2022 1:06:04 AM,-1.98
10103,4/10/2022 1:06:08 AM,-2.91
10103,4/10/2022 1:06:12 AM,-2.00
10103,4/10/2022 1:06:16 AM,-1.77
10103,4/10/2022 1:06:20 AM,-1.75
10103,4/10/2022 1:06:24 AM,-1.99
10103,4/10/2022 1:06:28 AM,-2.46
10103,4/10/2022 1:06:32 AM,-1.99
10103,4/10/2022 1:06:36 AM,-1.31
10103,4/10/2022 1:06:40 AM,-1.53
10103,4/10/2022 1:06:44 AM,-2.44
10103,4/10/2022 1:06:48 AM,-2.68
10103,4/10/2022 1:06:52 AM,-1.99
10103,4/10/2022 1:06:56 AM,-2.79
10103,4/10/2022 1:07:00 AM,-1.34
10103,4/10/2022 1:07:04 AM,-2.44
10103,4/10/2022 1:07:08 AM,-2.02
10103,4/10/2022 1:07:12 AM,-1.99
10103,4/10/2022 1:07:16 AM,-1.75
10103,4/10/2022 1:07:20 AM,-2.68
10103,4/10/2022 1:07:24 AM,-2.00
10103,4/10/2022 1:07:28 AM,-2.25
10103,4/10/2022 1:07:32 AM,-1.76
10103,4/10/2022 1:07:36 AM,-3.35
10103,4/10/2022 1:07:40 AM,-2.21
10103,4/10/2022 1:07:44 AM,-1.78
10103,4/10/2022 1:07:48 AM,-1.99
10103,4/10/2022 1:07:52 AM,-1.99
10103,4/10/2022 1:07:56 AM,-1.55
10103,4/10/2022 1:08:00 AM,-1.99
10103,4/10/2022 1:08:04 AM,-2.68
10103,4/10/2022 1:08:08 AM,-2.25
10103,4/10/2022 1:08:12 AM,-1.99
10103,4/10/2022 1:08:16 AM,-1.31
10103,4/10/2022 1:08:20 AM,-1.76
10103,4/10/2022 1:08:24 AM,-2.67
10103,4/10/2022 1:08:28 AM,-1.75
10103,4/10/2022 1:08:32 AM,-2.23
10103,4/10/2022 1:08:36 AM,-2.67
10103,4/10/2022 1:08:40 AM,-2.43
10103,4/10/2022 1:08:44 AM,-2.47
10103,4/10/2022 1:08:48 AM,-1.31
10103,4/10/2022 1:08:52 AM,-2.24
10103,4/10/2022 1:08:56 AM,-2.20
10103,4/10/2022 1:09:00 AM,-2.00
10103,4/10/2022 1:09:04 AM,-1.77
10103,4/10/2022 1:09:08 AM,-2.21
10103,4/10/2022 1:09:12 AM,-1.33
10103,4/10/2022 1:09:16 AM,-1.99
10103,4/10/2022 1:09:20 AM,-1.54
10103,4/10/2022 1:09:24 AM,-3.35
10103,4/10/2022 1:09:28 AM,-1.46
10103,4/10/2022 1:09:32 AM,-2.44
10103,4/10/2022 1:09:36 AM,-2.68
10103,4/10/2022 1:09:40 AM,-1.99
10103,4/10/2022 1:09:44 AM,-2.44
10103,4/10/2022 1:09:48 AM,-1.32
10103,4/10/2022 1:09:52 AM,-1.99
10103,4/10/2022 1:09:56 AM,-2.44
10103,4/10/2022 1:10:00 AM,-1.32
10103,4/10/2022 1:10:04 AM,-1.99
10103,4/10/2022 1:10:08 AM,-1.99
10103,4/10/2022 1:10:12 AM,-1.99
10103,4/10/2022 1:10:16 AM,-2.46
10103,4/10/2022 1:10:20 AM,-1.99
10103,4/10/2022 1:10:24 AM,-1.99
10103,4/10/2022 1:10:28 AM,-2.46
10103,4/10/2022 1:10:32 AM,-1.99
10103,4/10/2022 1:10:36 AM,-2.67
10103,4/10/2022 1:10:40 AM,-2.24
10103,4/10/2022 1:10:44 AM,-1.31
10103,4/10/2022 1:10:48 AM,-1.98
10103,4/10/2022 1:10:52 AM,-2.46
10103,4/10/2022 1:10:56 AM,-1.99
10103,4/10/2022 1:11:00 AM,-1.99
10103,4/10/2022 1:11:04 AM,-2.21
10103,4/10/2022 1:11:08 AM,-2.68
10103,4/10/2022 1:11:12 AM,-2.68
10103,4/10/2022 1:11:16 AM,-1.99
10103,4/10/2022 1:11:20 AM,-1.99
10103,4/10/2022 1:11:24 AM,-1.32
10103,4/10/2022 1:11:28 AM,-2.46
10103,4/10/2022 1:11:32 AM,-2.44
10103,4/10/2022 1:11:36 AM,-2.00
10103,4/10/2022 1:11:40 AM,-2.24
10103,4/10/2022 1:11:44 AM,-1.76
10103,4/10/2022 1:11:48 AM,-1.99
10103,4/10/2022 1:11:52 AM,-2.68
10103,4/10/2022 1:11:56 AM,-2.68
10103,4/10/2022 1:12:00 AM,-2.00
10103,4/10/2022 1:12:04 AM,-1.99
10103,4/10/2022 1:12:08 AM,-2.44
10103,4/10/2022 1:12:12 AM,-3.35
10103,4/10/2022 1:12:16 AM,-2.68
10103,4/10/2022 1:12:20 AM,-2.23
10103,4/10/2022 1:12:24 AM,-2.67
10103,4/10/2022 1:12:28 AM,-3.15
10103,4/10/2022 1:12:32 AM,-2.68
10103,4/10/2022 1:12:36 AM,-3.36
10103,4/10/2022 1:12:40 AM,-2.21
10103,4/10/2022 1:12:44 AM,-2.23
10103,4/10/2022 1:12:48 AM,-2.67
10103,4/10/2022 1:12:52 AM,-2.90
10103,4/10/2022 1:12:56 AM,-3.36
10103,4/10/2022 1:13:00 AM,-2.73
10103,4/10/2022 1:13:04 AM,-2.21
10103,4/10/2022 1:13:08 AM,-2.68
10103,4/10/2022 1:13:12 AM,-3.35
10103,4/10/2022 1:13:16 AM,-2.68
10103,4/10/2022 1:13:20 AM,-2.68
10103,4/10/2022 1:13:24 AM,-2.00
10103,4/10/2022 1:13:28 AM,-2.68
10103,4/10/2022 1:13:32 AM,-2.23
10103,4/10/2022 1:13:36 AM,-2.67
10103,4/10/2022 1:13:40 AM,-2.89
10103,4/10/2022 1:13:44 AM,-2.92
10103,4/10/2022 1:13:48 AM,-2.68
10103,4/10/2022 1:13:52 AM,-3.36
10103,4/10/2022 1:13:56 AM,-2.92
10103,4/10/2022 1:14:00 AM,-2.68
10103,4/10/2022 1:14:04 AM,-3.14
10103,4/10/2022 1:14:08 AM,-2.23
10103,4/10/2022 1:14:12 AM,-3.34
10103,4/10/2022 1:14:16 AM,-2.68
10103,4/10/2022 1:14:20 AM,-2.68
10103,4/10/2022 1:14:24 AM,-3.36
10103,4/10/2022 1:14:28 AM,-3.15
10103,4/10/2022 1:14:32 AM,-2.68
10103,4/10/2022 1:14:36 AM,-3.36
10103,4/10/2022 1:14:40 AM,-2.68
10103,4/10/2022 1:14:44 AM,-2.68
10103,4/10/2022 1:14:48 AM,-3.36
10103,4/10/2022 1:14:52 AM,-2.46
10103,4/10/2022 1:14:56 AM,-2.44
10103,4/10/2022 1:15:00 AM,-3.36
10103,4/10/2022 1:15:04 AM,-2.68
10103,4/10/2022 1:15:08 AM,-2.68
10103,4/10/2022 1:15:12 AM,-2.68
10103,4/10/2022 1:15:16 AM,-2.68
10103,4/10/2022 1:15:20 AM,-3.12
10103,4/10/2022 1:15:24 AM,-2.68
10103,4/10/2022 1:15:28 AM,-3.83
10103,4/10/2022 1:15:32 AM,-2.91
10103,4/10/2022 1:15:36 AM,-3.36
10103,4/10/2022 1:15:40 AM,-2.92
10103,4/10/2022 1:15:44 AM,-2.89
10103,4/10/2022 1:15:48 AM,-2.68
10103,4/10/2022 1:15:52 AM,-2.90
10103,4/10/2022 1:15:56 AM,-3.36
10103,4/10/2022 1:16:00 AM,-3.36
10103,4/10/2022 1:16:04 AM,-3.59
10103,4/10/2022 1:16:08 AM,-3.60
10103,4/10/2022 1:16:12 AM,-2.69
10103,4/10/2022 1:16:16 AM,-2.68
10103,4/10/2022 1:16:20 AM,-3.13
10103,4/10/2022 1:16:24 AM,-2.68
10103,4/10/2022 1:16:28 AM,-3.14
10103,4/10/2022 1:16:32 AM,-2.68
10103,4/10/2022 1:16:36 AM,-2.68
10103,4/10/2022 1:16:40 AM,-3.61
10103,4/10/2022 1:16:44 AM,-2.68
10103,4/10/2022 1:16:48 AM,-3.36
10103,4/10/2022 1:16:52 AM,-3.14
10103,4/10/2022 1:16:56 AM,-3.13
10103,4/10/2022 1:17:00 AM,-2.68
10103,4/10/2022 1:17:04 AM,-2.84
10103,4/10/2022 1:17:08 AM,-3.36
10103,4/10/2022 1:17:12 AM,-2.69
10103,4/10/2022 1:17:16 AM,-3.36
10103,4/10/2022 1:17:20 AM,-2.91
10103,4/10/2022 1:17:24 AM,-2.68
10103,4/10/2022 1:17:28 AM,-2.90
10103,4/10/2022 1:17:32 AM,-2.91
10103,4/10/2022 1:17:36 AM,-3.36
10103,4/10/2022 1:17:40 AM,-3.14
10103,4/10/2022 1:17:44 AM,-3.13
10103,4/10/2022 1:17:48 AM,-2.68
10103,4/10/2022 1:17:52 AM,-2.90
10103,4/10/2022 1:17:56 AM,-3.36
10103,4/10/2022 1:18:00 AM,-4.04
10103,4/10/2022 1:18:04 AM,-3.14
10103,4/10/2022 1:18:08 AM,-2.68
10103,4/10/2022 1:18:12 AM,-3.35
10103,4/10/2022 1:18:16 AM,-2.68
10103,4/10/2022 1:18:20 AM,-2.68
10103,4/10/2022 1:18:24 AM,-3.36
10103,4/10/2022 1:18:28 AM,-3.14
10103,4/10/2022 1:18:32 AM,-2.68
10103,4/10/2022 1:18:36 AM,-2.68
10103,4/10/2022 1:18:40 AM,-3.14
10103,4/10/2022 1:18:44 AM,-2.68
10103,4/10/2022 1:18:48 AM,-2.68
10103,4/10/2022 1:18:52 AM,-3.36
10103,4/10/2022 1:18:56 AM,-2.92
10103,4/10/2022 1:19:00 AM,-3.36
10103,4/10/2022 1:19:04 AM,-3.14
10103,4/10/2022 1:19:08 AM,-2.68
10103,4/10/2022 1:19:12 AM,-3.35
10103,4/10/2022 1:19:16 AM,-2.68
10103,4/10/2022 1:19:20 AM,-3.13
10103,4/10/2022 1:19:24 AM,-2.68
10103,4/10/2022 1:19:28 AM,-2.80
10103,4/10/2022 1:19:32 AM,-2.92
10103,4/10/2022 1:19:36 AM,-3.36
10103,4/10/2022 1:19:40 AM,-2.68
10103,4/10/2022 1:19:44 AM,-2.68
10103,4/10/2022 1:19:48 AM,-2.68
10103,4/10/2022 1:19:52 AM,-3.14
10103,4/10/2022 1:19:56 AM,-3.12
10103,4/10/2022 1:20:00 AM,-2.68
10103,4/10/2022 1:20:04 AM,-3.83
10103,4/10/2022 1:20:08 AM,-2.91
10103,4/10/2022 1:20:12 AM,-2.68
10103,4/10/2022 1:20:16 AM,-2.68
10103,4/10/2022 1:20:20 AM,-2.68
10103,4/10/2022 1:20:24 AM,-2.68
10103,4/10/2022 1:20:28 AM,-2.68
10103,4/10/2022 1:20:32 AM,-2.68
10103,4/10/2022 1:20:36 AM,-2.68
10103,4/10/2022 1:20:40 AM,-2.46
10103,4/10/2022 1:20:44 AM,-2.44
10103,4/10/2022 1:20:48 AM,-4.04
10103,4/10/2022 1:20:52 AM,-2.68
10103,4/10/2022 1:20:56 AM,-2.68
10103,4/10/2022 1:21:00 AM,-3.36
10103,4/10/2022 1:21:04 AM,-3.06
10103,4/10/2022 1:21:08 AM,-2.44
10103,4/10/2022 1:21:12 AM,-2.68
10103,4/10/2022 1:21:16 AM,-3.14
10103,4/10/2022 1:21:20 AM,-2.68
10103,4/10/2022 1:21:24 AM,-2.68
10103,4/10/2022 1:21:28 AM,-2.68
10103,4/10/2022 1:21:32 AM,-2.68
10103,4/10/2022 1:21:36 AM,-3.36
10103,4/10/2022 1:21:40 AM,-2.68
10103,4/10/2022 1:21:44 AM,-2.68
10103,4/10/2022 1:21:48 AM,-3.36
10103,4/10/2022 1:21:52 AM,-2.21
10103,4/10/2022 1:21:56 AM,-2.68
10103,4/10/2022 1:22:00 AM,-2.68
10103,4/10/2022 1:22:04 AM,-1.99
10103,4/10/2022 1:22:08 AM,-2.44
10103,4/10/2022 1:22:12 AM,-3.35
10103,4/10/2022 1:22:16 AM,-1.99
10103,4/10/2022 1:22:20 AM,-1.99
10103,4/10/2022 1:22:24 AM,-3.35
10103,4/10/2022 1:22:28 AM,-2.46
10103,4/10/2022 1:22:32 AM,-2.44
10103,4/10/2022 1:22:36 AM,-2.68
10103,4/10/2022 1:22:40 AM,-2.68
10103,4/10/2022 1:22:44 AM,-2.68
10103,4/10/2022 1:22:48 AM,-2.68
10103,4/10/2022 1:22:52 AM,-2.68
10103,4/10/2022 1:22:56 AM,-3.12
10103,4/10/2022 1:23:00 AM,-2.69
10103,4/10/2022 1:23:04 AM,-3.18
10103,4/10/2022 1:23:08 AM,-2.68
10103,4/10/2022 1:23:12 AM,-2.68
10103,4/10/2022 1:23:16 AM,-2.21
10103,4/10/2022 1:23:20 AM,-2.68
10103,4/10/2022 1:23:24 AM,-2.68
10103,4/10/2022 1:23:28 AM,-2.68
10103,4/10/2022 1:23:32 AM,-2.68
10103,4/10/2022 1:23:36 AM,-3.36
10103,4/10/2022 1:23:40 AM,-2.21
10103,4/10/2022 1:23:44 AM,-2.23
10103,4/10/2022 1:23:48 AM,-2.68
10103,4/10/2022 1:23:52 AM,-2.23
10103,4/10/2022 1:23:56 AM,-1.76
10103,4/10/2022 1:24:00 AM,-3.36
10103,4/10/2022 1:24:04 AM,-1.99
10103,4/10/2022 1:24:08 AM,-2.45
10103,4/10/2022 1:24:12 AM,-2.00
10103,4/10/2022 1:24:16 AM,-2.44
10103,4/10/2022 1:24:20 AM,-2.91
10103,4/10/2022 1:24:24 AM,-2.00
10103,4/10/2022 1:24:28 AM,-2.21
10103,4/10/2022 1:24:32 AM,-2.68
10103,4/10/2022 1:24:36 AM,-2.00
10103,4/10/2022 1:24:40 AM,-1.99
10103,4/10/2022 1:24:44 AM,-2.44
10103,4/10/2022 1:24:48 AM,-2.68
10103,4/10/2022 1:24:52 AM,-1.77
10103,4/10/2022 1:24:56 AM,-1.76
10103,4/10/2022 1:25:00 AM,-1.99
10103,4/10/2022 1:25:04 AM,-2.68
10103,4/10/2022 1:25:08 AM,-2.68
10103,4/10/2022 1:25:12 AM,-3.36
10103,4/10/2022 1:25:16 AM,-2.22
10103,4/10/2022 1:25:20 AM,-2.68
10103,4/10/2022 1:25:24 AM,-2.00
10103,4/10/2022 1:25:28 AM,-3.14
10103,4/10/2022 1:25:32 AM,-2.68
10103,4/10/2022 1:25:36 AM,-3.36
10103,4/10/2022 1:25:40 AM,-2.68
10103,4/10/2022 1:25:44 AM,-2.23
10103,4/10/2022 1:25:48 AM,-2.67
10103,4/10/2022 1:25:52 AM,-1.99
10103,4/10/2022 1:25:56 AM,-2.44
10103,4/10/2022 1:26:00 AM,-2.00
10103,4/10/2022 1:26:04 AM,-2.68
10103,4/10/2022 1:26:08 AM,-2.23
10103,4/10/2022 1:26:12 AM,-1.99
10103,4/10/2022 1:26:16 AM,-3.15
10103,4/10/2022 1:26:20 AM,-2.23
10103,4/10/2022 1:26:24 AM,-2.67
10103,4/10/2022 1:26:28 AM,-2.21
10103,4/10/2022 1:26:32 AM,-2.23
10103,4/10/2022 1:26:36 AM,-2.67
10103,4/10/2022 1:26:40 AM,-1.99
10103,4/10/2022 1:26:44 AM,-1.99
10103,4/10/2022 1:26:48 AM,-2.67
10103,4/10/2022 1:26:52 AM,-1.99
10103,4/10/2022 1:26:56 AM,-2.40
10103,4/10/2022 1:27:00 AM,-2.68
10103,4/10/2022 1:27:04 AM,-3.14
10103,4/10/2022 1:27:08 AM,-2.68
10103,4/10/2022 1:27:12 AM,-2.68
10103,4/10/2022 1:27:16 AM,-3.36
10103,4/10/2022 1:27:20 AM,-3.36
10103,4/10/2022 1:27:24 AM,-2.00
10103,4/10/2022 1:27:28 AM,-2.21
10103,4/10/2022 1:27:32 AM,-2.68
10103,4/10/2022 1:27:36 AM,-2.00
10103,4/10/2022 1:27:40 AM,-1.99
10103,4/10/2022 1:27:44 AM,-2.44
10103,4/10/2022 1:27:48 AM,-3.36
10103,4/10/2022 1:27:52 AM,-2.22
10103,4/10/2022 1:27:56 AM,-3.13
10103,4/10/2022 1:28:00 AM,-2.00
10103,4/10/2022 1:28:04 AM,-3.36
10103,4/10/2022 1:28:08 AM,-2.46
10103,4/10/2022 1:28:12 AM,-3.27
10103,4/10/2022 1:28:16 AM,-1.99
10103,4/10/2022 1:28:20 AM,-1.99
10103,4/10/2022 1:28:24 AM,-2.67
10103,4/10/2022 1:28:28 AM,-1.99
10103,4/10/2022 1:28:32 AM,-1.99
10103,4/10/2022 1:28:36 AM,-1.99
10103,4/10/2022 1:28:40 AM,-1.99
10103,4/10/2022 1:28:44 AM,-2.44
10103,4/10/2022 1:28:48 AM,-2.68
10103,4/10/2022 1:28:52 AM,-2.68
10103,4/10/2022 1:28:56 AM,-2.68
10103,4/10/2022 1:29:00 AM,-2.00
10103,4/10/2022 1:29:04 AM,-2.22
10103,4/10/2022 1:29:08 AM,-2.23
10103,4/10/2022 1:29:12 AM,-2.67
10103,4/10/2022 1:29:16 AM,-1.99
10103,4/10/2022 1:29:20 AM,-2.44
10103,4/10/2022 1:29:24 AM,-2.00
10103,4/10/2022 1:29:28 AM,-1.49
10103,4/10/2022 1:29:32 AM,-2.78
10103,4/10/2022 1:29:36 AM,-1.32
10103,4/10/2022 1:29:40 AM,-1.77
10103,4/10/2022 1:29:44 AM,-1.76
10103,4/10/2022 1:29:48 AM,-1.99
10103,4/10/2022 1:29:52 AM,-2.22
10103,4/10/2022 1:29:56 AM,-2.23
10103,4/10/2022 1:30:00 AM,-1.99
10103,4/10/2022 1:30:04 AM,-2.68
10103,4/10/2022 1:30:08 AM,-2.68
10103,4/10/2022 1:30:12 AM,-2.00
10103,4/10/2022 1:30:16 AM,-2.68
10103,4/10/2022 1:30:20 AM,-2.23
10103,4/10/2022 1:30:24 AM,-1.99
10103,4/10/2022 1:30:28 AM,-2.46
10103,4/10/2022 1:30:32 AM,-1.99
10103,4/10/2022 1:30:36 AM,-1.31
10103,4/10/2022 1:30:40 AM,-2.68
10103,4/10/2022 1:30:44 AM,-2.23
10103,4/10/2022 1:30:48 AM,-1.31
10103,4/10/2022 1:30:52 AM,-2.22
10103,4/10/2022 1:30:56 AM,-2.68
10103,4/10/2022 1:31:00 AM,-2.00
10103,4/10/2022 1:31:04 AM,-2.21
10103,4/10/2022 1:31:08 AM,-2.68
10103,4/10/2022 1:31:12 AM,-2.00
10103,4/10/2022 1:31:16 AM,-2.22
10103,4/10/2022 1:31:20 AM,-2.23
10103,4/10/2022 1:31:24 AM,-1.99
10103,4/10/2022 1:31:28 AM,-2.21
10103,4/10/2022 1:31:32 AM,-2.68
10103,4/10/2022 1:31:36 AM,-2.68
10103,4/10/2022 1:31:40 AM,-2.68
10103,4/10/2022 1:31:44 AM,-2.68
10103,4/10/2022 1:31:48 AM,-2.00
10103,4/10/2022 1:31:52 AM,-1.99
10103,4/10/2022 1:31:56 AM,-1.99
10103,4/10/2022 1:32:00 AM,-1.99
10103,4/10/2022 1:32:04 AM,-2.22
10103,4/10/2022 1:32:08 AM,-2.68
10103,4/10/2022 1:32:12 AM,-3.35
10103,4/10/2022 1:32:16 AM,-2.46
10103,4/10/2022 1:32:20 AM,-1.99
10103,4/10/2022 1:32:24 AM,-1.99
10103,4/10/2022 1:32:28 AM,-2.21
10103,4/10/2022 1:32:32 AM,-2.68
10103,4/10/2022 1:32:36 AM,-2.68
10103,4/10/2022 1:32:40 AM,-1.99
10103,4/10/2022 1:32:44 AM,-1.55
10103,4/10/2022 1:32:48 AM,-1.99
10103,4/10/2022 1:32:52 AM,-2.46
10103,4/10/2022 1:32:56 AM,-2.44
10103,4/10/2022 1:33:00 AM,-2.00
10103,4/10/2022 1:33:04 AM,-1.53
10103,4/10/2022 1:33:08 AM,-1.99
10103,4/10/2022 1:33:12 AM,-1.99
10103,4/10/2022 1:33:16 AM,-1.99
10103,4/10/2022 1:33:20 AM,-1.99
10103,4/10/2022 1:33:24 AM,-2.67
10103,4/10/2022 1:33:28 AM,-1.78
10103,4/10/2022 1:33:32 AM,-1.76
10103,4/10/2022 1:33:36 AM,-2.67
10103,4/10/2022 1:33:40 AM,-1.99
10103,4/10/2022 1:33:44 AM,-1.99
10103,4/10/2022 1:33:48 AM,-2.68
10103,4/10/2022 1:33:52 AM,-2.92
10103,4/10/2022 1:33:56 AM,-2.44
10103,4/10/2022 1:34:00 AM,-2.00
10103,4/10/2022 1:34:04 AM,-1.99
10103,4/10/2022 1:34:08 AM,-2.89
10103,4/10/2022 1:34:12 AM,-2.01
10103,4/10/2022 1:34:16 AM,-1.96
10103,4/10/2022 1:34:20 AM,-2.47
10103,4/10/2022 1:34:24 AM,-2.67
10103,4/10/2022 1:34:28 AM,-1.31
10103,4/10/2022 1:34:32 AM,-1.31
10103,4/10/2022 1:34:36 AM,-1.31
10103,4/10/2022 1:34:40 AM,-2.43
10103,4/10/2022 1:34:44 AM,-2.47
10103,4/10/2022 1:34:48 AM,-2.67
10103,4/10/2022 1:34:52 AM,-1.99
10103,4/10/2022 1:34:56 AM,-1.55
10103,4/10/2022 1:35:00 AM,-1.99
10103,4/10/2022 1:35:04 AM,-1.53
10103,4/10/2022 1:35:08 AM,-2.44
10103,4/10/2022 1:35:12 AM,-2.11
10103,4/10/2022 1:35:16 AM,-1.99
10103,4/10/2022 1:35:20 AM,-2.44
10103,4/10/2022 1:35:24 AM,-2.00
10103,4/10/2022 1:35:28 AM,-2.46
10103,4/10/2022 1:35:32 AM,-1.99
10103,4/10/2022 1:35:36 AM,-1.99
10103,4/10/2022 1:35:40 AM,-1.31
10103,4/10/2022 1:35:44 AM,-1.76
10103,4/10/2022 1:35:48 AM,-1.99
10103,4/10/2022 1:35:52 AM,-1.77
10103,4/10/2022 1:35:56 AM,-1.75
10103,4/10/2022 1:36:00 AM,-1.99
10103,4/10/2022 1:36:04 AM,-2.24
10103,4/10/2022 1:36:08 AM,-1.76
10103,4/10/2022 1:36:12 AM,-1.32
10103,4/10/2022 1:36:16 AM,-2.46
10103,4/10/2022 1:36:20 AM,-1.99
10103,4/10/2022 1:36:24 AM,-1.99
10103,4/10/2022 1:36:28 AM,-1.53
10103,4/10/2022 1:36:32 AM,-1.99
10103,4/10/2022 1:36:36 AM,-1.99
10103,4/10/2022 1:36:40 AM,-1.99
10103,4/10/2022 1:36:44 AM,-1.99
10103,4/10/2022 1:36:48 AM,-1.99
10103,4/10/2022 1:36:52 AM,-2.21
10103,4/10/2022 1:36:56 AM,-1.79
10103,4/10/2022 1:37:00 AM,-2.66
10103,4/10/2022 1:37:04 AM,-1.53
10103,4/10/2022 1:37:08 AM,-2.44
10103,4/10/2022 1:37:12 AM,-1.53
10103,4/10/2022 1:37:16 AM,-1.53
10103,4/10/2022 1:37:20 AM,-1.55
10103,4/10/2022 1:37:24 AM,-1.99
10103,4/10/2022 1:37:28 AM,-1.99
10103,4/10/2022 1:37:32 AM,-2.89
10103,4/10/2022 1:37:36 AM,-2.68
10103,4/10/2022 1:37:40 AM,-1.99
10103,4/10/2022 1:37:44 AM,-1.54
10103,4/10/2022 1:37:48 AM,-1.99
10103,4/10/2022 1:37:52 AM,-1.99
10103,4/10/2022 1:37:56 AM,-1.55
10103,4/10/2022 1:38:00 AM,-1.31
10103,4/10/2022 1:38:04 AM,-2.22
10103,4/10/2022 1:38:08 AM,-1.78
10103,4/10/2022 1:38:12 AM,-1.31
10103,4/10/2022 1:38:16 AM,-1.99
10103,4/10/2022 1:38:20 AM,-1.55
10103,4/10/2022 1:38:24 AM,-1.99
10103,4/10/2022 1:38:28 AM,-1.99
10103,4/10/2022 1:38:32 AM,-1.54
10103,4/10/2022 1:38:36 AM,-3.35
10103,4/10/2022 1:38:40 AM,-2.21
10103,4/10/2022 1:38:44 AM,-3.12
10103,4/10/2022 1:38:48 AM,-2.01
10103,4/10/2022 1:38:52 AM,-1.31
10103,4/10/2022 1:38:56 AM,-1.31
10103,4/10/2022 1:39:00 AM,-1.99
10103,4/10/2022 1:39:04 AM,-1.77
10103,4/10/2022 1:39:08 AM,-1.76
10103,4/10/2022 1:39:12 AM,-1.32
10103,4/10/2022 1:39:16 AM,-1.99
10103,4/10/2022 1:39:20 AM,-1.99
10103,4/10/2022 1:39:24 AM,-2.67
10103,4/10/2022 1:39:28 AM,-2.31
10103,4/10/2022 1:39:32 AM,-1.70
10103,4/10/2022 1:39:36 AM,-2.67
10103,4/10/2022 1:39:40 AM,-1.77
10103,4/10/2022 1:39:44 AM,-1.31
10103,4/10/2022 1:39:48 AM,-1.98
10103,4/10/2022 1:39:52 AM,-1.99
10103,4/10/2022 1:39:56 AM,-1.99
10103,4/10/2022 1:40:00 AM,-1.32
10103,4/10/2022 1:40:04 AM,-1.99
10103,4/10/2022 1:40:08 AM,-2.44
10103,4/10/2022 1:40:12 AM,-2.00
10103,4/10/2022 1:40:16 AM,-1.77
10103,4/10/2022 1:40:20 AM,-1.31
10103,4/10/2022 1:40:24 AM,-1.99
10103,4/10/2022 1:40:28 AM,-1.78
10103,4/10/2022 1:40:32 AM,-1.31
10103,4/10/2022 1:40:36 AM,-1.31
10103,4/10/2022 1:40:40 AM,-1.99
10103,4/10/2022 1:40:44 AM,-2.44
10103,4/10/2022 1:40:48 AM,-2.00
10103,4/10/2022 1:40:52 AM,-1.99
10103,4/10/2022 1:40:56 AM,-1.99
10103,4/10/2022 1:41:00 AM,-1.32
10103,4/10/2022 1:41:04 AM,-2.68
10103,4/10/2022 1:41:08 AM,-1.78
10103,4/10/2022 1:41:12 AM,-2.67
10103,4/10/2022 1:41:16 AM,-1.75
10103,4/10/2022 1:41:20 AM,-2.68
10103,4/10/2022 1:41:24 AM,-2.00
10103,4/10/2022 1:41:28 AM,-1.75
10103,4/10/2022 1:41:32 AM,-1.78
10103,4/10/2022 1:41:36 AM,-1.31
10103,4/10/2022 1:41:40 AM,-1.53
10103,4/10/2022 1:41:44 AM,-1.99
10103,4/10/2022 1:41:48 AM,-1.99
10103,4/10/2022 1:41:52 AM,-1.99
10103,4/10/2022 1:41:56 AM,-1.99
10103,4/10/2022 1:42:00 AM,-2.67
10103,4/10/2022 1:42:04 AM,-1.53
10103,4/10/2022 1:42:08 AM,-1.99
10103,4/10/2022 1:42:12 AM,-1.99
10103,4/10/2022 1:42:16 AM,-1.78
10103,4/10/2022 1:42:20 AM,-1.76
10103,4/10/2022 1:42:24 AM,-1.32
10103,4/10/2022 1:42:28 AM,-1.31
10103,4/10/2022 1:42:32 AM,-1.31
10103,4/10/2022 1:42:36 AM,-1.31
10103,4/10/2022 1:42:40 AM,-1.99
10103,4/10/2022 1:42:44 AM,-1.54
10103,4/10/2022 1:42:48 AM,-1.99
10103,4/10/2022 1:42:52 AM,-1.53
10103,4/10/2022 1:42:56 AM,-1.10
10103,4/10/2022 1:43:00 AM,-2.67
10103,4/10/2022 1:43:04 AM,-1.75
10103,4/10/2022 1:43:08 AM,-2.68
10103,4/10/2022 1:43:12 AM,-2.00
10103,4/10/2022 1:43:16 AM,-1.47
10103,4/10/2022 1:43:20 AM,-2.90
10103,4/10/2022 1:43:24 AM,-2.00
10103,4/10/2022 1:43:28 AM,-1.31
10103,4/10/2022 1:43:32 AM,-1.31
10103,4/10/2022 1:43:36 AM,-2.67
10103,4/10/2022 1:43:40 AM,-1.31
10103,4/10/2022 1:43:44 AM,-1.76
10103,4/10/2022 1:43:48 AM,-1.99
10103,4/10/2022 1:43:52 AM,-1.77
10103,4/10/2022 1:43:56 AM,-1.76
10103,4/10/2022 1:44:00 AM,-1.31
10103,4/10/2022 1:44:04 AM,-2.68
10103,4/10/2022 1:44:08 AM,-1.78
10103,4/10/2022 1:44:12 AM,-1.31
10103,4/10/2022 1:44:16 AM,-1.53
10103,4/10/2022 1:44:20 AM,-1.99
10103,4/10/2022 1:44:24 AM,-1.31
10103,4/10/2022 1:44:28 AM,-1.53
10103,4/10/2022 1:44:32 AM,-1.55
10103,4/10/2022 1:44:36 AM,-1.99
10103,4/10/2022 1:44:40 AM,-1.99
10103,4/10/2022 1:44:44 AM,-1.99
10103,4/10/2022 1:44:48 AM,-1.99
10103,4/10/2022 1:44:52 AM,-1.07
10103,4/10/2022 1:44:56 AM,-1.55
10103,4/10/2022 1:45:00 AM,-1.98
10103,4/10/2022 1:45:04 AM,-1.31
10103,4/10/2022 1:45:08 AM,-1.76
10103,4/10/2022 1:45:12 AM,-1.32
10103,4/10/2022 1:45:16 AM,-1.99
10103,4/10/2022 1:45:20 AM,-1.99
10103,4/10/2022 1:45:24 AM,-1.99
10103,4/10/2022 1:45:28 AM,-1.99
10103,4/10/2022 1:45:32 AM,-2.44
10103,4/10/2022 1:45:36 AM,-2.00
10103,4/10/2022 1:45:40 AM,-1.75
10103,4/10/2022 1:45:44 AM,-2.68
10103,4/10/2022 1:45:48 AM,-2.68
10103,4/10/2022 1:45:52 AM,-1.99
10103,4/10/2022 1:45:56 AM,-1.99
10103,4/10/2022 1:46:00 AM,-1.31
10103,4/10/2022 1:46:04 AM,-1.77
10103,4/10/2022 1:46:08 AM,-1.31
10103,4/10/2022 1:46:12 AM,-2.66
10103,4/10/2022 1:46:16 AM,-1.99
10103,4/10/2022 1:46:20 AM,-1.54
10103,4/10/2022 1:46:24 AM,-1.99
10103,4/10/2022 1:46:28 AM,-2.21
10103,4/10/2022 1:46:32 AM,-2.23
10103,4/10/2022 1:46:36 AM,-1.99
10103,4/10/2022 1:46:40 AM,-2.21
10103,4/10/2022 1:46:44 AM,-2.68
10103,4/10/2022 1:46:48 AM,-2.00
10103,4/10/2022 1:46:52 AM,-2.46
10103,4/10/2022 1:46:56 AM,-1.55
10103,4/10/2022 1:47:00 AM,-2.66
10103,4/10/2022 1:47:04 AM,-1.77
10103,4/10/2022 1:47:08 AM,-1.31
10103,4/10/2022 1:47:12 AM,-1.99
10103,4/10/2022 1:47:16 AM,-1.77
10103,4/10/2022 1:47:20 AM,-1.31
10103,4/10/2022 1:47:24 AM,-1.31
10103,4/10/2022 1:47:28 AM,-1.99
10103,4/10/2022 1:47:32 AM,-1.99
10103,4/10/2022 1:47:36 AM,-1.99
10103,4/10/2022 1:47:40 AM,-2.46
10103,4/10/2022 1:47:44 AM,-2.44
10103,4/10/2022 1:47:48 AM,-2.00
10103,4/10/2022 1:47:52 AM,-1.99
10103,4/10/2022 1:47:56 AM,-1.55
10103,4/10/2022 1:48:00 AM,-1.99
10103,4/10/2022 1:48:04 AM,-2.46
10103,4/10/2022 1:48:08 AM,-1.99
10103,4/10/2022 1:48:12 AM,-2.67
10103,4/10/2022 1:48:16 AM,-2.21
10103,4/10/2022 1:48:20 AM,-2.23
10103,4/10/2022 1:48:24 AM,-2.67
10103,4/10/2022 1:48:28 AM,-2.21
10103,4/10/2022 1:48:32 AM,-2.23
10103,4/10/2022 1:48:36 AM,-1.32
10103,4/10/2022 1:48:40 AM,-2.21
10103,4/10/2022 1:48:44 AM,-2.23
10103,4/10/2022 1:48:48 AM,-1.32
10103,4/10/2022 1:48:52 AM,-2.68
10103,4/10/2022 1:48:56 AM,-2.23
10103,4/10/2022 1:49:00 AM,-1.99
10103,4/10/2022 1:49:04 AM,-2.21
10103,4/10/2022 1:49:08 AM,-2.23
10103,4/10/2022 1:49:12 AM,-2.67
10103,4/10/2022 1:49:16 AM,-1.53
10103,4/10/2022 1:49:20 AM,-1.99
10103,4/10/2022 1:49:24 AM,-2.67
10103,4/10/2022 1:49:28 AM,-2.17
10103,4/10/2022 1:49:32 AM,-2.30
10103,4/10/2022 1:49:36 AM,-1.32
10103,4/10/2022 1:49:40 AM,-1.53
10103,4/10/2022 1:49:44 AM,-1.99
10103,4/10/2022 1:49:48 AM,-2.67
10103,4/10/2022 1:49:52 AM,-1.99
10103,4/10/2022 1:49:56 AM,-1.99
10103,4/10/2022 1:50:00 AM,-1.99
10103,4/10/2022 1:50:04 AM,-1.99
10103,4/10/2022 1:50:08 AM,-1.99
10103,4/10/2022 1:50:12 AM,-1.99
10103,4/10/2022 1:50:16 AM,-1.77
10103,4/10/2022 1:50:20 AM,-1.31
10103,4/10/2022 1:50:24 AM,-2.67
10103,4/10/2022 1:50:28 AM,-1.99
10103,4/10/2022 1:50:32 AM,-1.99
10103,4/10/2022 1:50:36 AM,-1.32
10103,4/10/2022 1:50:40 AM,-1.78
10103,4/10/2022 1:50:44 AM,-1.76
10103,4/10/2022 1:50:48 AM,-2.67
10103,4/10/2022 1:50:52 AM,-2.68
10103,4/10/2022 1:50:56 AM,-2.23
10103,4/10/2022 1:51:00 AM,-1.32
10103,4/10/2022 1:51:04 AM,-1.99
10103,4/10/2022 1:51:08 AM,-1.99
10103,4/10/2022 1:51:12 AM,-1.99
10103,4/10/2022 1:51:16 AM,-2.21
10103,4/10/2022 1:51:20 AM,-2.23
10103,4/10/2022 1:51:24 AM,-1.99
10103,4/10/2022 1:51:28 AM,-2.21
10103,4/10/2022 1:51:32 AM,-2.68
10103,4/10/2022 1:51:36 AM,-1.32
10103,4/10/2022 1:51:40 AM,-2.21
10103,4/10/2022 1:51:44 AM,-2.23
10103,4/10/2022 1:51:48 AM,-1.99
10103,4/10/2022 1:51:52 AM,-2.68
10103,4/10/2022 1:51:56 AM,-2.68
10103,4/10/2022 1:52:00 AM,-1.33
10103,4/10/2022 1:52:04 AM,-1.78
10103,4/10/2022 1:52:08 AM,-1.75
10103,4/10/2022 1:52:12 AM,-1.99
10103,4/10/2022 1:52:16 AM,-1.77
10103,4/10/2022 1:52:20 AM,-1.76
10103,4/10/2022 1:52:24 AM,-2.68
10103,4/10/2022 1:52:28 AM,-2.22
10103,4/10/2022 1:52:32 AM,-2.23
10103,4/10/2022 1:52:36 AM,-1.31
10103,4/10/2022 1:52:40 AM,-1.97
10103,4/10/2022 1:52:44 AM,-2.47
10103,4/10/2022 1:52:48 AM,-1.99
10103,4/10/2022 1:52:52 AM,-1.99
10103,4/10/2022 1:52:56 AM,-1.99
10103,4/10/2022 1:53:00 AM,-2.67
10103,4/10/2022 1:53:04 AM,-2.22
10103,4/10/2022 1:53:08 AM,-3.13
10103,4/10/2022 1:53:12 AM,-2.69
10103,4/10/2022 1:53:16 AM,-1.79
10103,4/10/2022 1:53:20 AM,-1.72
10103,4/10/2022 1:53:24 AM,-2.67
10103,4/10/2022 1:53:28 AM,-1.75
10103,4/10/2022 1:53:32 AM,-2.68
10103,4/10/2022 1:53:36 AM,-2.00
10103,4/10/2022 1:53:40 AM,-1.99
10103,4/10/2022 1:53:44 AM,-1.99
10103,4/10/2022 1:53:48 AM,-2.67
10103,4/10/2022 1:53:52 AM,-2.68
10103,4/10/2022 1:53:56 AM,-2.23
10103,4/10/2022 1:54:00 AM,-1.31
10103,4/10/2022 1:54:04 AM,-1.53
10103,4/10/2022 1:54:08 AM,-2.45
10103,4/10/2022 1:54:12 AM,-2.00
10103,4/10/2022 1:54:16 AM,-2.68
10103,4/10/2022 1:54:20 AM,-2.68
10103,4/10/2022 1:54:24 AM,-2.68
10103,4/10/2022 1:54:28 AM,-2.24
10103,4/10/2022 1:54:32 AM,-1.76
10103,4/10/2022 1:54:36 AM,-1.31
10103,4/10/2022 1:54:40 AM,-1.31
10103,4/10/2022 1:54:44 AM,-1.76
10103,4/10/2022 1:54:48 AM,-1.99
10103,4/10/2022 1:54:52 AM,-1.99
10103,4/10/2022 1:54:56 AM,-1.55
10103,4/10/2022 1:55:00 AM,-1.31
10103,4/10/2022 1:55:04 AM,-1.53
10103,4/10/2022 1:55:08 AM,-1.99
10103,4/10/2022 1:55:12 AM,-1.99
10103,4/10/2022 1:55:16 AM,-1.99
10103,4/10/2022 1:55:20 AM,-2.45
10103,4/10/2022 1:55:24 AM,-2.07
10103,4/10/2022 1:55:28 AM,-1.53
10103,4/10/2022 1:55:32 AM,-2.44
10103,4/10/2022 1:55:36 AM,-1.32
10103,4/10/2022 1:55:40 AM,-1.99
10103,4/10/2022 1:55:44 AM,-2.44
10103,4/10/2022 1:55:48 AM,-2.00
10103,4/10/2022 1:55:52 AM,-1.31
10103,4/10/2022 1:55:56 AM,-1.76
10103,4/10/2022 1:56:00 AM,-1.99
10103,4/10/2022 1:56:04 AM,-2.46
10103,4/10/2022 1:56:08 AM,-2.44
10103,4/10/2022 1:56:12 AM,-2.00
10103,4/10/2022 1:56:16 AM,-1.53
10103,4/10/2022 1:56:20 AM,-1.99
10103,4/10/2022 1:56:24 AM,-1.99
10103,4/10/2022 1:56:28 AM,-2.70
10103,4/10/2022 1:56:32 AM,-1.76
10103,4/10/2022 1:56:36 AM,-1.99
10103,4/10/2022 1:56:40 AM,-1.99
10103,4/10/2022 1:56:44 AM,-1.99
10103,4/10/2022 1:56:48 AM,-1.99
10103,4/10/2022 1:56:52 AM,-2.46
10103,4/10/2022 1:56:56 AM,-1.99
10103,4/10/2022 1:57:00 AM,-1.99
10103,4/10/2022 1:57:04 AM,-2.21
10103,4/10/2022 1:57:08 AM,-2.68
10103,4/10/2022 1:57:12 AM,-1.33
10103,4/10/2022 1:57:16 AM,-1.99
10103,4/10/2022 1:57:20 AM,-1.99
10103,4/10/2022 1:57:24 AM,-3.21
10103,4/10/2022 1:57:28 AM,-2.21
10103,4/10/2022 1:57:32 AM,-1.78
10103,4/10/2022 1:57:36 AM,-1.31
10103,4/10/2022 1:57:40 AM,-1.99
10103,4/10/2022 1:57:44 AM,-1.99
10103,4/10/2022 1:57:48 AM,-2.67
10103,4/10/2022 1:57:52 AM,-1.99
10103,4/10/2022 1:57:56 AM,-2.44
10103,4/10/2022 1:58:00 AM,-2.00
10103,4/10/2022 1:58:04 AM,-1.53
10103,4/10/2022 1:58:08 AM,-1.99
10103,4/10/2022 1:58:12 AM,-1.99
10103,4/10/2022 1:58:16 AM,-2.21
10103,4/10/2022 1:58:20 AM,-2.68
10103,4/10/2022 1:58:24 AM,-1.32
10103,4/10/2022 1:58:28 AM,-2.68
10103,4/10/2022 1:58:32 AM,-3.13
10103,4/10/2022 1:58:36 AM,-2.01
10103,4/10/2022 1:58:40 AM,-1.78
10103,4/10/2022 1:58:44 AM,-2.20
10103,4/10/2022 1:58:48 AM,-2.00
10103,4/10/2022 1:58:52 AM,-2.22
10103,4/10/2022 1:58:56 AM,-2.23
10103,4/10/2022 1:59:00 AM,-1.99
10103,4/10/2022 1:59:04 AM,-2.46
10103,4/10/2022 1:59:08 AM,-2.44
10103,4/10/2022 1:59:12 AM,-2.00
10103,4/10/2022 1:59:16 AM,-1.75
10103,4/10/2022 1:59:20 AM,-2.23
10103,4/10/2022 1:59:24 AM,-2.67
10103,4/10/2022 1:59:28 AM,-1.99
10103,4/10/2022 1:59:32 AM,-1.99
10103,4/10/2022 1:59:36 AM,-1.99
10103,4/10/2022 1:59:40 AM,-2.92
10103,4/10/2022 1:59:44 AM,-1.99
10103,4/10/2022 1:59:48 AM,-3.35
10103,4/10/2022 1:59:52 AM,-1.99
10103,4/10/2022 1:59:56 AM,-1.99
10103,4/10/2022 2:00:00 AM,-2.67
10103,4/10/2022 2:00:04 AM,-1.99
10103,4/10/2022 2:00:08 AM,-2.44
10103,4/10/2022 2:00:12 AM,-3.35
10103,4/10/2022 2:00:16 AM,-2.21
10103,4/10/2022 2:00:20 AM,-2.68
10103,4/10/2022 2:00:24 AM,-2.00
10103,4/10/2022 2:00:28 AM,-2.68
10103,4/10/2022 2:00:32 AM,-2.23
10103,4/10/2022 2:00:36 AM,-1.32
10103,4/10/2022 2:00:40 AM,-2.46
10103,4/10/2022 2:00:44 AM,-2.44
10103,4/10/2022 2:00:48 AM,-2.68
10103,4/10/2022 2:00:52 AM,-1.99
10103,4/10/2022 2:00:56 AM,-1.99
10103,4/10/2022 2:01:00 AM,-1.99
10103,4/10/2022 2:01:04 AM,-1.77
10103,4/10/2022 2:01:08 AM,-1.76
10103,4/10/2022 2:01:12 AM,-2.67
10103,4/10/2022 2:01:16 AM,-2.68
10103,4/10/2022 2:01:20 AM,-2.23
10103,4/10/2022 2:01:24 AM,-1.99
10103,4/10/2022 2:01:28 AM,-2.68
10103,4/10/2022 2:01:32 AM,-2.23
10103,4/10/2022 2:01:36 AM,-1.99
10103,4/10/2022 2:01:40 AM,-2.21
10103,4/10/2022 2:01:44 AM,-2.23
10103,4/10/2022 2:01:48 AM,-1.99
10103,4/10/2022 2:01:52 AM,-2.90
10103,4/10/2022 2:01:56 AM,-2.92
10103,4/10/2022 2:02:00 AM,-2.68
10103,4/10/2022 2:02:04 AM,-2.24
10103,4/10/2022 2:02:08 AM,-1.76
10103,4/10/2022 2:02:12 AM,-1.99
10103,4/10/2022 2:02:16 AM,-2.43
10103,4/10/2022 2:02:20 AM,-2.48
10103,4/10/2022 2:02:24 AM,-1.99
10103,4/10/2022 2:02:28 AM,-1.99
10103,4/10/2022 2:02:32 AM,-2.44
10103,4/10/2022 2:02:36 AM,-2.00
10103,4/10/2022 2:02:40 AM,-2.21
10103,4/10/2022 2:02:44 AM,-3.13
10103,4/10/2022 2:02:48 AM,-2.01
10103,4/10/2022 2:02:52 AM,-2.21
10103,4/10/2022 2:02:56 AM,-3.13
10103,4/10/2022 2:03:00 AM,-2.01
10103,4/10/2022 2:03:04 AM,-2.21
10103,4/10/2022 2:03:08 AM,-2.68
10103,4/10/2022 2:03:12 AM,-3.35
10103,4/10/2022 2:03:16 AM,-1.99
10103,4/10/2022 2:03:20 AM,-2.44
10103,4/10/2022 2:03:24 AM,-2.00
10103,4/10/2022 2:03:28 AM,-2.68
10103,4/10/2022 2:03:32 AM,-2.23
10103,4/10/2022 2:03:36 AM,-2.67
10103,4/10/2022 2:03:40 AM,-2.43
10103,4/10/2022 2:03:44 AM,-2.92
10103,4/10/2022 2:03:48 AM,-3.36
10103,4/10/2022 2:03:52 AM,-1.99
10103,4/10/2022 2:03:56 AM,-2.88
10103,4/10/2022 2:04:00 AM,-2.68
10103,4/10/2022 2:04:04 AM,-1.75
10103,4/10/2022 2:04:08 AM,-2.68
10103,4/10/2022 2:04:12 AM,-2.00
10103,4/10/2022 2:04:16 AM,-2.46
10103,4/10/2022 2:04:20 AM,-1.99
10103,4/10/2022 2:04:24 AM,-1.99
10103,4/10/2022 2:04:28 AM,-1.99
10103,4/10/2022 2:04:32 AM,-1.99
10103,4/10/2022 2:04:36 AM,-2.67
10103,4/10/2022 2:04:40 AM,-1.99
10103,4/10/2022 2:04:44 AM,-1.55
10103,4/10/2022 2:04:48 AM,-2.66
10103,4/10/2022 2:04:52 AM,-1.99
10103,4/10/2022 2:04:56 AM,-1.55
10103,4/10/2022 2:05:00 AM,-1.99
10103,4/10/2022 2:05:04 AM,-1.77
10103,4/10/2022 2:05:08 AM,-2.21
10103,4/10/2022 2:05:12 AM,-2.68
10103,4/10/2022 2:05:16 AM,-2.22
10103,4/10/2022 2:05:20 AM,-2.23
10103,4/10/2022 2:05:24 AM,-3.36
10103,4/10/2022 2:05:28 AM,-1.99
10103,4/10/2022 2:05:32 AM,-2.44
10103,4/10/2022 2:05:36 AM,-3.36
10103,4/10/2022 2:05:40 AM,-2.22
10103,4/10/2022 2:05:44 AM,-2.23
10103,4/10/2022 2:05:48 AM,-2.67
10103,4/10/2022 2:05:52 AM,-1.99
10103,4/10/2022 2:05:56 AM,-1.99
10103,4/10/2022 2:06:00 AM,-1.99
10103,4/10/2022 2:06:04 AM,-1.99
10103,4/10/2022 2:06:08 AM,-2.45
10103,4/10/2022 2:06:12 AM,-1.32
10103,4/10/2022 2:06:16 AM,-1.99
10103,4/10/2022 2:06:20 AM,-1.99
10103,4/10/2022 2:06:24 AM,-1.99
10103,4/10/2022 2:06:28 AM,-1.99
10103,4/10/2022 2:06:32 AM,-2.90
10103,4/10/2022 2:06:36 AM,-2.68
10103,4/10/2022 2:06:40 AM,-2.46
10103,4/10/2022 2:06:44 AM,-2.44
10103,4/10/2022 2:06:48 AM,-2.68
10103,4/10/2022 2:06:52 AM,-3.14
10103,4/10/2022 2:06:56 AM,-2.23
10103,4/10/2022 2:07:00 AM,-2.67
10103,4/10/2022 2:07:04 AM,-1.99
10103,4/10/2022 2:07:08 AM,-1.99
10103,4/10/2022 2:07:12 AM,-2.67
10103,4/10/2022 2:07:16 AM,-1.99
10103,4/10/2022 2:07:20 AM,-1.99
10103,4/10/2022 2:07:24 AM,-1.99
10103,4/10/2022 2:07:28 AM,-3.27
10103,4/10/2022 2:07:32 AM,-2.23
10103,4/10/2022 2:07:36 AM,-1.31
10103,4/10/2022 2:07:40 AM,-2.46
10103,4/10/2022 2:07:44 AM,-1.54
10103,4/10/2022 2:07:48 AM,-1.99
10103,4/10/2022 2:07:52 AM,-2.22
10103,4/10/2022 2:07:56 AM,-2.23
10103,4/10/2022 2:08:00 AM,-2.67
10103,4/10/2022 2:08:04 AM,-2.22
10103,4/10/2022 2:08:08 AM,-2.23
10103,4/10/2022 2:08:12 AM,-1.99
10103,4/10/2022 2:08:16 AM,-1.99
10103,4/10/2022 2:08:20 AM,-1.99
10103,4/10/2022 2:08:24 AM,-1.99
10103,4/10/2022 2:08:28 AM,-2.46
10103,4/10/2022 2:08:32 AM,-2.45
10103,4/10/2022 2:08:36 AM,-2.00
10103,4/10/2022 2:08:40 AM,-2.46
10103,4/10/2022 2:08:44 AM,-1.99
10103,4/10/2022 2:08:48 AM,-2.68
10103,4/10/2022 2:08:52 AM,-1.99
10103,4/10/2022 2:08:56 AM,-2.44
10103,4/10/2022 2:09:00 AM,-2.00
10103,4/10/2022 2:09:04 AM,-2.46
10103,4/10/2022 2:09:08 AM,-2.44
10103,4/10/2022 2:09:12 AM,-2.00
10103,4/10/2022 2:09:16 AM,-1.31
10103,4/10/2022 2:09:20 AM,-2.21
10103,4/10/2022 2:09:24 AM,-2.68
10103,4/10/2022 2:09:28 AM,-2.49
10103,4/10/2022 2:09:32 AM,-1.99
10103,4/10/2022 2:09:36 AM,-2.67
10103,4/10/2022 2:09:40 AM,-1.99
10103,4/10/2022 2:09:44 AM,-1.99
10103,4/10/2022 2:09:48 AM,-1.99
10103,4/10/2022 2:09:52 AM,-2.92
10103,4/10/2022 2:09:56 AM,-1.99
10103,4/10/2022 2:10:00 AM,-1.99
10103,4/10/2022 2:10:04 AM,-1.99
10103,4/10/2022 2:10:08 AM,-2.45
10103,4/10/2022 2:10:12 AM,-2.00
10103,4/10/2022 2:10:16 AM,-2.90
10103,4/10/2022 2:10:20 AM,-2.48
10103,4/10/2022 2:10:24 AM,-2.67
10103,4/10/2022 2:10:28 AM,-1.99
10103,4/10/2022 2:10:32 AM,-1.99
10103,4/10/2022 2:10:36 AM,-1.99
10103,4/10/2022 2:10:40 AM,-2.21
10103,4/10/2022 2:10:44 AM,-2.23
10103,4/10/2022 2:10:48 AM,-3.36
10103,4/10/2022 2:10:52 AM,-1.99
10103,4/10/2022 2:10:56 AM,-1.99
10103,4/10/2022 2:11:00 AM,-1.99
10103,4/10/2022 2:11:04 AM,-1.75
10103,4/10/2022 2:11:08 AM,-2.23
10103,4/10/2022 2:11:12 AM,-1.32
10103,4/10/2022 2:11:16 AM,-2.92
10103,4/10/2022 2:11:20 AM,-1.99
10103,4/10/2022 2:11:24 AM,-1.99
10103,4/10/2022 2:11:28 AM,-1.99
10103,4/10/2022 2:11:32 AM,-2.44
10103,4/10/2022 2:11:36 AM,-2.00
10103,4/10/2022 2:11:40 AM,-1.75
10103,4/10/2022 2:11:44 AM,-2.23
10103,4/10/2022 2:11:48 AM,-1.99
10103,4/10/2022 2:11:52 AM,-2.92
10103,4/10/2022 2:11:56 AM,-1.55
10103,4/10/2022 2:12:00 AM,-1.99
10103,4/10/2022 2:12:04 AM,-2.90
10103,4/10/2022 2:12:08 AM,-3.36
10103,4/10/2022 2:12:12 AM,-2.69
10103,4/10/2022 2:12:16 AM,-2.68
10103,4/10/2022 2:12:20 AM,-3.13
10103,4/10/2022 2:12:24 AM,-2.68
10103,4/10/2022 2:12:28 AM,-2.46
10103,4/10/2022 2:12:32 AM,-1.54
10103,4/10/2022 2:12:36 AM,-1.31
10103,4/10/2022 2:12:40 AM,-2.21
10103,4/10/2022 2:12:44 AM,-2.68
10103,4/10/2022 2:12:48 AM,-2.00
10103,4/10/2022 2:12:52 AM,-1.99
10103,4/10/2022 2:12:56 AM,-2.44
10103,4/10/2022 2:13:00 AM,-2.00
10103,4/10/2022 2:13:04 AM,-2.68
10103,4/10/2022 2:13:08 AM,-2.23
10103,4/10/2022 2:13:12 AM,-1.99
10103,4/10/2022 2:13:16 AM,-2.46
10103,4/10/2022 2:13:20 AM,-1.99
10103,4/10/2022 2:13:24 AM,-1.99
10103,4/10/2022 2:13:28 AM,-2.50
10103,4/10/2022 2:13:32 AM,-1.99
10103,4/10/2022 2:13:36 AM,-2.67
10103,4/10/2022 2:13:40 AM,-2.46
10103,4/10/2022 2:13:44 AM,-1.99
10103,4/10/2022 2:13:48 AM,-2.67
10103,4/10/2022 2:13:52 AM,-1.99
10103,4/10/2022 2:13:56 AM,-1.99
10103,4/10/2022 2:14:00 AM,-2.67
10103,4/10/2022 2:14:04 AM,-2.46
10103,4/10/2022 2:14:08 AM,-1.54
10103,4/10/2022 2:14:12 AM,-2.66
10103,4/10/2022 2:14:16 AM,-1.99
10103,4/10/2022 2:14:20 AM,-2.44
10103,4/10/2022 2:14:24 AM,-2.68
10103,4/10/2022 2:14:28 AM,-2.92
10103,4/10/2022 2:14:32 AM,-2.44
10103,4/10/2022 2:14:36 AM,-2.68
10103,4/10/2022 2:14:40 AM,-2.21
10103,4/10/2022 2:14:44 AM,-2.23
10103,4/10/2022 2:14:48 AM,-2.67
10103,4/10/2022 2:14:52 AM,-3.14
10103,4/10/2022 2:14:56 AM,-2.68
10103,4/10/2022 2:15:00 AM,-2.00
10103,4/10/2022 2:15:04 AM,-1.77
10103,4/10/2022 2:15:08 AM,-2.66
10103,4/10/2022 2:15:12 AM,-2.69
10103,4/10/2022 2:15:16 AM,-2.46
10103,4/10/2022 2:15:20 AM,-2.44
10103,4/10/2022 2:15:24 AM,-2.68
10103,4/10/2022 2:15:28 AM,-1.53
10103,4/10/2022 2:15:32 AM,-1.99
10103,4/10/2022 2:15:36 AM,-2.67
10103,4/10/2022 2:15:40 AM,-2.68
10103,4/10/2022 2:15:44 AM,-2.23
10103,4/10/2022 2:15:48 AM,-1.99
10103,4/10/2022 2:15:52 AM,-1.77
10103,4/10/2022 2:15:56 AM,-1.76
10103,4/10/2022 2:16:00 AM,-1.99
10103,4/10/2022 2:16:04 AM,-2.22
10103,4/10/2022 2:16:08 AM,-2.23
10103,4/10/2022 2:16:12 AM,-1.99
10103,4/10/2022 2:16:16 AM,-2.46
10103,4/10/2022 2:16:20 AM,-1.55
10103,4/10/2022 2:16:24 AM,-1.99
10103,4/10/2022 2:16:28 AM,-2.46
10103,4/10/2022 2:16:32 AM,-1.99
10103,4/10/2022 2:16:36 AM,-1.99
10103,4/10/2022 2:16:40 AM,-1.99
10103,4/10/2022 2:16:44 AM,-1.99
10103,4/10/2022 2:16:48 AM,-2.67
10103,4/10/2022 2:16:52 AM,-2.22
10103,4/10/2022 2:16:56 AM,-2.23
10103,4/10/2022 2:17:00 AM,-1.99
10103,4/10/2022 2:17:04 AM,-1.99
10103,4/10/2022 2:17:08 AM,-1.99
10103,4/10/2022 2:17:12 AM,-2.67
10103,4/10/2022 2:17:16 AM,-2.68
10103,4/10/2022 2:17:20 AM,-2.23
10103,4/10/2022 2:17:24 AM,-1.99
10103,4/10/2022 2:17:28 AM,-1.99
10103,4/10/2022 2:17:32 AM,-2.40
10103,4/10/2022 2:17:36 AM,-2.00
10103,4/10/2022 2:17:40 AM,-1.99
10103,4/10/2022 2:17:44 AM,-1.99
10103,4/10/2022 2:17:48 AM,-1.99
10103,4/10/2022 2:17:52 AM,-2.21
10103,4/10/2022 2:17:56 AM,-2.23
10103,4/10/2022 2:18:00 AM,-2.67
10103,4/10/2022 2:18:04 AM,-1.99
10103,4/10/2022 2:18:08 AM,-2.44
10103,4/10/2022 2:18:12 AM,-3.35
10103,4/10/2022 2:18:16 AM,-1.99
10103,4/10/2022 2:18:20 AM,-1.99
10103,4/10/2022 2:18:24 AM,-1.99
10103,4/10/2022 2:18:28 AM,-1.31
10103,4/10/2022 2:18:32 AM,-2.66
10103,4/10/2022 2:18:36 AM,-2.69
10103,4/10/2022 2:18:40 AM,-2.21
10103,4/10/2022 2:18:44 AM,-2.23
10103,4/10/2022 2:18:48 AM,-1.32
10103,4/10/2022 2:18:52 AM,-2.46
10103,4/10/2022 2:18:56 AM,-1.99
10103,4/10/2022 2:19:00 AM,-1.99
10103,4/10/2022 2:19:04 AM,-2.93
10103,4/10/2022 2:19:08 AM,-1.99
10103,4/10/2022 2:19:12 AM,-3.34
10103,4/10/2022 2:19:16 AM,-2.46
10103,4/10/2022 2:19:20 AM,-1.55
10103,4/10/2022 2:19:24 AM,-1.99
10103,4/10/2022 2:19:28 AM,-1.31
10103,4/10/2022 2:19:32 AM,-1.76
10103,4/10/2022 2:19:36 AM,-3.35
10103,4/10/2022 2:19:40 AM,-1.81
10103,4/10/2022 2:19:44 AM,-1.70
10103,4/10/2022 2:19:48 AM,-1.99
10103,4/10/2022 2:19:52 AM,-2.46
10103,4/10/2022 2:19:56 AM,-1.99
10103,4/10/2022 2:20:00 AM,-1.99
10103,4/10/2022 2:20:04 AM,-2.46
10103,4/10/2022 2:20:08 AM,-1.99
10103,4/10/2022 2:20:12 AM,-1.99
10103,4/10/2022 2:20:16 AM,-2.70
10103,4/10/2022 2:20:20 AM,-1.76
10103,4/10/2022 2:20:24 AM,-1.99
10103,4/10/2022 2:20:28 AM,-1.77
10103,4/10/2022 2:20:32 AM,-2.21
10103,4/10/2022 2:20:36 AM,-2.00
10103,4/10/2022 2:20:40 AM,-2.22
10103,4/10/2022 2:20:44 AM,-2.23
10103,4/10/2022 2:20:48 AM,-1.99
10103,4/10/2022 2:20:52 AM,-1.99
10103,4/10/2022 2:20:56 AM,-1.99
10103,4/10/2022 2:21:00 AM,-1.31
10103,4/10/2022 2:21:04 AM,-1.99
10103,4/10/2022 2:21:08 AM,-1.54
10103,4/10/2022 2:21:12 AM,-1.99
10103,4/10/2022 2:21:16 AM,-1.99
10103,4/10/2022 2:21:20 AM,-1.99
10103,4/10/2022 2:21:24 AM,-1.99
10103,4/10/2022 2:21:28 AM,-1.99
10103,4/10/2022 2:21:32 AM,-1.99
10103,4/10/2022 2:21:36 AM,-1.99
10103,4/10/2022 2:21:40 AM,-2.46
10103,4/10/2022 2:21:44 AM,-1.99
10103,4/10/2022 2:21:48 AM,-1.31
10103,4/10/2022 2:21:52 AM,-2.22
10103,4/10/2022 2:21:56 AM,-2.23
10103,4/10/2022 2:22:00 AM,-1.31
10103,4/10/2022 2:22:04 AM,-2.22
10103,4/10/2022 2:22:08 AM,-1.78
10103,4/10/2022 2:22:12 AM,-1.99
10103,4/10/2022 2:22:16 AM,-1.99
10103,4/10/2022 2:22:20 AM,-2.44
10103,4/10/2022 2:22:24 AM,-2.00
10103,4/10/2022 2:22:28 AM,-2.90
10103,4/10/2022 2:22:32 AM,-2.91
10103,4/10/2022 2:22:36 AM,-2.00
10103,4/10/2022 2:22:40 AM,-1.99
10103,4/10/2022 2:22:44 AM,-1.99
10103,4/10/2022 2:22:48 AM,-2.67
10103,4/10/2022 2:22:52 AM,-2.22
10103,4/10/2022 2:22:56 AM,-3.13
10103,4/10/2022 2:23:00 AM,-2.00
10103,4/10/2022 2:23:04 AM,-1.99
10103,4/10/2022 2:23:08 AM,-2.44
10103,4/10/2022 2:23:12 AM,-2.00
10103,4/10/2022 2:23:16 AM,-2.46
10103,4/10/2022 2:23:20 AM,-1.54
10103,4/10/2022 2:23:24 AM,-1.99
10103,4/10/2022 2:23:28 AM,-1.53
10103,4/10/2022 2:23:32 AM,-1.99
10103,4/10/2022 2:23:36 AM,-1.99
10103,4/10/2022 2:23:40 AM,-1.99
10103,4/10/2022 2:23:44 AM,-2.44
10103,4/10/2022 2:23:48 AM,-2.00
10103,4/10/2022 2:23:52 AM,-1.99
10103,4/10/2022 2:23:56 AM,-1.55
10103,4/10/2022 2:24:00 AM,-1.99
10103,4/10/2022 2:24:04 AM,-1.99
10103,4/10/2022 2:24:08 AM,-2.44
10103,4/10/2022 2:24:12 AM,-2.00
10103,4/10/2022 2:24:16 AM,-2.44
10103,4/10/2022 2:24:20 AM,-2.46
10103,4/10/2022 2:24:24 AM,-1.99
10103,4/10/2022 2:24:28 AM,-2.46
10103,4/10/2022 2:24:32 AM,-1.54
10103,4/10/2022 2:24:36 AM,-1.99
10103,4/10/2022 2:24:40 AM,-2.43
10103,4/10/2022 2:24:44 AM,-2.02
10103,4/10/2022 2:24:48 AM,-1.99
10103,4/10/2022 2:24:52 AM,-1.99
10103,4/10/2022 2:24:56 AM,-1.99
10103,4/10/2022 2:25:00 AM,-2.67
10103,4/10/2022 2:25:04 AM,-1.99
10103,4/10/2022 2:25:08 AM,-1.54
10103,4/10/2022 2:25:12 AM,-1.99
10103,4/10/2022 2:25:16 AM,-2.68
10103,4/10/2022 2:25:20 AM,-2.23
10103,4/10/2022 2:25:24 AM,-1.99
10103,4/10/2022 2:25:28 AM,-2.46
10103,4/10/2022 2:25:32 AM,-2.89
10103,4/10/2022 2:25:36 AM,-2.00
10103,4/10/2022 2:25:40 AM,-2.49
10103,4/10/2022 2:25:44 AM,-1.99
10103,4/10/2022 2:25:48 AM,-1.99
10103,4/10/2022 2:25:52 AM,-1.99
10103,4/10/2022 2:25:56 AM,-2.44
10103,4/10/2022 2:26:00 AM,-2.00
10103,4/10/2022 2:26:04 AM,-2.22
10103,4/10/2022 2:26:08 AM,-2.68
10103,4/10/2022 2:26:12 AM,-2.00
10103,4/10/2022 2:26:16 AM,-2.46
10103,4/10/2022 2:26:20 AM,-1.10
10103,4/10/2022 2:26:24 AM,-1.98
10103,4/10/2022 2:26:28 AM,-1.99
10103,4/10/2022 2:26:32 AM,-1.99
10103,4/10/2022 2:26:36 AM,-1.31
10103,4/10/2022 2:26:40 AM,-3.14
10103,4/10/2022 2:26:44 AM,-2.23
10103,4/10/2022 2:26:48 AM,-1.99
10103,4/10/2022 2:26:52 AM,-1.53
10103,4/10/2022 2:26:56 AM,-1.99
10103,4/10/2022 2:27:00 AM,-2.67
10103,4/10/2022 2:27:04 AM,-1.85
10103,4/10/2022 2:27:08 AM,-1.76
10103,4/10/2022 2:27:12 AM,-2.67
10103,4/10/2022 2:27:16 AM,-1.99
10103,4/10/2022 2:27:20 AM,-2.44
10103,4/10/2022 2:27:24 AM,-2.00
10103,4/10/2022 2:27:28 AM,-2.93
10103,4/10/2022 2:27:32 AM,-2.44
10103,4/10/2022 2:27:36 AM,-2.68
10103,4/10/2022 2:27:40 AM,-1.99
10103,4/10/2022 2:27:44 AM,-1.99
10103,4/10/2022 2:27:48 AM,-1.99
10103,4/10/2022 2:27:52 AM,-2.46
10103,4/10/2022 2:27:56 AM,-2.44
10103,4/10/2022 2:28:00 AM,-2.68
10103,4/10/2022 2:28:04 AM,-2.46
10103,4/10/2022 2:28:08 AM,-2.90
10103,4/10/2022 2:28:12 AM,-2.01
10103,4/10/2022 2:28:16 AM,-2.46
10103,4/10/2022 2:28:20 AM,-2.44
10103,4/10/2022 2:28:24 AM,-2.00
10103,4/10/2022 2:28:28 AM,-2.68
10103,4/10/2022 2:28:32 AM,-2.23
10103,4/10/2022 2:28:36 AM,-3.35
10103,4/10/2022 2:28:40 AM,-2.21
10103,4/10/2022 2:28:44 AM,-2.68
10103,4/10/2022 2:28:48 AM,-1.32
10103,4/10/2022 2:28:52 AM,-2.22
10103,4/10/2022 2:28:56 AM,-2.68
10103,4/10/2022 2:29:00 AM,-2.00
10103,4/10/2022 2:29:04 AM,-1.99
10103,4/10/2022 2:29:08 AM,-1.99
10103,4/10/2022 2:29:12 AM,-1.99
10103,4/10/2022 2:29:16 AM,-2.23
10103,4/10/2022 2:29:20 AM,-2.21
10103,4/10/2022 2:29:24 AM,-2.00
10103,4/10/2022 2:29:28 AM,-1.99
10103,4/10/2022 2:29:32 AM,-1.99
10103,4/10/2022 2:29:36 AM,-1.99
10103,4/10/2022 2:29:40 AM,-1.99
10103,4/10/2022 2:29:44 AM,-1.99
10103,4/10/2022 2:29:48 AM,-1.99
10103,4/10/2022 2:29:52 AM,-1.99
10103,4/10/2022 2:29:56 AM,-1.55
10103,4/10/2022 2:30:00 AM,-2.67
10103,4/10/2022 2:30:04 AM,-2.22
10103,4/10/2022 2:30:08 AM,-2.23
10103,4/10/2022 2:30:12 AM,-1.99
10103,4/10/2022 2:30:16 AM,-2.21
10103,4/10/2022 2:30:20 AM,-2.23
10103,4/10/2022 2:30:24 AM,-2.67
10103,4/10/2022 2:30:28 AM,-2.46
10103,4/10/2022 2:30:32 AM,-1.54
10103,4/10/2022 2:30:36 AM,-1.99
10103,4/10/2022 2:30:40 AM,-1.99
10103,4/10/2022 2:30:44 AM,-1.99
10103,4/10/2022 2:30:48 AM,-1.99
10103,4/10/2022 2:30:52 AM,-1.99
10103,4/10/2022 2:30:56 AM,-1.55
10103,4/10/2022 2:31:00 AM,-1.99
10103,4/10/2022 2:31:04 AM,-1.77
10103,4/10/2022 2:31:08 AM,-1.76
10103,4/10/2022 2:31:12 AM,-1.99
10103,4/10/2022 2:31:16 AM,-1.77
10103,4/10/2022 2:31:20 AM,-1.76
10103,4/10/2022 2:31:24 AM,-1.99
10103,4/10/2022 2:31:28 AM,-1.99
10103,4/10/2022 2:31:32 AM,-1.99
10103,4/10/2022 2:31:36 AM,-1.32
10103,4/10/2022 2:31:40 AM,-1.99
10103,4/10/2022 2:31:44 AM,-1.55
10103,4/10/2022 2:31:48 AM,-1.99
10103,4/10/2022 2:31:52 AM,-2.46
10103,4/10/2022 2:31:56 AM,-1.55
10103,4/10/2022 2:32:00 AM,-1.98
10103,4/10/2022 2:32:04 AM,-1.99
10103,4/10/2022 2:32:08 AM,-1.54
10103,4/10/2022 2:32:12 AM,-1.31
10103,4/10/2022 2:32:16 AM,-1.99
10103,4/10/2022 2:32:20 AM,-1.99
10103,4/10/2022 2:32:24 AM,-1.99
10103,4/10/2022 2:32:28 AM,-1.78
10103,4/10/2022 2:32:32 AM,-1.76
10103,4/10/2022 2:32:36 AM,-1.99
10103,4/10/2022 2:32:40 AM,-2.46
10103,4/10/2022 2:32:44 AM,-1.99
10103,4/10/2022 2:32:48 AM,-1.99
10103,4/10/2022 2:32:52 AM,-2.46
10103,4/10/2022 2:32:56 AM,-1.99
10103,4/10/2022 2:33:00 AM,-1.99
10103,4/10/2022 2:33:04 AM,-1.31
10103,4/10/2022 2:33:08 AM,-1.76
10103,4/10/2022 2:33:12 AM,-1.99
10103,4/10/2022 2:33:16 AM,-2.22
10103,4/10/2022 2:33:20 AM,-1.78
10103,4/10/2022 2:33:24 AM,-2.67
10103,4/10/2022 2:33:28 AM,-2.46
10103,4/10/2022 2:33:32 AM,-1.99
10103,4/10/2022 2:33:36 AM,-1.99
10103,4/10/2022 2:33:40 AM,-1.99
10103,4/10/2022 2:33:44 AM,-1.99
10103,4/10/2022 2:33:48 AM,-1.99
10103,4/10/2022 2:33:52 AM,-1.99
10103,4/10/2022 2:33:56 AM,-1.55
10103,4/10/2022 2:34:00 AM,-1.31
10103,4/10/2022 2:34:04 AM,-1.99
10103,4/10/2022 2:34:08 AM,-1.99
10103,4/10/2022 2:34:12 AM,-1.99
10103,4/10/2022 2:34:16 AM,-2.21
10103,4/10/2022 2:34:20 AM,-2.68
10103,4/10/2022 2:34:24 AM,-1.32
10103,4/10/2022 2:34:28 AM,-1.99
10103,4/10/2022 2:34:32 AM,-1.55
10103,4/10/2022 2:34:36 AM,-3.34
10103,4/10/2022 2:34:40 AM,-1.53
10103,4/10/2022 2:34:44 AM,-1.99
10103,4/10/2022 2:34:48 AM,-1.32
10103,4/10/2022 2:34:52 AM,-1.77
10103,4/10/2022 2:34:56 AM,-1.76
10103,4/10/2022 2:35:00 AM,-1.99
10103,4/10/2022 2:35:04 AM,-1.53
10103,4/10/2022 2:35:08 AM,-1.99
10103,4/10/2022 2:35:12 AM,-1.99
10103,4/10/2022 2:35:16 AM,-1.75
10103,4/10/2022 2:35:20 AM,-2.23
10103,4/10/2022 2:35:24 AM,-1.99
10103,4/10/2022 2:35:28 AM,-1.78
10103,4/10/2022 2:35:32 AM,-2.21
10103,4/10/2022 2:35:36 AM,-2.00
10103,4/10/2022 2:35:40 AM,-1.99
10103,4/10/2022 2:35:44 AM,-1.55
10103,4/10/2022 2:35:48 AM,-1.31
10103,4/10/2022 2:35:52 AM,-1.99
10103,4/10/2022 2:35:56 AM,-1.99
10103,4/10/2022 2:36:00 AM,-1.32
10103,4/10/2022 2:36:04 AM,-1.99
10103,4/10/2022 2:36:08 AM,-1.99
10103,4/10/2022 2:36:12 AM,-2.67
10103,4/10/2022 2:36:16 AM,-1.31
10103,4/10/2022 2:36:20 AM,-1.76
10103,4/10/2022 2:36:24 AM,-2.68
10103,4/10/2022 2:36:28 AM,-2.21
10103,4/10/2022 2:36:32 AM,-2.23
10103,4/10/2022 2:36:36 AM,-1.99
10103,4/10/2022 2:36:40 AM,-1.99
10103,4/10/2022 2:36:44 AM,-1.55
10103,4/10/2022 2:36:48 AM,-1.31
10103,4/10/2022 2:36:52 AM,-2.68
10103,4/10/2022 2:36:56 AM,-1.79
10103,4/10/2022 2:37:00 AM,-2.67
10103,4/10/2022 2:37:04 AM,-1.53
10103,4/10/2022 2:37:08 AM,-1.54
10103,4/10/2022 2:37:12 AM,-1.31
10103,4/10/2022 2:37:16 AM,-1.53
10103,4/10/2022 2:37:20 AM,-1.99
10103,4/10/2022 2:37:24 AM,-1.31
10103,4/10/2022 2:37:28 AM,-1.99
10103,4/10/2022 2:37:32 AM,-2.44
10103,4/10/2022 2:37:36 AM,-1.33
10103,4/10/2022 2:37:40 AM,-1.31
10103,4/10/2022 2:37:44 AM,-1.76
10103,4/10/2022 2:37:48 AM,-1.31
10103,4/10/2022 2:37:52 AM,-1.31
10103,4/10/2022 2:37:56 AM,-2.20
10103,4/10/2022 2:38:00 AM,-1.32
10103,4/10/2022 2:38:04 AM,-2.23
10103,4/10/2022 2:38:08 AM,-1.31
10103,4/10/2022 2:38:12 AM,-1.99
10103,4/10/2022 2:38:16 AM,-1.31
10103,4/10/2022 2:38:20 AM,-1.31
10103,4/10/2022 2:38:24 AM,-2.67
10103,4/10/2022 2:38:28 AM,-2.21
10103,4/10/2022 2:38:32 AM,-2.23
10103,4/10/2022 2:38:36 AM,-1.99
10103,4/10/2022 2:38:40 AM,-1.31
10103,4/10/2022 2:38:44 AM,-1.31
10103,4/10/2022 2:38:48 AM,-1.31
10103,4/10/2022 2:38:52 AM,-1.31
10103,4/10/2022 2:38:56 AM,-1.31
10103,4/10/2022 2:39:00 AM,-1.99
10103,4/10/2022 2:39:04 AM,-1.99
10103,4/10/2022 2:39:08 AM,-1.55
10103,4/10/2022 2:39:12 AM,-3.34
10103,4/10/2022 2:39:16 AM,-1.77
10103,4/10/2022 2:39:20 AM,-1.31
10103,4/10/2022 2:39:24 AM,-1.31
10103,4/10/2022 2:39:28 AM,-1.78
10103,4/10/2022 2:39:32 AM,-0.86
10103,4/10/2022 2:39:36 AM,-1.30
10103,4/10/2022 2:39:40 AM,-0.85
10103,4/10/2022 2:39:44 AM,-1.76
10103,4/10/2022 2:39:48 AM,-1.32
10103,4/10/2022 2:39:52 AM,-1.31
10103,4/10/2022 2:39:56 AM,-0.86
10103,4/10/2022 2:40:00 AM,-2.65
10103,4/10/2022 2:40:04 AM,-1.99
10103,4/10/2022 2:40:08 AM,-1.99
10103,4/10/2022 2:40:12 AM,-1.32
10103,4/10/2022 2:40:16 AM,-1.55
10103,4/10/2022 2:40:20 AM,-1.52
10103,4/10/2022 2:40:24 AM,-0.64
10103,4/10/2022 2:40:28 AM,-1.99
10103,4/10/2022 2:40:32 AM,-1.99
10103,4/10/2022 2:40:36 AM,-1.32
10103,4/10/2022 2:40:40 AM,-1.52
10103,4/10/2022 2:40:44 AM,-2.44
10103,4/10/2022 2:40:48 AM,-1.33
10103,4/10/2022 2:40:52 AM,-1.77
10103,4/10/2022 2:40:56 AM,-1.76
10103,4/10/2022 2:41:00 AM,-1.32
10103,4/10/2022 2:41:04 AM,-1.78
10103,4/10/2022 2:41:08 AM,-1.31
10103,4/10/2022 2:41:12 AM,-1.97
10103,4/10/2022 2:41:16 AM,-1.31
10103,4/10/2022 2:41:20 AM,-1.76
10103,4/10/2022 2:41:24 AM,-1.99
10103,4/10/2022 2:41:28 AM,-1.31
10103,4/10/2022 2:41:32 AM,-1.31
10103,4/10/2022 2:41:36 AM,-1.99
10103,4/10/2022 2:41:40 AM,-1.77
10103,4/10/2022 2:41:44 AM,-1.31
10103,4/10/2022 2:41:48 AM,-1.99
10103,4/10/2022 2:41:52 AM,-1.31
10103,4/10/2022 2:41:56 AM,-1.75
10103,4/10/2022 2:42:00 AM,-1.99
10103,4/10/2022 2:42:04 AM,-1.53
10103,4/10/2022 2:42:08 AM,-2.44
10103,4/10/2022 2:42:12 AM,-1.33
10103,4/10/2022 2:42:16 AM,-1.53
10103,4/10/2022 2:42:20 AM,-1.55
10103,4/10/2022 2:42:24 AM,-1.31
10103,4/10/2022 2:42:28 AM,-2.21
10103,4/10/2022 2:42:32 AM,-2.23
10103,4/10/2022 2:42:36 AM,-1.32
10103,4/10/2022 2:42:40 AM,-1.31
10103,4/10/2022 2:42:44 AM,-1.31
10103,4/10/2022 2:42:48 AM,-2.67
10103,4/10/2022 2:42:52 AM,-1.77
10103,4/10/2022 2:42:56 AM,-1.31
10103,4/10/2022 2:43:00 AM,-1.31
10103,4/10/2022 2:43:04 AM,-1.78
10103,4/10/2022 2:43:08 AM,-1.31
10103,4/10/2022 2:43:12 AM,-1.98
10103,4/10/2022 2:43:16 AM,-1.31
10103,4/10/2022 2:43:20 AM,-1.73
10103,4/10/2022 2:43:24 AM,-1.99
10103,4/10/2022 2:43:28 AM,-1.99
10103,4/10/2022 2:43:32 AM,-1.99
10103,4/10/2022 2:43:36 AM,-1.32
10103,4/10/2022 2:43:40 AM,-1.99
10103,4/10/2022 2:43:44 AM,-2.44
10103,4/10/2022 2:43:48 AM,-2.68
10103,4/10/2022 2:43:52 AM,-1.99
10103,4/10/2022 2:43:56 AM,-1.99
10103,4/10/2022 2:44:00 AM,-1.32
10103,4/10/2022 2:44:04 AM,-2.46
10103,4/10/2022 2:44:08 AM,-1.54
10103,4/10/2022 2:44:12 AM,-1.31
10103,4/10/2022 2:44:16 AM,-1.53
10103,4/10/2022 2:44:20 AM,-1.55
10103,4/10/2022 2:44:24 AM,-1.99
10103,4/10/2022 2:44:28 AM,-1.53
10103,4/10/2022 2:44:32 AM,-1.99
10103,4/10/2022 2:44:36 AM,-1.32
10103,4/10/2022 2:44:40 AM,-1.31
10103,4/10/2022 2:44:44 AM,-2.20
10103,4/10/2022 2:44:48 AM,-1.32
10103,4/10/2022 2:44:52 AM,-1.31
10103,4/10/2022 2:44:56 AM,-1.76
10103,4/10/2022 2:45:00 AM,-1.99
10103,4/10/2022 2:45:04 AM,-1.99
10103,4/10/2022 2:45:08 AM,-1.99
10103,4/10/2022 2:45:12 AM,-1.99
10103,4/10/2022 2:45:16 AM,-2.46
10103,4/10/2022 2:45:20 AM,-1.99
10103,4/10/2022 2:45:24 AM,-1.99
10103,4/10/2022 2:45:28 AM,-1.99
10103,4/10/2022 2:45:32 AM,-1.54
10103,4/10/2022 2:45:36 AM,-1.99
10103,4/10/2022 2:45:40 AM,-1.31
10103,4/10/2022 2:45:44 AM,-1.76
10103,4/10/2022 2:45:48 AM,-1.31
10103,4/10/2022 2:45:52 AM,-1.99
10103,4/10/2022 2:45:56 AM,-1.61
10103,4/10/2022 2:46:00 AM,-1.99
10103,4/10/2022 2:46:04 AM,-1.53
10103,4/10/2022 2:46:08 AM,-1.99
10103,4/10/2022 2:46:12 AM,-1.32
10103,4/10/2022 2:46:16 AM,-2.46
10103,4/10/2022 2:46:20 AM,-1.54
10103,4/10/2022 2:46:24 AM,-1.99
10103,4/10/2022 2:46:28 AM,-1.78
10103,4/10/2022 2:46:32 AM,-1.76
10103,4/10/2022 2:46:36 AM,-1.99
10103,4/10/2022 2:46:40 AM,-1.53
10103,4/10/2022 2:46:44 AM,-1.55
10103,4/10/2022 2:46:48 AM,-1.99
10103,4/10/2022 2:46:52 AM,-1.53
10103,4/10/2022 2:46:56 AM,-1.99
10103,4/10/2022 2:47:00 AM,-1.99
10103,4/10/2022 2:47:04 AM,-1.99
10103,4/10/2022 2:47:08 AM,-1.99
10103,4/10/2022 2:47:12 AM,-1.32
10103,4/10/2022 2:47:16 AM,-1.99
10103,4/10/2022 2:47:20 AM,-1.99
10103,4/10/2022 2:47:24 AM,-1.99
10103,4/10/2022 2:47:28 AM,-1.77
10103,4/10/2022 2:47:32 AM,-1.76
10103,4/10/2022 2:47:36 AM,-1.99
10103,4/10/2022 2:47:40 AM,-1.99
10103,4/10/2022 2:47:44 AM,-1.99
10103,4/10/2022 2:47:48 AM,-1.99
10103,4/10/2022 2:47:52 AM,-1.81
10103,4/10/2022 2:47:56 AM,-1.31
10103,4/10/2022 2:48:00 AM,-1.99
10103,4/10/2022 2:48:04 AM,-2.46
10103,4/10/2022 2:48:08 AM,-1.54
10103,4/10/2022 2:48:12 AM,-1.99
10103,4/10/2022 2:48:16 AM,-1.53
10103,4/10/2022 2:48:20 AM,-1.55
10103,4/10/2022 2:48:24 AM,-1.31
10103,4/10/2022 2:48:28 AM,-2.24
10103,4/10/2022 2:48:32 AM,-1.76
10103,4/10/2022 2:48:36 AM,-1.31
10103,4/10/2022 2:48:40 AM,-1.99
10103,4/10/2022 2:48:44 AM,-1.55
10103,4/10/2022 2:48:48 AM,-1.99
10103,4/10/2022 2:48:52 AM,-1.77
10103,4/10/2022 2:48:56 AM,-1.76
10103,4/10/2022 2:49:00 AM,-1.32
10103,4/10/2022 2:49:04 AM,-2.02
10103,4/10/2022 2:49:08 AM,-1.97
10103,4/10/2022 2:49:12 AM,-2.68
10103,4/10/2022 2:49:16 AM,-1.31
10103,4/10/2022 2:49:20 AM,-1.31
10103,4/10/2022 2:49:24 AM,-1.99
10103,4/10/2022 2:49:28 AM,-1.99
10103,4/10/2022 2:49:32 AM,-1.55
10103,4/10/2022 2:49:36 AM,-1.31
10103,4/10/2022 2:49:40 AM,-1.53
10103,4/10/2022 2:49:44 AM,-1.55
10103,4/10/2022 2:49:48 AM,-1.99
10103,4/10/2022 2:49:52 AM,-1.53
10103,4/10/2022 2:49:56 AM,-1.99
10103,4/10/2022 2:50:00 AM,-1.99
10103,4/10/2022 2:50:04 AM,-1.75
10103,4/10/2022 2:50:08 AM,-2.23
10103,4/10/2022 2:50:12 AM,-1.99
10103,4/10/2022 2:50:16 AM,-2.21
10103,4/10/2022 2:50:20 AM,-2.23
10103,4/10/2022 2:50:24 AM,-1.31
10103,4/10/2022 2:50:28 AM,-1.56
10103,4/10/2022 2:50:32 AM,-1.52
10103,4/10/2022 2:50:36 AM,-1.99
10103,4/10/2022 2:50:40 AM,-1.77
10103,4/10/2022 2:50:44 AM,-1.76
10103,4/10/2022 2:50:48 AM,-1.31
10103,4/10/2022 2:50:52 AM,-1.77
10103,4/10/2022 2:50:56 AM,-1.76
10103,4/10/2022 2:51:00 AM,-1.32
10103,4/10/2022 2:51:04 AM,-1.31
10103,4/10/2022 2:51:08 AM,-1.31
10103,4/10/2022 2:51:12 AM,-1.31
10103,4/10/2022 2:51:16 AM,-1.53
10103,4/10/2022 2:51:20 AM,-1.54
10103,4/10/2022 2:51:24 AM,-1.31
10103,4/10/2022 2:51:28 AM,-2.71
10103,4/10/2022 2:51:32 AM,-1.31
10103,4/10/2022 2:51:36 AM,-1.99
10103,4/10/2022 2:51:40 AM,-1.53
10103,4/10/2022 2:51:44 AM,-2.44
10103,4/10/2022 2:51:48 AM,-1.32
10103,4/10/2022 2:51:52 AM,-2.46
10103,4/10/2022 2:51:56 AM,-1.99
10103,4/10/2022 2:52:00 AM,-1.33
10103,4/10/2022 2:52:04 AM,-1.51
10103,4/10/2022 2:52:08 AM,-1.99
10103,4/10/2022 2:52:12 AM,-0.67
10103,4/10/2022 2:52:16 AM,-1.99
10103,4/10/2022 2:52:20 AM,-1.99
10103,4/10/2022 2:52:24 AM,-1.99
10103,4/10/2022 2:52:28 AM,-1.52
10103,4/10/2022 2:52:32 AM,-1.99
10103,4/10/2022 2:52:36 AM,-1.32
10103,4/10/2022 2:52:40 AM,-1.53
10103,4/10/2022 2:52:44 AM,-1.55
10103,4/10/2022 2:52:48 AM,-1.31
10103,4/10/2022 2:52:52 AM,-1.31
10103,4/10/2022 2:52:56 AM,-1.31
10103,4/10/2022 2:53:00 AM,-1.99
10103,4/10/2022 2:53:04 AM,-1.99
10103,4/10/2022 2:53:08 AM,-2.44
10103,4/10/2022 2:53:12 AM,-1.33
10103,4/10/2022 2:53:16 AM,-1.31
10103,4/10/2022 2:53:20 AM,-1.31
10103,4/10/2022 2:53:24 AM,-1.31
10103,4/10/2022 2:53:28 AM,-1.74
10103,4/10/2022 2:53:32 AM,-2.68
10103,4/10/2022 2:53:36 AM,-2.00
10103,4/10/2022 2:53:40 AM,-1.31
10103,4/10/2022 2:53:44 AM,-1.75
10103,4/10/2022 2:53:48 AM,-2.67
10103,4/10/2022 2:53:52 AM,-1.06
10103,4/10/2022 2:53:56 AM,-1.55
10103,4/10/2022 2:54:00 AM,-2.67
10103,4/10/2022 2:54:04 AM,-1.53
10103,4/10/2022 2:54:08 AM,-1.99
10103,4/10/2022 2:54:12 AM,-1.32
10103,4/10/2022 2:54:16 AM,-1.31
10103,4/10/2022 2:54:20 AM,-1.31
10103,4/10/2022 2:54:24 AM,-1.99
10103,4/10/2022 2:54:28 AM,-2.24
10103,4/10/2022 2:54:32 AM,-1.31
10103,4/10/2022 2:54:36 AM,-1.99
10103,4/10/2022 2:54:40 AM,-1.78
10103,4/10/2022 2:54:44 AM,-1.31
10103,4/10/2022 2:54:48 AM,-1.31
10103,4/10/2022 2:54:52 AM,-2.21
10103,4/10/2022 2:54:56 AM,-1.79
10103,4/10/2022 2:55:00 AM,-1.31
10103,4/10/2022 2:55:04 AM,-2.21
10103,4/10/2022 2:55:08 AM,-2.23
10103,4/10/2022 2:55:12 AM,-0.64
10103,4/10/2022 2:55:16 AM,-1.53
10103,4/10/2022 2:55:20 AM,-1.55
10103,4/10/2022 2:55:24 AM,-1.31
10103,4/10/2022 2:55:28 AM,-1.99
10103,4/10/2022 2:55:32 AM,-1.99
10103,4/10/2022 2:55:36 AM,-1.99
10103,4/10/2022 2:55:40 AM,-2.68
10103,4/10/2022 2:55:44 AM,-1.34
10103,4/10/2022 2:55:48 AM,-1.30
10103,4/10/2022 2:55:52 AM,-1.31
10103,4/10/2022 2:55:56 AM,-1.75
10103,4/10/2022 2:56:00 AM,-1.36
10103,4/10/2022 2:56:04 AM,-1.53
10103,4/10/2022 2:56:08 AM,-1.55
10103,4/10/2022 2:56:12 AM,-1.98
10103,4/10/2022 2:56:16 AM,-2.25
10103,4/10/2022 2:56:20 AM,-1.76
10103,4/10/2022 2:56:24 AM,-1.99
10103,4/10/2022 2:56:28 AM,-1.75
10103,4/10/2022 2:56:32 AM,-2.23
10103,4/10/2022 2:56:36 AM,-1.32
10103,4/10/2022 2:56:40 AM,-1.31
10103,4/10/2022 2:56:44 AM,-1.31
10103,4/10/2022 2:56:48 AM,-1.31
10103,4/10/2022 2:56:52 AM,-1.31
10103,4/10/2022 2:56:56 AM,-1.76
10103,4/10/2022 2:57:00 AM,-1.32
10103,4/10/2022 2:57:04 AM,-1.31
10103,4/10/2022 2:57:08 AM,-1.31
10103,4/10/2022 2:57:12 AM,-2.66
10103,4/10/2022 2:57:16 AM,-2.21
10103,4/10/2022 2:57:20 AM,-1.78
10103,4/10/2022 2:57:24 AM,-1.31
10103,4/10/2022 2:57:28 AM,-1.31
10103,4/10/2022 2:57:32 AM,-1.76
10103,4/10/2022 2:57:36 AM,-1.99
10103,4/10/2022 2:57:40 AM,-1.53
10103,4/10/2022 2:57:44 AM,-1.99
10103,4/10/2022 2:57:48 AM,-1.31
10103,4/10/2022 2:57:52 AM,-1.77
10103,4/10/2022 2:57:56 AM,-1.31
10103,4/10/2022 2:58:00 AM,-1.31
10103,4/10/2022 2:58:04 AM,-1.99
10103,4/10/2022 2:58:08 AM,-1.99
10103,4/10/2022 2:58:12 AM,-1.99
10103,4/10/2022 2:58:16 AM,-2.24
10103,4/10/2022 2:58:20 AM,-2.20
10103,4/10/2022 2:58:24 AM,-1.32
10103,4/10/2022 2:58:28 AM,-1.99
10103,4/10/2022 2:58:32 AM,-1.99
10103,4/10/2022 2:58:36 AM,-1.31
10103,4/10/2022 2:58:40 AM,-1.31
10103,4/10/2022 2:58:44 AM,-1.31
10103,4/10/2022 2:58:48 AM,-1.31
10103,4/10/2022 2:58:52 AM,-1.29
10103,4/10/2022 2:58:56 AM,-1.79
10103,4/10/2022 2:59:00 AM,-1.31
10103,4/10/2022 2:59:04 AM,-1.77
10103,4/10/2022 2:59:08 AM,-1.31
10103,4/10/2022 2:59:12 AM,-1.31
10103,4/10/2022 2:59:16 AM,-1.53
10103,4/10/2022 2:59:20 AM,-1.99
10103,4/10/2022 2:59:24 AM,-1.32
10103,4/10/2022 2:59:28 AM,-2.25
10103,4/10/2022 2:59:32 AM,-1.31
10103,4/10/2022 2:59:36 AM,-0.63
10103,4/10/2022 2:59:40 AM,-1.53
10103,4/10/2022 2:59:44 AM,-1.55
10103,4/10/2022 2:59:48 AM,-1.99
10103,4/10/2022 2:59:52 AM,-1.53
10103,4/10/2022 2:59:56 AM,-1.55
10103,4/10/2022 3:00:00 AM,-1.99
10103,4/10/2022 3:00:04 AM,-1.99
10103,4/10/2022 3:00:08 AM,-1.54
10103,4/10/2022 3:00:12 AM,-2.66
10103,4/10/2022 3:00:16 AM,-1.53
10103,4/10/2022 3:00:20 AM,-1.99
10103,4/10/2022 3:00:24 AM,-1.99
10103,4/10/2022 3:00:28 AM,-1.99
10103,4/10/2022 3:00:32 AM,-1.09
10103,4/10/2022 3:00:36 AM,-1.99
10103,4/10/2022 3:00:40 AM,-1.31
10103,4/10/2022 3:00:44 AM,-1.31
10103,4/10/2022 3:00:48 AM,-1.31
10103,4/10/2022 3:00:52 AM,-1.99
10103,4/10/2022 3:00:56 AM,-1.54
10103,4/10/2022 3:01:00 AM,-1.31
10103,4/10/2022 3:01:04 AM,-1.99
10103,4/10/2022 3:01:08 AM,-1.55
10103,4/10/2022 3:01:12 AM,-1.31
10103,4/10/2022 3:01:16 AM,-1.77
10103,4/10/2022 3:01:20 AM,-1.31
10103,4/10/2022 3:01:24 AM,-1.99
10103,4/10/2022 3:01:28 AM,-1.78
10103,4/10/2022 3:01:32 AM,-1.76
10103,4/10/2022 3:01:36 AM,-1.31
10103,4/10/2022 3:01:40 AM,-1.07
10103,4/10/2022 3:01:44 AM,-1.54
10103,4/10/2022 3:01:48 AM,-1.31
10103,4/10/2022 3:01:52 AM,-1.53
10103,4/10/2022 3:01:56 AM,-1.55
10103,4/10/2022 3:02:00 AM,-2.67
10103,4/10/2022 3:02:04 AM,-1.31
10103,4/10/2022 3:02:08 AM,-1.31
10103,4/10/2022 3:02:12 AM,-1.31
10103,4/10/2022 3:02:16 AM,-1.77
10103,4/10/2022 3:02:20 AM,-1.76
10103,4/10/2022 3:02:24 AM,-1.31
10103,4/10/2022 3:02:28 AM,-2.46
10103,4/10/2022 3:02:32 AM,-1.54
10103,4/10/2022 3:02:36 AM,-1.31
10103,4/10/2022 3:02:40 AM,-1.75
10103,4/10/2022 3:02:44 AM,-2.23
10103,4/10/2022 3:02:48 AM,-1.31
10103,4/10/2022 3:02:52 AM,-1.53
10103,4/10/2022 3:02:56 AM,-1.55
10103,4/10/2022 3:03:00 AM,-2.67
10103,4/10/2022 3:03:04 AM,-1.99
10103,4/10/2022 3:03:08 AM,-1.54
10103,4/10/2022 3:03:12 AM,-1.99
10103,4/10/2022 3:03:16 AM,-1.77
10103,4/10/2022 3:03:20 AM,-1.76
10103,4/10/2022 3:03:24 AM,-1.99
10103,4/10/2022 3:03:28 AM,-1.75
10103,4/10/2022 3:03:32 AM,-1.78
10103,4/10/2022 3:03:36 AM,-1.31
10103,4/10/2022 3:03:40 AM,-0.85
10103,4/10/2022 3:03:44 AM,-2.21
10103,4/10/2022 3:03:48 AM,-2.68
10103,4/10/2022 3:03:52 AM,-1.31
10103,4/10/2022 3:03:56 AM,-1.31
10103,4/10/2022 3:04:00 AM,-2.67
10103,4/10/2022 3:04:04 AM,-0.95
10103,4/10/2022 3:04:08 AM,-1.99
10103,4/10/2022 3:04:12 AM,-1.99
10103,4/10/2022 3:04:16 AM,-1.53
10103,4/10/2022 3:04:20 AM,-1.54
10103,4/10/2022 3:04:24 AM,-1.31
10103,4/10/2022 3:04:28 AM,-1.06
10103,4/10/2022 3:04:32 AM,-1.99
10103,4/10/2022 3:04:36 AM,-1.31
10103,4/10/2022 3:04:40 AM,-1.31
10103,4/10/2022 3:04:44 AM,-1.31
10103,4/10/2022 3:04:48 AM,-1.31
10103,4/10/2022 3:04:52 AM,-2.46
10103,4/10/2022 3:04:56 AM,-1.99
10103,4/10/2022 3:05:00 AM,-2.67
10103,4/10/2022 3:05:04 AM,-1.77
10103,4/10/2022 3:05:08 AM,-1.31
10103,4/10/2022 3:05:12 AM,-2.66
10103,4/10/2022 3:05:16 AM,-1.53
10103,4/10/2022 3:05:20 AM,-2.44
10103,4/10/2022 3:05:24 AM,-2.02
10103,4/10/2022 3:05:28 AM,-1.31
10103,4/10/2022 3:05:32 AM,-1.31
10103,4/10/2022 3:05:36 AM,-1.31
10103,4/10/2022 3:05:40 AM,-1.07
10103,4/10/2022 3:05:44 AM,-1.99
10103,4/10/2022 3:05:48 AM,-1.99
10103,4/10/2022 3:05:52 AM,-1.77
10103,4/10/2022 3:05:56 AM,-1.76
10103,4/10/2022 3:06:00 AM,-2.67
10103,4/10/2022 3:06:04 AM,-1.77
10103,4/10/2022 3:06:08 AM,-1.76
10103,4/10/2022 3:06:12 AM,-1.32
10103,4/10/2022 3:06:16 AM,-1.53
10103,4/10/2022 3:06:20 AM,-1.99
10103,4/10/2022 3:06:24 AM,-1.99
10103,4/10/2022 3:06:28 AM,-1.99
10103,4/10/2022 3:06:32 AM,-1.54
10103,4/10/2022 3:06:36 AM,-1.99
10103,4/10/2022 3:06:40 AM,-1.99
10103,4/10/2022 3:06:44 AM,-1.55
10103,4/10/2022 3:06:48 AM,-1.31
10103,4/10/2022 3:06:52 AM,-1.31
10103,4/10/2022 3:06:56 AM,-1.76
10103,4/10/2022 3:07:00 AM,-1.31
10103,4/10/2022 3:07:04 AM,-1.53
10103,4/10/2022 3:07:08 AM,-1.99
10103,4/10/2022 3:07:12 AM,-1.32
10103,4/10/2022 3:07:16 AM,-2.22
10103,4/10/2022 3:07:20 AM,-2.23
10103,4/10/2022 3:07:24 AM,-1.99
10103,4/10/2022 3:07:28 AM,-1.99
10103,4/10/2022 3:07:32 AM,-1.99
10103,4/10/2022 3:07:36 AM,-1.99
10103,4/10/2022 3:07:40 AM,-1.07
10103,4/10/2022 3:07:44 AM,-1.99
10103,4/10/2022 3:07:48 AM,-1.99
10103,4/10/2022 3:07:52 AM,-1.31
10103,4/10/2022 3:07:56 AM,-1.76
10103,4/10/2022 3:08:00 AM,-1.99
10103,4/10/2022 3:08:04 AM,-2.49
10103,4/10/2022 3:08:08 AM,-1.59
10103,4/10/2022 3:08:12 AM,-2.66
10103,4/10/2022 3:08:16 AM,-1.53
10103,4/10/2022 3:08:20 AM,-1.55
10103,4/10/2022 3:08:24 AM,-1.99
10103,4/10/2022 3:08:28 AM,-2.21
10103,4/10/2022 3:08:32 AM,-2.23
10103,4/10/2022 3:08:36 AM,-2.67
10103,4/10/2022 3:08:40 AM,-1.31
10103,4/10/2022 3:08:44 AM,-1.76
10103,4/10/2022 3:08:48 AM,-2.67
10103,4/10/2022 3:08:52 AM,-1.09
10103,4/10/2022 3:08:56 AM,-1.52
10103,4/10/2022 3:09:00 AM,-1.99
10103,4/10/2022 3:09:04 AM,-1.31
10103,4/10/2022 3:09:08 AM,-1.76
10103,4/10/2022 3:09:12 AM,-1.99
10103,4/10/2022 3:09:16 AM,-1.78
10103,4/10/2022 3:09:20 AM,-2.20
10103,4/10/2022 3:09:24 AM,-1.33
10103,4/10/2022 3:09:28 AM,-1.99
10103,4/10/2022 3:09:32 AM,-1.55
10103,4/10/2022 3:09:36 AM,-1.99
10103,4/10/2022 3:09:40 AM,-1.75
10103,4/10/2022 3:09:44 AM,-1.78
10103,4/10/2022 3:09:48 AM,-2.67
10103,4/10/2022 3:09:52 AM,-1.31
10103,4/10/2022 3:09:56 AM,-1.76
10103,4/10/2022 3:10:00 AM,-2.67
10103,4/10/2022 3:10:04 AM,-1.50
10103,4/10/2022 3:10:08 AM,-1.99
10103,4/10/2022 3:10:12 AM,-1.32
10103,4/10/2022 3:10:16 AM,-1.77
10103,4/10/2022 3:10:20 AM,-1.76
10103,4/10/2022 3:10:24 AM,-1.99
10103,4/10/2022 3:10:28 AM,-1.99
10103,4/10/2022 3:10:32 AM,-1.99
10103,4/10/2022 3:10:36 AM,-1.99
10103,4/10/2022 3:10:40 AM,-1.53
10103,4/10/2022 3:10:44 AM,-1.55
10103,4/10/2022 3:10:48 AM,-1.31
10103,4/10/2022 3:10:52 AM,-2.46
10103,4/10/2022 3:10:56 AM,-1.55
10103,4/10/2022 3:11:00 AM,-2.67
10103,4/10/2022 3:11:04 AM,-1.31
10103,4/10/2022 3:11:08 AM,-1.76
10103,4/10/2022 3:11:12 AM,-0.64
10103,4/10/2022 3:11:16 AM,-1.53
10103,4/10/2022 3:11:20 AM,-1.99
10103,4/10/2022 3:11:24 AM,-1.99
10103,4/10/2022 3:11:28 AM,-1.78
10103,4/10/2022 3:11:32 AM,-1.76
10103,4/10/2022 3:11:36 AM,-1.99
10103,4/10/2022 3:11:40 AM,-1.74
10103,4/10/2022 3:11:44 AM,-1.78
10103,4/10/2022 3:11:48 AM,-1.99
10103,4/10/2022 3:11:52 AM,-1.99
10103,4/10/2022 3:11:56 AM,-1.55
10103,4/10/2022 3:12:00 AM,-2.67
10103,4/10/2022 3:12:04 AM,-1.99
10103,4/10/2022 3:12:08 AM,-1.55
10103,4/10/2022 3:12:12 AM,-1.31
10103,4/10/2022 3:12:16 AM,-1.77
10103,4/10/2022 3:12:20 AM,-1.31
10103,4/10/2022 3:12:24 AM,-1.99
10103,4/10/2022 3:12:28 AM,-1.31
10103,4/10/2022 3:12:32 AM,-2.21
10103,4/10/2022 3:12:36 AM,-2.00
10103,4/10/2022 3:12:40 AM,-1.78
10103,4/10/2022 3:12:44 AM,-1.31
10103,4/10/2022 3:12:48 AM,-1.99
10103,4/10/2022 3:12:52 AM,-1.31
10103,4/10/2022 3:12:56 AM,-1.76
10103,4/10/2022 3:13:00 AM,-1.32
10103,4/10/2022 3:13:04 AM,-1.74
10103,4/10/2022 3:13:08 AM,-2.68
10103,4/10/2022 3:13:12 AM,-1.33
10103,4/10/2022 3:13:16 AM,-2.21
10103,4/10/2022 3:13:20 AM,-2.23
10103,4/10/2022 3:13:24 AM,-1.99
10103,4/10/2022 3:13:28 AM,-1.99
10103,4/10/2022 3:13:32 AM,-1.55
10103,4/10/2022 3:13:36 AM,-1.99
10103,4/10/2022 3:13:40 AM,-1.31
10103,4/10/2022 3:13:44 AM,-1.76
10103,4/10/2022 3:13:48 AM,-1.99
10103,4/10/2022 3:13:52 AM,-1.99
10103,4/10/2022 3:13:56 AM,-1.99
10103,4/10/2022 3:14:00 AM,-1.99
10103,4/10/2022 3:14:04 AM,-1.31
10103,4/10/2022 3:14:08 AM,-1.31
10103,4/10/2022 3:14:12 AM,-1.98
10103,4/10/2022 3:14:16 AM,-1.75
10103,4/10/2022 3:14:20 AM,-2.23
10103,4/10/2022 3:14:24 AM,-2.67
10103,4/10/2022 3:14:28 AM,-1.53
10103,4/10/2022 3:14:32 AM,-1.55
10103,4/10/2022 3:14:36 AM,-2.67
10103,4/10/2022 3:14:40 AM,-2.24
10103,4/10/2022 3:14:44 AM,-1.31
10103,4/10/2022 3:14:48 AM,-1.99
10103,4/10/2022 3:14:52 AM,-1.77
10103,4/10/2022 3:14:56 AM,-1.31
10103,4/10/2022 3:15:00 AM,-1.31
10103,4/10/2022 3:15:04 AM,-1.77
10103,4/10/2022 3:15:08 AM,-1.31
10103,4/10/2022 3:15:12 AM,-1.31
10103,4/10/2022 3:15:16 AM,-2.46
10103,4/10/2022 3:15:20 AM,-1.55
10103,4/10/2022 3:15:24 AM,-1.31
10103,4/10/2022 3:15:28 AM,-1.31
10103,4/10/2022 3:15:32 AM,-1.31
10103,4/10/2022 3:15:36 AM,-1.99
10103,4/10/2022 3:15:40 AM,-1.31
10103,4/10/2022 3:15:44 AM,-1.31
10103,4/10/2022 3:15:48 AM,-1.31
10103,4/10/2022 3:15:52 AM,-1.53
10103,4/10/2022 3:15:56 AM,-1.99
10103,4/10/2022 3:16:00 AM,-1.31
10103,4/10/2022 3:16:04 AM,-1.99
10103,4/10/2022 3:16:08 AM,-1.54
10103,4/10/2022 3:16:12 AM,-1.31
10103,4/10/2022 3:16:16 AM,-1.64
10103,4/10/2022 3:16:20 AM,-2.68
10103,4/10/2022 3:16:24 AM,-1.32
10103,4/10/2022 3:16:28 AM,-2.24
10103,4/10/2022 3:16:32 AM,-1.31
10103,4/10/2022 3:16:36 AM,-1.31
10103,4/10/2022 3:16:40 AM,-1.99
10103,4/10/2022 3:16:44 AM,-1.55
10103,4/10/2022 3:16:48 AM,-1.31
10103,4/10/2022 3:16:52 AM,-1.77
10103,4/10/2022 3:16:56 AM,-1.76
10103,4/10/2022 3:17:00 AM,-1.31
10103,4/10/2022 3:17:04 AM,-1.31
10103,4/10/2022 3:17:08 AM,-1.31
10103,4/10/2022 3:17:12 AM,-2.66
10103,4/10/2022 3:17:16 AM,-1.53
10103,4/10/2022 3:17:20 AM,-1.99
10103,4/10/2022 3:17:24 AM,-0.63
10103,4/10/2022 3:17:28 AM,-1.99
10103,4/10/2022 3:17:32 AM,-2.44
10103,4/10/2022 3:17:36 AM,-1.32
10103,4/10/2022 3:17:40 AM,-1.31
10103,4/10/2022 3:17:44 AM,-1.76
10103,4/10/2022 3:17:48 AM,-1.99
10103,4/10/2022 3:17:52 AM,-2.21
10103,4/10/2022 3:17:56 AM,-2.23
10103,4/10/2022 3:18:00 AM,-1.99
10103,4/10/2022 3:18:04 AM,-1.75
10103,4/10/2022 3:18:08 AM,-1.78
10103,4/10/2022 3:18:12 AM,-1.31
10103,4/10/2022 3:18:16 AM,-1.77
10103,4/10/2022 3:18:20 AM,-2.21
10103,4/10/2022 3:18:24 AM,-1.32
10103,4/10/2022 3:18:28 AM,-2.43
10103,4/10/2022 3:18:32 AM,-2.02
10103,4/10/2022 3:18:36 AM,-1.31
10103,4/10/2022 3:18:40 AM,-1.53
10103,4/10/2022 3:18:44 AM,-2.44
10103,4/10/2022 3:18:48 AM,-2.00
10103,4/10/2022 3:18:52 AM,-1.99
10103,4/10/2022 3:18:56 AM,-1.55
10103,4/10/2022 3:19:00 AM,-1.31
10103,4/10/2022 3:19:04 AM,-1.77
10103,4/10/2022 3:19:08 AM,-2.21
10103,4/10/2022 3:19:12 AM,-1.33
10103,4/10/2022 3:19:16 AM,-1.75
10103,4/10/2022 3:19:20 AM,-2.23
10103,4/10/2022 3:19:24 AM,-1.31
10103,4/10/2022 3:19:28 AM,-1.78
10103,4/10/2022 3:19:32 AM,-1.31
10103,4/10/2022 3:19:36 AM,-1.31
10103,4/10/2022 3:19:40 AM,-2.68
10103,4/10/2022 3:19:44 AM,-2.68
10103,4/10/2022 3:19:48 AM,-2.00
10103,4/10/2022 3:19:52 AM,-2.46
10103,4/10/2022 3:19:56 AM,-1.99
10103,4/10/2022 3:20:00 AM,-2.67
10103,4/10/2022 3:20:04 AM,-1.99
10103,4/10/2022 3:20:08 AM,-1.99
10103,4/10/2022 3:20:12 AM,-1.99
10103,4/10/2022 3:20:16 AM,-1.99
10103,4/10/2022 3:20:20 AM,-1.99
10103,4/10/2022 3:20:24 AM,-1.99
10103,4/10/2022 3:20:28 AM,-1.53
10103,4/10/2022 3:20:32 AM,-2.44
10103,4/10/2022 3:20:36 AM,-2.00
10103,4/10/2022 3:20:40 AM,-1.56
10103,4/10/2022 3:20:44 AM,-1.52
10103,4/10/2022 3:20:48 AM,-1.99
10103,4/10/2022 3:20:52 AM,-1.53
10103,4/10/2022 3:20:56 AM,-1.99
10103,4/10/2022 3:21:00 AM,-1.32
10103,4/10/2022 3:21:04 AM,-1.75
10103,4/10/2022 3:21:08 AM,-1.78
10103,4/10/2022 3:21:12 AM,-1.98
10103,4/10/2022 3:21:16 AM,-2.22
10103,4/10/2022 3:21:20 AM,-2.23
10103,4/10/2022 3:21:24 AM,-1.32
10103,4/10/2022 3:21:28 AM,-1.74
10103,4/10/2022 3:21:32 AM,-2.23
10103,4/10/2022 3:21:36 AM,-1.32
10103,4/10/2022 3:21:40 AM,-1.31
10103,4/10/2022 3:21:44 AM,-1.31
10103,4/10/2022 3:21:48 AM,-1.99
10103,4/10/2022 3:21:52 AM,-1.53
10103,4/10/2022 3:21:56 AM,-1.55
10103,4/10/2022 3:22:00 AM,-1.31
10103,4/10/2022 3:22:04 AM,-1.53
10103,4/10/2022 3:22:08 AM,-1.99
10103,4/10/2022 3:22:12 AM,-1.99
10103,4/10/2022 3:22:16 AM,-1.99
10103,4/10/2022 3:22:20 AM,-1.99
10103,4/10/2022 3:22:24 AM,-2.67
10103,4/10/2022 3:22:28 AM,-1.53
10103,4/10/2022 3:22:32 AM,-1.55
10103,4/10/2022 3:22:36 AM,-1.99
10103,4/10/2022 3:22:40 AM,-1.31
10103,4/10/2022 3:22:44 AM,-1.71
10103,4/10/2022 3:22:48 AM,-1.32
10103,4/10/2022 3:22:52 AM,-1.53
10103,4/10/2022 3:22:56 AM,-1.55
10103,4/10/2022 3:23:00 AM,-1.98
10103,4/10/2022 3:23:04 AM,-1.31
10103,4/10/2022 3:23:08 AM,-1.31
10103,4/10/2022 3:23:12 AM,-1.31
10103,4/10/2022 3:23:16 AM,-1.53
10103,4/10/2022 3:23:20 AM,-1.99
10103,4/10/2022 3:23:24 AM,-1.99
10103,4/10/2022 3:23:28 AM,-2.25
10103,4/10/2022 3:23:32 AM,-2.20
10103,4/10/2022 3:23:36 AM,-1.32
10103,4/10/2022 3:23:40 AM,-1.99
10103,4/10/2022 3:23:44 AM,-1.99
10103,4/10/2022 3:23:48 AM,-1.99
10103,4/10/2022 3:23:52 AM,-1.99
10103,4/10/2022 3:23:56 AM,-1.99
10103,4/10/2022 3:24:00 AM,-1.99
10103,4/10/2022 3:24:04 AM,-2.21
10103,4/10/2022 3:24:08 AM,-2.23
10103,4/10/2022 3:24:12 AM,-1.32
10103,4/10/2022 3:24:16 AM,-1.56
10103,4/10/2022 3:24:20 AM,-1.07
10103,4/10/2022 3:24:24 AM,-2.67
10103,4/10/2022 3:24:28 AM,-1.53
10103,4/10/2022 3:24:32 AM,-1.99
10103,4/10/2022 3:24:36 AM,-0.65
10103,4/10/2022 3:24:40 AM,-1.99
10103,4/10/2022 3:24:44 AM,-1.99
10103,4/10/2022 3:24:48 AM,-1.32
10103,4/10/2022 3:24:52 AM,-1.99
10103,4/10/2022 3:24:56 AM,-1.55
10103,4/10/2022 3:25:00 AM,-1.31
10103,4/10/2022 3:25:04 AM,-1.78
10103,4/10/2022 3:25:08 AM,-1.76
10103,4/10/2022 3:25:12 AM,-1.99
10103,4/10/2022 3:25:16 AM,-1.77
10103,4/10/2022 3:25:20 AM,-1.31
10103,4/10/2022 3:25:24 AM,-1.99
10103,4/10/2022 3:25:28 AM,-1.31
10103,4/10/2022 3:25:32 AM,-1.31
10103,4/10/2022 3:25:36 AM,-1.31
10103,4/10/2022 3:25:40 AM,-1.99
10103,4/10/2022 3:25:44 AM,-1.99
10103,4/10/2022 3:25:48 AM,-1.99
10103,4/10/2022 3:25:52 AM,-1.77
10103,4/10/2022 3:25:56 AM,-1.31
10103,4/10/2022 3:26:00 AM,-1.99
10103,4/10/2022 3:26:04 AM,-1.99
10103,4/10/2022 3:26:08 AM,-1.99
10103,4/10/2022 3:26:12 AM,-2.67
10103,4/10/2022 3:26:16 AM,-2.46
10103,4/10/2022 3:26:20 AM,-1.99
10103,4/10/2022 3:26:24 AM,-1.32
10103,4/10/2022 3:26:28 AM,-1.77
10103,4/10/2022 3:26:32 AM,-2.21
10103,4/10/2022 3:26:36 AM,-2.68
10103,4/10/2022 3:26:40 AM,-2.24
10103,4/10/2022 3:26:44 AM,-1.76
10103,4/10/2022 3:26:48 AM,-2.67
10103,4/10/2022 3:26:52 AM,-1.99
10103,4/10/2022 3:26:56 AM,-1.99
10103,4/10/2022 3:27:00 AM,-1.99
10103,4/10/2022 3:27:04 AM,-1.99
10103,4/10/2022 3:27:08 AM,-1.55
10103,4/10/2022 3:27:12 AM,-1.31
10103,4/10/2022 3:27:16 AM,-2.22
10103,4/10/2022 3:27:20 AM,-1.78
10103,4/10/2022 3:27:24 AM,-2.67
10103,4/10/2022 3:27:28 AM,-1.53
10103,4/10/2022 3:27:32 AM,-1.99
10103,4/10/2022 3:27:36 AM,-1.99
10103,4/10/2022 3:27:40 AM,-1.99
10103,4/10/2022 3:27:44 AM,-1.99
10103,4/10/2022 3:27:48 AM,-1.99
10103,4/10/2022 3:27:52 AM,-1.31
10103,4/10/2022 3:27:56 AM,-1.31
10103,4/10/2022 3:28:00 AM,-1.99
10103,4/10/2022 3:28:04 AM,-1.53
10103,4/10/2022 3:28:08 AM,-1.99
10103,4/10/2022 3:28:12 AM,-1.32
10103,4/10/2022 3:28:16 AM,-1.77
10103,4/10/2022 3:28:20 AM,-1.31
10103,4/10/2022 3:28:24 AM,-2.67
10103,4/10/2022 3:28:28 AM,-0.85
10103,4/10/2022 3:28:32 AM,-0.86
10103,4/10/2022 3:28:36 AM,-2.65
10103,4/10/2022 3:28:40 AM,-1.31
10103,4/10/2022 3:28:44 AM,-2.21
10103,4/10/2022 3:28:48 AM,-2.00
10103,4/10/2022 3:28:52 AM,-1.53
10103,4/10/2022 3:28:56 AM,-1.99
10103,4/10/2022 3:29:00 AM,-1.99
10103,4/10/2022 3:29:04 AM,-1.09
10103,4/10/2022 3:29:08 AM,-1.07
10103,4/10/2022 3:29:12 AM,-1.99
10103,4/10/2022 3:29:16 AM,-1.31
10103,4/10/2022 3:29:20 AM,-1.31
10103,4/10/2022 3:29:24 AM,-1.31
10103,4/10/2022 3:29:28 AM,-1.31
10103,4/10/2022 3:29:32 AM,-1.31
10103,4/10/2022 3:29:36 AM,-1.99
10103,4/10/2022 3:29:40 AM,-2.24
10103,4/10/2022 3:29:44 AM,-2.13
10103,4/10/2022 3:29:48 AM,-1.32
10103,4/10/2022 3:29:52 AM,-1.99
10103,4/10/2022 3:29:56 AM,-1.55
10103,4/10/2022 3:30:00 AM,-2.66
10103,4/10/2022 3:30:04 AM,-1.31
10103,4/10/2022 3:30:08 AM,-1.76
10103,4/10/2022 3:30:12 AM,-1.99
10103,4/10/2022 3:30:16 AM,-2.46
10103,4/10/2022 3:30:20 AM,-1.99
10103,4/10/2022 3:30:24 AM,-1.99
10103,4/10/2022 3:30:28 AM,-1.75
10103,4/10/2022 3:30:32 AM,-2.68
10103,4/10/2022 3:30:36 AM,-2.00
10103,4/10/2022 3:30:40 AM,-1.99
10103,4/10/2022 3:30:44 AM,-1.99
10103,4/10/2022 3:30:48 AM,-1.99
10103,4/10/2022 3:30:52 AM,-1.99
10103,4/10/2022 3:30:56 AM,-1.55
10103,4/10/2022 3:31:00 AM,-1.99
10103,4/10/2022 3:31:04 AM,-1.99
10103,4/10/2022 3:31:08 AM,-1.99
10103,4/10/2022 3:31:12 AM,-2.67
10103,4/10/2022 3:31:16 AM,-2.46
10103,4/10/2022 3:31:20 AM,-1.99
10103,4/10/2022 3:31:24 AM,-1.31
10103,4/10/2022 3:31:28 AM,-1.78
10103,4/10/2022 3:31:32 AM,-1.31
10103,4/10/2022 3:31:36 AM,-1.99
10103,4/10/2022 3:31:40 AM,-1.99
10103,4/10/2022 3:31:44 AM,-1.55
10103,4/10/2022 3:31:48 AM,-1.99
10103,4/10/2022 3:31:52 AM,-2.21
10103,4/10/2022 3:31:56 AM,-2.23
10103,4/10/2022 3:32:00 AM,-2.67
10103,4/10/2022 3:32:04 AM,-2.46
10103,4/10/2022 3:32:08 AM,-1.55
10103,4/10/2022 3:32:12 AM,-1.99
10103,4/10/2022 3:32:16 AM,-1.77
10103,4/10/2022 3:32:20 AM,-1.31
10103,4/10/2022 3:32:24 AM,-2.67
10103,4/10/2022 3:32:28 AM,-1.31
10103,4/10/2022 3:32:32 AM,-1.31
10103,4/10/2022 3:32:36 AM,-1.31
10103,4/10/2022 3:32:40 AM,-2.24
10103,4/10/2022 3:32:44 AM,-1.31
10103,4/10/2022 3:32:48 AM,-1.31
10103,4/10/2022 3:32:52 AM,-1.31
10103,4/10/2022 3:32:56 AM,-1.76
10103,4/10/2022 3:33:00 AM,-1.32
10103,4/10/2022 3:33:04 AM,-1.99
10103,4/10/2022 3:33:08 AM,-1.55
10103,4/10/2022 3:33:12 AM,-1.98
10103,4/10/2022 3:33:16 AM,-2.68
10103,4/10/2022 3:33:20 AM,-1.78
10103,4/10/2022 3:33:24 AM,-1.99
10103,4/10/2022 3:33:28 AM,-1.31
10103,4/10/2022 3:33:32 AM,-1.76
10103,4/10/2022 3:33:36 AM,-0.64
10103,4/10/2022 3:33:40 AM,-1.99
10103,4/10/2022 3:33:44 AM,-1.99
10103,4/10/2022 3:33:48 AM,-2.67
10103,4/10/2022 3:33:52 AM,-1.53
10103,4/10/2022 3:33:56 AM,-1.99
10103,4/10/2022 3:34:00 AM,-1.32
10103,4/10/2022 3:34:04 AM,-1.53
10103,4/10/2022 3:34:08 AM,-1.99
10103,4/10/2022 3:34:12 AM,-1.32
10103,4/10/2022 3:34:16 AM,-1.09
10103,4/10/2022 3:34:20 AM,-1.07
10103,4/10/2022 3:34:24 AM,-1.99
10103,4/10/2022 3:34:28 AM,-1.52
10103,4/10/2022 3:34:32 AM,-1.55
10103,4/10/2022 3:34:36 AM,-1.98
10103,4/10/2022 3:34:40 AM,-1.53
10103,4/10/2022 3:34:44 AM,-1.55
10103,4/10/2022 3:34:48 AM,-2.67
10103,4/10/2022 3:34:52 AM,-1.55
10103,4/10/2022 3:34:56 AM,-1.07
10103,4/10/2022 3:35:00 AM,-0.63
10103,4/10/2022 3:35:04 AM,-1.77
10103,4/10/2022 3:35:08 AM,-1.76
10103,4/10/2022 3:35:12 AM,-1.99
10103,4/10/2022 3:35:16 AM,-1.77
10103,4/10/2022 3:35:20 AM,-1.31
10103,4/10/2022 3:35:24 AM,-1.31
10103,4/10/2022 3:35:28 AM,-1.74
10103,4/10/2022 3:35:32 AM,-2.23
10103,4/10/2022 3:35:36 AM,-1.99
10103,4/10/2022 3:35:40 AM,-1.99
10103,4/10/2022 3:35:44 AM,-1.99
10103,4/10/2022 3:35:48 AM,-1.99
10103,4/10/2022 3:35:52 AM,-1.99
10103,4/10/2022 3:35:56 AM,-1.99
10103,4/10/2022 3:36:00 AM,-1.32
10103,4/10/2022 3:36:04 AM,-1.99
10103,4/10/2022 3:36:08 AM,-1.99
10103,4/10/2022 3:36:12 AM,-2.67
10103,4/10/2022 3:36:16 AM,-1.53
10103,4/10/2022 3:36:20 AM,-2.44
10103,4/10/2022 3:36:24 AM,-2.00
10103,4/10/2022 3:36:28 AM,-1.87
10103,4/10/2022 3:36:32 AM,-1.76
10103,4/10/2022 3:36:36 AM,-2.68
10103,4/10/2022 3:36:40 AM,-1.53
10103,4/10/2022 3:36:44 AM,-2.44
10103,4/10/2022 3:36:48 AM,-2.00
10103,4/10/2022 3:36:52 AM,-2.46
10103,4/10/2022 3:36:56 AM,-1.99
10103,4/10/2022 3:37:00 AM,-1.99
10103,4/10/2022 3:37:04 AM,-1.99
10103,4/10/2022 3:37:08 AM,-1.55
10103,4/10/2022 3:37:12 AM,-1.98
10103,4/10/2022 3:37:16 AM,-1.99
10103,4/10/2022 3:37:20 AM,-1.55
10103,4/10/2022 3:37:24 AM,-1.99
10103,4/10/2022 3:37:28 AM,-1.78
10103,4/10/2022 3:37:32 AM,-1.31
10103,4/10/2022 3:37:36 AM,-1.31
10103,4/10/2022 3:37:40 AM,-1.31
10103,4/10/2022 3:37:44 AM,-1.76
10103,4/10/2022 3:37:48 AM,-1.99
10103,4/10/2022 3:37:52 AM,-1.77
10103,4/10/2022 3:37:56 AM,-2.20
10103,4/10/2022 3:38:00 AM,-1.32
10103,4/10/2022 3:38:04 AM,-1.53
10103,4/10/2022 3:38:08 AM,-1.54
10103,4/10/2022 3:38:12 AM,-1.98
10103,4/10/2022 3:38:16 AM,-1.53
10103,4/10/2022 3:38:20 AM,-1.55
10103,4/10/2022 3:38:24 AM,-1.31
10103,4/10/2022 3:38:28 AM,-1.78
10103,4/10/2022 3:38:32 AM,-1.31
10103,4/10/2022 3:38:36 AM,-1.99
10103,4/10/2022 3:38:40 AM,-1.53
10103,4/10/2022 3:38:44 AM,-1.99
10103,4/10/2022 3:38:48 AM,-1.99
10103,4/10/2022 3:38:52 AM,-1.99
10103,4/10/2022 3:38:56 AM,-1.99
10103,4/10/2022 3:39:00 AM,-1.99
10103,4/10/2022 3:39:04 AM,-2.46
10103,4/10/2022 3:39:08 AM,-1.99
10103,4/10/2022 3:39:12 AM,-1.99
10103,4/10/2022 3:39:16 AM,-1.53
10103,4/10/2022 3:39:20 AM,-1.99
10103,4/10/2022 3:39:24 AM,-2.67
10103,4/10/2022 3:39:28 AM,-1.99
10103,4/10/2022 3:39:32 AM,-1.99
10103,4/10/2022 3:39:36 AM,-1.99
10103,4/10/2022 3:39:40 AM,-2.46
10103,4/10/2022 3:39:44 AM,-1.55
10103,4/10/2022 3:39:48 AM,-1.99
10103,4/10/2022 3:39:52 AM,-1.99
10103,4/10/2022 3:39:56 AM,-1.55
10103,4/10/2022 3:40:00 AM,-1.99
10103,4/10/2022 3:40:04 AM,-2.22
10103,4/10/2022 3:40:08 AM,-2.23
10103,4/10/2022 3:40:12 AM,-1.99
10103,4/10/2022 3:40:16 AM,-2.23
10103,4/10/2022 3:40:20 AM,-1.76
10103,4/10/2022 3:40:24 AM,-1.31
10103,4/10/2022 3:40:28 AM,-1.87
10103,4/10/2022 3:40:32 AM,-1.76
10103,4/10/2022 3:40:36 AM,-1.99
10103,4/10/2022 3:40:40 AM,-1.77
10103,4/10/2022 3:40:44 AM,-1.31
10103,4/10/2022 3:40:48 AM,-1.31
10103,4/10/2022 3:40:52 AM,-1.31
10103,4/10/2022 3:40:56 AM,-1.76
10103,4/10/2022 3:41:00 AM,-1.99
10103,4/10/2022 3:41:04 AM,-1.77
10103,4/10/2022 3:41:08 AM,-2.21
10103,4/10/2022 3:41:12 AM,-2.00
10103,4/10/2022 3:41:16 AM,-1.53
10103,4/10/2022 3:41:20 AM,-1.54
10103,4/10/2022 3:41:24 AM,-1.99
10103,4/10/2022 3:41:28 AM,-1.99
10103,4/10/2022 3:41:32 AM,-1.99
10103,4/10/2022 3:41:36 AM,-1.31
10103,4/10/2022 3:41:40 AM,-1.31
10103,4/10/2022 3:41:44 AM,-2.21
10103,4/10/2022 3:41:48 AM,-2.00
10103,4/10/2022 3:41:52 AM,-1.53
10103,4/10/2022 3:41:56 AM,-1.99
10103,4/10/2022 3:42:00 AM,-1.99
10103,4/10/2022 3:42:04 AM,-1.77
10103,4/10/2022 3:42:08 AM,-1.76
10103,4/10/2022 3:42:12 AM,-1.32
10103,4/10/2022 3:42:16 AM,-1.53
10103,4/10/2022 3:42:20 AM,-1.99
10103,4/10/2022 3:42:24 AM,-1.99
10103,4/10/2022 3:42:28 AM,-2.24
10103,4/10/2022 3:42:32 AM,-1.76
10103,4/10/2022 3:42:36 AM,-2.67
10103,4/10/2022 3:42:40 AM,-1.31
10103,4/10/2022 3:42:44 AM,-1.76
10103,4/10/2022 3:42:48 AM,-2.67
10103,4/10/2022 3:42:52 AM,-2.35
10103,4/10/2022 3:42:56 AM,-1.76
10103,4/10/2022 3:43:00 AM,-1.99
10103,4/10/2022 3:43:04 AM,-1.53
10103,4/10/2022 3:43:08 AM,-1.54
10103,4/10/2022 3:43:12 AM,-1.99
10103,4/10/2022 3:43:16 AM,-1.75
10103,4/10/2022 3:43:20 AM,-1.78
10103,4/10/2022 3:43:24 AM,-1.99
10103,4/10/2022 3:43:28 AM,-1.75
10103,4/10/2022 3:43:32 AM,-1.78
10103,4/10/2022 3:43:36 AM,-1.31
10103,4/10/2022 3:43:40 AM,-1.99
10103,4/10/2022 3:43:44 AM,-1.55
10103,4/10/2022 3:43:48 AM,-2.67
10103,4/10/2022 3:43:52 AM,-1.31
10103,4/10/2022 3:43:56 AM,-1.31
10103,4/10/2022 3:44:00 AM,-2.67
10103,4/10/2022 3:44:04 AM,-1.77
10103,4/10/2022 3:44:08 AM,-1.31
10103,4/10/2022 3:44:12 AM,-1.99
10103,4/10/2022 3:44:16 AM,-1.77
10103,4/10/2022 3:44:20 AM,-1.76
10103,4/10/2022 3:44:24 AM,-1.99
10103,4/10/2022 3:44:28 AM,-1.78
10103,4/10/2022 3:44:32 AM,-1.76
10103,4/10/2022 3:44:36 AM,-1.99
10103,4/10/2022 3:44:40 AM,-2.68
10103,4/10/2022 3:44:44 AM,-2.23
10103,4/10/2022 3:44:48 AM,-1.31
10103,4/10/2022 3:44:52 AM,-1.99
10103,4/10/2022 3:44:56 AM,-1.99
10103,4/10/2022 3:45:00 AM,-1.99
10103,4/10/2022 3:45:04 AM,-1.75
10103,4/10/2022 3:45:08 AM,-2.23
10103,4/10/2022 3:45:12 AM,-1.99
10103,4/10/2022 3:45:16 AM,-2.24
10103,4/10/2022 3:45:20 AM,-2.20
10103,4/10/2022 3:45:24 AM,-2.00
10103,4/10/2022 3:45:28 AM,-1.99
10103,4/10/2022 3:45:32 AM,-1.99
10103,4/10/2022 3:45:36 AM,-1.99
10103,4/10/2022 3:45:40 AM,-1.09
10103,4/10/2022 3:45:44 AM,-1.07
10103,4/10/2022 3:45:48 AM,-1.99
10103,4/10/2022 3:45:52 AM,-1.53
10103,4/10/2022 3:45:56 AM,-1.55
10103,4/10/2022 3:46:00 AM,-1.31
10103,4/10/2022 3:46:04 AM,-1.31
10103,4/10/2022 3:46:08 AM,-1.76
10103,4/10/2022 3:46:12 AM,-1.99
10103,4/10/2022 3:46:16 AM,-2.21
10103,4/10/2022 3:46:20 AM,-2.68
10103,4/10/2022 3:46:24 AM,-2.68
10103,4/10/2022 3:46:28 AM,-2.21
10103,4/10/2022 3:46:32 AM,-2.27
10103,4/10/2022 3:46:36 AM,-1.32
10103,4/10/2022 3:46:40 AM,-1.31
10103,4/10/2022 3:46:44 AM,-1.76
10103,4/10/2022 3:46:48 AM,-2.67
10103,4/10/2022 3:46:52 AM,-2.68
10103,4/10/2022 3:46:56 AM,-2.23
10103,4/10/2022 3:47:00 AM,-1.99
10103,4/10/2022 3:47:04 AM,-1.99
10103,4/10/2022 3:47:08 AM,-1.55
10103,4/10/2022 3:47:12 AM,-1.99
10103,4/10/2022 3:47:16 AM,-1.31
10103,4/10/2022 3:47:20 AM,-1.31
10103,4/10/2022 3:47:24 AM,-1.31
10103,4/10/2022 3:47:28 AM,-1.53
10103,4/10/2022 3:47:32 AM,-1.99
10103,4/10/2022 3:47:36 AM,-1.31
10103,4/10/2022 3:47:40 AM,-1.99
10103,4/10/2022 3:47:44 AM,-1.55
10103,4/10/2022 3:47:48 AM,-0.63
10103,4/10/2022 3:47:52 AM,-1.78
10103,4/10/2022 3:47:56 AM,-1.31
10103,4/10/2022 3:48:00 AM,-1.99
10103,4/10/2022 3:48:04 AM,-1.99
10103,4/10/2022 3:48:08 AM,-1.54
10103,4/10/2022 3:48:12 AM,-1.31
10103,4/10/2022 3:48:16 AM,-2.22
10103,4/10/2022 3:48:20 AM,-2.23
10103,4/10/2022 3:48:24 AM,-1.99
10103,4/10/2022 3:48:28 AM,-1.53
10103,4/10/2022 3:48:32 AM,-1.99
10103,4/10/2022 3:48:36 AM,-1.99
10103,4/10/2022 3:48:40 AM,-1.53
10103,4/10/2022 3:48:44 AM,-1.55
10103,4/10/2022 3:48:48 AM,-1.31
10103,4/10/2022 3:48:52 AM,-1.31
10103,4/10/2022 3:48:56 AM,-1.31
10103,4/10/2022 3:49:00 AM,-2.67
10103,4/10/2022 3:49:04 AM,-1.99
10103,4/10/2022 3:49:08 AM,-1.99
10103,4/10/2022 3:49:12 AM,-1.32
10103,4/10/2022 3:49:16 AM,-2.68
10103,4/10/2022 3:49:20 AM,-1.78
10103,4/10/2022 3:49:24 AM,-1.31
10103,4/10/2022 3:49:28 AM,-1.99
10103,4/10/2022 3:49:32 AM,-1.99
10103,4/10/2022 3:49:36 AM,-1.99
10103,4/10/2022 3:49:40 AM,-0.85
10103,4/10/2022 3:49:44 AM,-1.76
10103,4/10/2022 3:49:48 AM,-1.99
10103,4/10/2022 3:49:52 AM,-2.22
10103,4/10/2022 3:49:56 AM,-2.23
10103,4/10/2022 3:50:00 AM,-1.31
10103,4/10/2022 3:50:04 AM,-1.77
10103,4/10/2022 3:50:08 AM,-1.31
10103,4/10/2022 3:50:12 AM,-1.31
10103,4/10/2022 3:50:16 AM,-1.77
10103,4/10/2022 3:50:20 AM,-1.31
10103,4/10/2022 3:50:24 AM,-1.31
10103,4/10/2022 3:50:28 AM,-1.75
10103,4/10/2022 3:50:32 AM,-2.27
10103,4/10/2022 3:50:36 AM,-1.99
10103,4/10/2022 3:50:40 AM,-2.24
10103,4/10/2022 3:50:44 AM,-2.20
10103,4/10/2022 3:50:48 AM,-2.68
10103,4/10/2022 3:50:52 AM,-1.53
10103,4/10/2022 3:50:56 AM,-1.99
10103,4/10/2022 3:51:00 AM,-1.99
10103,4/10/2022 3:51:04 AM,-1.75
10103,4/10/2022 3:51:08 AM,-1.78
10103,4/10/2022 3:51:12 AM,-1.99
10103,4/10/2022 3:51:16 AM,-1.99
10103,4/10/2022 3:51:20 AM,-1.99
10103,4/10/2022 3:51:24 AM,-1.31
10103,4/10/2022 3:51:28 AM,-1.78
10103,4/10/2022 3:51:32 AM,-1.76
10103,4/10/2022 3:51:36 AM,-1.99
10103,4/10/2022 3:51:40 AM,-1.75
10103,4/10/2022 3:51:44 AM,-1.78
10103,4/10/2022 3:51:48 AM,-3.35
10103,4/10/2022 3:51:52 AM,-1.53
10103,4/10/2022 3:51:56 AM,-2.44
10103,4/10/2022 3:52:00 AM,-2.00
10103,4/10/2022 3:52:04 AM,-1.99
10103,4/10/2022 3:52:08 AM,-2.44
10103,4/10/2022 3:52:12 AM,-2.00
10103,4/10/2022 3:52:16 AM,-1.53
10103,4/10/2022 3:52:20 AM,-2.44
10103,4/10/2022 3:52:24 AM,-2.00
10103,4/10/2022 3:52:28 AM,-1.77
10103,4/10/2022 3:52:32 AM,-2.21
10103,4/10/2022 3:52:36 AM,-1.32
10103,4/10/2022 3:52:40 AM,-1.53
10103,4/10/2022 3:52:44 AM,-1.99
10103,4/10/2022 3:52:48 AM,-1.31
10103,4/10/2022 3:52:52 AM,-1.99
10103,4/10/2022 3:52:56 AM,-1.99
10103,4/10/2022 3:53:00 AM,-2.67
10103,4/10/2022 3:53:04 AM,-1.31
10103,4/10/2022 3:53:08 AM,-1.76
10103,4/10/2022 3:53:12 AM,-1.32
10103,4/10/2022 3:53:16 AM,-1.99
10103,4/10/2022 3:53:20 AM,-1.54
10103,4/10/2022 3:53:24 AM,-1.31
10103,4/10/2022 3:53:28 AM,-1.53
10103,4/10/2022 3:53:32 AM,-1.55
10103,4/10/2022 3:53:36 AM,-1.31
10103,4/10/2022 3:53:40 AM,-1.77
10103,4/10/2022 3:53:44 AM,-2.21
10103,4/10/2022 3:53:48 AM,-2.00
10103,4/10/2022 3:53:52 AM,-1.75
10103,4/10/2022 3:53:56 AM,-2.23
10103,4/10/2022 3:54:00 AM,-1.99
10103,4/10/2022 3:54:04 AM,-1.53
10103,4/10/2022 3:54:08 AM,-1.99
10103,4/10/2022 3:54:12 AM,-1.99
10103,4/10/2022 3:54:16 AM,-1.99
10103,4/10/2022 3:54:20 AM,-1.55
10103,4/10/2022 3:54:24 AM,-1.31
10103,4/10/2022 3:54:28 AM,-1.53
10103,4/10/2022 3:54:32 AM,-1.99
10103,4/10/2022 3:54:36 AM,-1.99
10103,4/10/2022 3:54:40 AM,-1.99
10103,4/10/2022 3:54:44 AM,-1.99
10103,4/10/2022 3:54:48 AM,-1.32
10103,4/10/2022 3:54:52 AM,-1.31
10103,4/10/2022 3:54:56 AM,-1.31
10103,4/10/2022 3:55:00 AM,-1.99
10103,4/10/2022 3:55:04 AM,-2.19
10103,4/10/2022 3:55:08 AM,-2.23
10103,4/10/2022 3:55:12 AM,-1.99
10103,4/10/2022 3:55:16 AM,-1.31
10103,4/10/2022 3:55:20 AM,-1.31
10103,4/10/2022 3:55:24 AM,-1.99
10103,4/10/2022 3:55:28 AM,-2.21
10103,4/10/2022 3:55:32 AM,-2.23
10103,4/10/2022 3:55:36 AM,-2.67
10103,4/10/2022 3:55:40 AM,-1.31
10103,4/10/2022 3:55:44 AM,-1.76
10103,4/10/2022 3:55:48 AM,-1.99
10103,4/10/2022 3:55:52 AM,-2.46
10103,4/10/2022 3:55:56 AM,-1.99
10103,4/10/2022 3:56:00 AM,-1.99
10103,4/10/2022 3:56:04 AM,-1.77
10103,4/10/2022 3:56:08 AM,-1.76
10103,4/10/2022 3:56:12 AM,-1.32
10103,4/10/2022 3:56:16 AM,-1.75
10103,4/10/2022 3:56:20 AM,-2.23
10103,4/10/2022 3:56:24 AM,-1.99
10103,4/10/2022 3:56:28 AM,-1.99
10103,4/10/2022 3:56:32 AM,-1.99
10103,4/10/2022 3:56:36 AM,-1.32
10103,4/10/2022 3:56:40 AM,-1.99
10103,4/10/2022 3:56:44 AM,-1.55
10103,4/10/2022 3:56:48 AM,-1.31
10103,4/10/2022 3:56:52 AM,-2.24
10103,4/10/2022 3:56:56 AM,-1.31
10103,4/10/2022 3:57:00 AM,-2.66
10103,4/10/2022 3:57:04 AM,-2.21
10103,4/10/2022 3:57:08 AM,-2.23
10103,4/10/2022 3:57:12 AM,-1.32
10103,4/10/2022 3:57:16 AM,-1.53
10103,4/10/2022 3:57:20 AM,-1.55
10103,4/10/2022 3:57:24 AM,-0.63
10103,4/10/2022 3:57:28 AM,-2.02
10103,4/10/2022 3:57:32 AM,-1.07
10103,4/10/2022 3:57:36 AM,-1.99
10103,4/10/2022 3:57:40 AM,-1.31
10103,4/10/2022 3:57:44 AM,-1.75
10103,4/10/2022 3:57:48 AM,-1.99
10103,4/10/2022 3:57:52 AM,-1.99
10103,4/10/2022 3:57:56 AM,-1.55
10103,4/10/2022 3:58:00 AM,-1.31
10103,4/10/2022 3:58:04 AM,-1.53
10103,4/10/2022 3:58:08 AM,-1.99
10103,4/10/2022 3:58:12 AM,-1.99
10103,4/10/2022 3:58:16 AM,-1.99
10103,4/10/2022 3:58:20 AM,-1.55
10103,4/10/2022 3:58:24 AM,-1.99
10103,4/10/2022 3:58:28 AM,-1.53
10103,4/10/2022 3:58:32 AM,-1.54
10103,4/10/2022 3:58:36 AM,-1.99
10103,4/10/2022 3:58:40 AM,-2.24
10103,4/10/2022 3:58:44 AM,-1.76
10103,4/10/2022 3:58:48 AM,-1.32
10103,4/10/2022 3:58:52 AM,-1.31
10103,4/10/2022 3:58:56 AM,-1.31
10103,4/10/2022 3:59:00 AM,-2.67
10103,4/10/2022 3:59:04 AM,-1.99
10103,4/10/2022 3:59:08 AM,-1.54
10103,4/10/2022 3:59:12 AM,-2.66
10103,4/10/2022 3:59:16 AM,-1.99
10103,4/10/2022 3:59:20 AM,-1.99
10103,4/10/2022 3:59:24 AM,-2.67
10103,4/10/2022 3:59:28 AM,-1.53
10103,4/10/2022 3:59:32 AM,-2.44
10103,4/10/2022 3:59:36 AM,-2.00
10103,4/10/2022 3:59:40 AM,-1.99
10103,4/10/2022 3:59:44 AM,-1.99
10103,4/10/2022 3:59:48 AM,-1.99
10103,4/10/2022 3:59:52 AM,-2.46
10103,4/10/2022 3:59:56 AM,-1.55
10103,4/10/2022 4:00:00 AM,-2.67
10103,4/10/2022 4:00:04 AM,-2.68
10103,4/10/2022 4:00:08 AM,-1.78
10103,4/10/2022 4:00:12 AM,-1.31
10103,4/10/2022 4:00:16 AM,-1.77
10103,4/10/2022 4:00:20 AM,-1.76
10103,4/10/2022 4:00:24 AM,-1.99
10103,4/10/2022 4:00:28 AM,-1.99
10103,4/10/2022 4:00:32 AM,-1.99
10103,4/10/2022 4:00:36 AM,-1.99
10103,4/10/2022 4:00:40 AM,-2.21
10103,4/10/2022 4:00:44 AM,-2.23
10103,4/10/2022 4:00:48 AM,-1.32
10103,4/10/2022 4:00:52 AM,-1.99
10103,4/10/2022 4:00:56 AM,-2.44
10103,4/10/2022 4:01:00 AM,-2.68
10103,4/10/2022 4:01:04 AM,-1.99
10103,4/10/2022 4:01:08 AM,-1.99
10103,4/10/2022 4:01:12 AM,-1.99
10103,4/10/2022 4:01:16 AM,-1.99
10103,4/10/2022 4:01:20 AM,-1.99
10103,4/10/2022 4:01:24 AM,-1.99
10103,4/10/2022 4:01:28 AM,-1.53
10103,4/10/2022 4:01:32 AM,-1.99
10103,4/10/2022 4:01:36 AM,-1.99
10103,4/10/2022 4:01:40 AM,-1.55
10103,4/10/2022 4:01:44 AM,-1.52
10103,4/10/2022 4:01:48 AM,-1.99
10103,4/10/2022 4:01:52 AM,-1.99
10103,4/10/2022 4:01:56 AM,-1.55
10103,4/10/2022 4:02:00 AM,-2.67
10103,4/10/2022 4:02:04 AM,-2.22
10103,4/10/2022 4:02:08 AM,-1.78
10103,4/10/2022 4:02:12 AM,-1.31
10103,4/10/2022 4:02:16 AM,-1.31
10103,4/10/2022 4:02:20 AM,-1.76
10103,4/10/2022 4:02:24 AM,-1.99
10103,4/10/2022 4:02:28 AM,-1.77
10103,4/10/2022 4:02:32 AM,-1.31
10103,4/10/2022 4:02:36 AM,-1.99
10103,4/10/2022 4:02:40 AM,-1.53
10103,4/10/2022 4:02:44 AM,-1.99
10103,4/10/2022 4:02:48 AM,-2.67
10103,4/10/2022 4:02:52 AM,-2.30
10103,4/10/2022 4:02:56 AM,-1.31
10103,4/10/2022 4:03:00 AM,-1.31
10103,4/10/2022 4:03:04 AM,-1.99
10103,4/10/2022 4:03:08 AM,-2.44
10103,4/10/2022 4:03:12 AM,-2.00
10103,4/10/2022 4:03:16 AM,-1.77
10103,4/10/2022 4:03:20 AM,-1.31
10103,4/10/2022 4:03:24 AM,-1.98
10103,4/10/2022 4:03:28 AM,-1.31
10103,4/10/2022 4:03:32 AM,-1.76
10103,4/10/2022 4:03:36 AM,-1.31
10103,4/10/2022 4:03:40 AM,-1.53
10103,4/10/2022 4:03:44 AM,-1.55
10103,4/10/2022 4:03:48 AM,-1.31
10103,4/10/2022 4:03:52 AM,-1.75
10103,4/10/2022 4:03:56 AM,-2.23
10103,4/10/2022 4:04:00 AM,-1.99
10103,4/10/2022 4:04:04 AM,-1.53
10103,4/10/2022 4:04:08 AM,-1.99
10103,4/10/2022 4:04:12 AM,-1.99
10103,4/10/2022 4:04:16 AM,-2.46
10103,4/10/2022 4:04:20 AM,-1.99
10103,4/10/2022 4:04:24 AM,-1.32
10103,4/10/2022 4:04:28 AM,-2.21
10103,4/10/2022 4:04:32 AM,-2.23
10103,4/10/2022 4:04:36 AM,-1.99
10103,4/10/2022 4:04:40 AM,-1.77
10103,4/10/2022 4:04:44 AM,-1.31
10103,4/10/2022 4:04:48 AM,-1.99
10103,4/10/2022 4:04:52 AM,-1.53
10103,4/10/2022 4:04:56 AM,-1.55
10103,4/10/2022 4:05:00 AM,-2.67
10103,4/10/2022 4:05:04 AM,-1.47
10103,4/10/2022 4:05:08 AM,-1.10
10103,4/10/2022 4:05:12 AM,-1.30
10103,4/10/2022 4:05:16 AM,-1.99
10103,4/10/2022 4:05:20 AM,-1.09
10103,4/10/2022 4:05:24 AM,-1.96
10103,4/10/2022 4:05:28 AM,-1.78
10103,4/10/2022 4:05:32 AM,-1.31
10103,4/10/2022 4:05:36 AM,-1.31
10103,4/10/2022 4:05:40 AM,-1.99
10103,4/10/2022 4:05:44 AM,-1.55
10103,4/10/2022 4:05:48 AM,-1.99
10103,4/10/2022 4:05:52 AM,-1.53
10103,4/10/2022 4:05:56 AM,-1.99
10103,4/10/2022 4:06:00 AM,-1.31
10103,4/10/2022 4:06:04 AM,-1.99
10103,4/10/2022 4:06:08 AM,-2.44
10103,4/10/2022 4:06:12 AM,-2.00
10103,4/10/2022 4:06:16 AM,-1.07
10103,4/10/2022 4:06:20 AM,-1.99
10103,4/10/2022 4:06:24 AM,-1.32
10103,4/10/2022 4:06:28 AM,-2.21
10103,4/10/2022 4:06:32 AM,-2.23
10103,4/10/2022 4:06:36 AM,-1.99
10103,4/10/2022 4:06:40 AM,-1.09
10103,4/10/2022 4:06:44 AM,-1.42
10103,4/10/2022 4:06:48 AM,-1.99
10103,4/10/2022 4:06:52 AM,-2.24
10103,4/10/2022 4:06:56 AM,-1.76
10103,4/10/2022 4:07:00 AM,-1.99
10103,4/10/2022 4:07:04 AM,-1.99
10103,4/10/2022 4:07:08 AM,-1.99
10103,4/10/2022 4:07:12 AM,-2.67
10103,4/10/2022 4:07:16 AM,-2.22
10103,4/10/2022 4:07:20 AM,-2.68
10103,4/10/2022 4:07:24 AM,-1.32
10103,4/10/2022 4:07:28 AM,-1.52
10103,4/10/2022 4:07:32 AM,-1.55
10103,4/10/2022 4:07:36 AM,-1.31
10103,4/10/2022 4:07:40 AM,-1.75
10103,4/10/2022 4:07:44 AM,-1.78
10103,4/10/2022 4:07:48 AM,-1.99
10103,4/10/2022 4:07:52 AM,-1.77
10103,4/10/2022 4:07:56 AM,-1.31
10103,4/10/2022 4:08:00 AM,-1.99
10103,4/10/2022 4:08:04 AM,-1.55
10103,4/10/2022 4:08:08 AM,-1.08
10103,4/10/2022 4:08:12 AM,-1.99
10103,4/10/2022 4:08:16 AM,-1.99
10103,4/10/2022 4:08:20 AM,-1.55
10103,4/10/2022 4:08:24 AM,-1.31
10103,4/10/2022 4:08:28 AM,-1.52
10103,4/10/2022 4:08:32 AM,-1.57
10103,4/10/2022 4:08:36 AM,-1.99
10103,4/10/2022 4:08:40 AM,-1.99
10103,4/10/2022 4:08:44 AM,-1.55
10103,4/10/2022 4:08:48 AM,-2.67
10103,4/10/2022 4:08:52 AM,-2.68
10103,4/10/2022 4:08:56 AM,-2.23
10103,4/10/2022 4:09:00 AM,-1.31
10103,4/10/2022 4:09:04 AM,-2.21
10103,4/10/2022 4:09:08 AM,-2.68
10103,4/10/2022 4:09:12 AM,-2.00
10103,4/10/2022 4:09:16 AM,-1.53
10103,4/10/2022 4:09:20 AM,-1.54
10103,4/10/2022 4:09:24 AM,-1.31
10103,4/10/2022 4:09:28 AM,-1.09
10103,4/10/2022 4:09:32 AM,-1.07
10103,4/10/2022 4:09:36 AM,-1.31
10103,4/10/2022 4:09:40 AM,-1.99
10103,4/10/2022 4:09:44 AM,-1.99
10103,4/10/2022 4:09:48 AM,-1.31
10103,4/10/2022 4:09:52 AM,-2.21
10103,4/10/2022 4:09:56 AM,-1.79
10103,4/10/2022 4:10:00 AM,-1.98
10103,4/10/2022 4:10:04 AM,-1.99
10103,4/10/2022 4:10:08 AM,-1.99
10103,4/10/2022 4:10:12 AM,-2.67
10103,4/10/2022 4:10:16 AM,-1.99
10103,4/10/2022 4:10:20 AM,-1.99
10103,4/10/2022 4:10:24 AM,-1.31
10103,4/10/2022 4:10:28 AM,-1.99
10103,4/10/2022 4:10:32 AM,-1.54
10103,4/10/2022 4:10:36 AM,-1.31
10103,4/10/2022 4:10:40 AM,-1.09
10103,4/10/2022 4:10:44 AM,-1.51
10103,4/10/2022 4:10:48 AM,-2.60
10103,4/10/2022 4:10:52 AM,-2.21
10103,4/10/2022 4:10:56 AM,-2.23
10103,4/10/2022 4:11:00 AM,-2.67
10103,4/10/2022 4:11:04 AM,-1.29
10103,4/10/2022 4:11:08 AM,-1.78
10103,4/10/2022 4:11:12 AM,-1.31
10103,4/10/2022 4:11:16 AM,-1.75
10103,4/10/2022 4:11:20 AM,-1.78
10103,4/10/2022 4:11:24 AM,-1.99
10103,4/10/2022 4:11:28 AM,-1.99
10103,4/10/2022 4:11:32 AM,-1.55
10103,4/10/2022 4:11:36 AM,-1.31
10103,4/10/2022 4:11:40 AM,-2.24
10103,4/10/2022 4:11:44 AM,-1.31
10103,4/10/2022 4:11:48 AM,-1.99
10103,4/10/2022 4:11:52 AM,-2.46
10103,4/10/2022 4:11:56 AM,-2.44
10103,4/10/2022 4:12:00 AM,-2.68
10103,4/10/2022 4:12:04 AM,-1.31
10103,4/10/2022 4:12:08 AM,-1.31
10103,4/10/2022 4:12:12 AM,-1.31
10103,4/10/2022 4:12:16 AM,-1.31
10103,4/10/2022 4:12:20 AM,-1.76
10103,4/10/2022 4:12:24 AM,-1.32
10103,4/10/2022 4:12:28 AM,-1.99
10103,4/10/2022 4:12:32 AM,-1.55
10103,4/10/2022 4:12:36 AM,-2.67
10103,4/10/2022 4:12:40 AM,-1.99
10103,4/10/2022 4:12:44 AM,-1.99
10103,4/10/2022 4:12:48 AM,-1.32
10103,4/10/2022 4:12:52 AM,-1.81
10103,4/10/2022 4:12:56 AM,-1.71
10103,4/10/2022 4:13:00 AM,-1.32
10103,4/10/2022 4:13:04 AM,-1.53
10103,4/10/2022 4:13:08 AM,-2.44
10103,4/10/2022 4:13:12 AM,-2.00
10103,4/10/2022 4:13:16 AM,-1.31
10103,4/10/2022 4:13:20 AM,-2.20
10103,4/10/2022 4:13:24 AM,-2.00
10103,4/10/2022 4:13:28 AM,-1.78
10103,4/10/2022 4:13:32 AM,-1.31
10103,4/10/2022 4:13:36 AM,-1.31
10103,4/10/2022 4:13:40 AM,-1.75
10103,4/10/2022 4:13:44 AM,-2.23
10103,4/10/2022 4:13:48 AM,-1.99
10103,4/10/2022 4:13:52 AM,-1.56
10103,4/10/2022 4:13:56 AM,-1.07
10103,4/10/2022 4:14:00 AM,-1.31
10103,4/10/2022 4:14:04 AM,-1.99
10103,4/10/2022 4:14:08 AM,-1.55
10103,4/10/2022 4:14:12 AM,-1.31
10103,4/10/2022 4:14:16 AM,-1.77
10103,4/10/2022 4:14:20 AM,-1.31
10103,4/10/2022 4:14:24 AM,-1.99
10103,4/10/2022 4:14:28 AM,-2.46
10103,4/10/2022 4:14:32 AM,-1.10
10103,4/10/2022 4:14:36 AM,-1.98
10103,4/10/2022 4:14:40 AM,-0.84
10103,4/10/2022 4:14:44 AM,-1.76
10103,4/10/2022 4:14:48 AM,-1.32
10103,4/10/2022 4:14:52 AM,-1.07
10103,4/10/2022 4:14:56 AM,-1.55
10103,4/10/2022 4:15:00 AM,-1.99
10103,4/10/2022 4:15:04 AM,-1.31
10103,4/10/2022 4:15:08 AM,-2.09
10103,4/10/2022 4:15:12 AM,-1.33
10103,4/10/2022 4:15:16 AM,-1.77
10103,4/10/2022 4:15:20 AM,-2.21
10103,4/10/2022 4:15:24 AM,-2.00
10103,4/10/2022 4:15:28 AM,-1.99
10103,4/10/2022 4:15:32 AM,-1.10
10103,4/10/2022 4:15:36 AM,-1.99
10103,4/10/2022 4:15:40 AM,-2.46
10103,4/10/2022 4:15:44 AM,-1.99
10103,4/10/2022 4:15:48 AM,-1.99
10103,4/10/2022 4:15:52 AM,-1.99
10103,4/10/2022 4:15:56 AM,-1.55
10103,4/10/2022 4:16:00 AM,-1.31
10103,4/10/2022 4:16:04 AM,-1.53
10103,4/10/2022 4:16:08 AM,-1.99
10103,4/10/2022 4:16:12 AM,-1.99
10103,4/10/2022 4:16:16 AM,-2.23
10103,4/10/2022 4:16:20 AM,-1.31
10103,4/10/2022 4:16:24 AM,-2.67
10103,4/10/2022 4:16:28 AM,-1.99
10103,4/10/2022 4:16:32 AM,-1.99
10103,4/10/2022 4:16:36 AM,-1.31
10103,4/10/2022 4:16:40 AM,-2.46
10103,4/10/2022 4:16:44 AM,-1.99
10103,4/10/2022 4:16:48 AM,-1.31
10103,4/10/2022 4:16:52 AM,-1.50
10103,4/10/2022 4:16:56 AM,-1.99
10103,4/10/2022 4:17:00 AM,-2.67
10103,4/10/2022 4:17:04 AM,-1.99
10103,4/10/2022 4:17:08 AM,-1.09
10103,4/10/2022 4:17:12 AM,-1.98
10103,4/10/2022 4:17:16 AM,-1.77
10103,4/10/2022 4:17:20 AM,-1.76
10103,4/10/2022 4:17:24 AM,-1.99
10103,4/10/2022 4:17:28 AM,-2.46
10103,4/10/2022 4:17:32 AM,-1.99
10103,4/10/2022 4:17:36 AM,-2.67
10103,4/10/2022 4:17:40 AM,-2.23
10103,4/10/2022 4:17:44 AM,-1.31
10103,4/10/2022 4:17:48 AM,-1.31
10103,4/10/2022 4:17:52 AM,-1.99
10103,4/10/2022 4:17:56 AM,-1.99
10103,4/10/2022 4:18:00 AM,-1.99
10103,4/10/2022 4:18:04 AM,-1.53
10103,4/10/2022 4:18:08 AM,-1.55
10103,4/10/2022 4:18:12 AM,-1.31
10103,4/10/2022 4:18:16 AM,-1.99
10103,4/10/2022 4:18:20 AM,-1.55
10103,4/10/2022 4:18:24 AM,-1.99
10103,4/10/2022 4:18:28 AM,-1.99
10103,4/10/2022 4:18:32 AM,-1.55
10103,4/10/2022 4:18:36 AM,-2.67
10103,4/10/2022 4:18:40 AM,-1.31
10103,4/10/2022 4:18:44 AM,-1.75
10103,4/10/2022 4:18:48 AM,-1.32
10103,4/10/2022 4:18:52 AM,-2.21
10103,4/10/2022 4:18:56 AM,-2.23
10103,4/10/2022 4:19:00 AM,-1.99
10103,4/10/2022 4:19:04 AM,-1.31
10103,4/10/2022 4:19:08 AM,-1.76
10103,4/10/2022 4:19:12 AM,-1.32
10103,4/10/2022 4:19:16 AM,-1.75
10103,4/10/2022 4:19:20 AM,-2.23
10103,4/10/2022 4:19:24 AM,-1.99
10103,4/10/2022 4:19:28 AM,-1.06
10103,4/10/2022 4:19:32 AM,-1.99
10103,4/10/2022 4:19:36 AM,-1.99
10103,4/10/2022 4:19:40 AM,-2.24
10103,4/10/2022 4:19:44 AM,-1.76
10103,4/10/2022 4:19:48 AM,-1.99
10103,4/10/2022 4:19:52 AM,-1.99
10103,4/10/2022 4:19:56 AM,-1.99
10103,4/10/2022 4:20:00 AM,-1.99
10103,4/10/2022 4:20:04 AM,-1.31
10103,4/10/2022 4:20:08 AM,-1.76
10103,4/10/2022 4:20:12 AM,-1.99
10103,4/10/2022 4:20:16 AM,-1.53
10103,4/10/2022 4:20:20 AM,-1.99
10103,4/10/2022 4:20:24 AM,-2.67
10103,4/10/2022 4:20:28 AM,-2.24
10103,4/10/2022 4:20:32 AM,-1.31
10103,4/10/2022 4:20:36 AM,-2.67
10103,4/10/2022 4:20:40 AM,-1.31
10103,4/10/2022 4:20:44 AM,-1.31
10103,4/10/2022 4:20:48 AM,-1.31
10103,4/10/2022 4:20:52 AM,-1.50
10103,4/10/2022 4:20:56 AM,-1.99
10103,4/10/2022 4:21:00 AM,-1.99
10103,4/10/2022 4:21:04 AM,-2.21
10103,4/10/2022 4:21:08 AM,-2.23
10103,4/10/2022 4:21:12 AM,-1.32
10103,4/10/2022 4:21:16 AM,-1.99
10103,4/10/2022 4:21:20 AM,-1.99
10103,4/10/2022 4:21:24 AM,-1.31
10103,4/10/2022 4:21:28 AM,-1.99
10103,4/10/2022 4:21:32 AM,-1.54
10103,4/10/2022 4:21:36 AM,-1.99
10103,4/10/2022 4:21:40 AM,-1.78
10103,4/10/2022 4:21:44 AM,-1.31
10103,4/10/2022 4:21:48 AM,-1.99
10103,4/10/2022 4:21:52 AM,-1.99
10103,4/10/2022 4:21:56 AM,-1.99
10103,4/10/2022 4:22:00 AM,-2.68
10103,4/10/2022 4:22:04 AM,-2.23
10103,4/10/2022 4:22:08 AM,-1.76
10103,4/10/2022 4:22:12 AM,-2.67
10103,4/10/2022 4:22:16 AM,-1.99
10103,4/10/2022 4:22:20 AM,-1.99
10103,4/10/2022 4:22:24 AM,-1.99
10103,4/10/2022 4:22:28 AM,-1.53
10103,4/10/2022 4:22:32 AM,-1.99
10103,4/10/2022 4:22:36 AM,-1.31
10103,4/10/2022 4:22:40 AM,-1.09
10103,4/10/2022 4:22:44 AM,-1.52
10103,4/10/2022 4:22:48 AM,-1.99
10103,4/10/2022 4:22:52 AM,-1.99
10103,4/10/2022 4:22:56 AM,-2.39
10103,4/10/2022 4:23:00 AM,-1.32
10103,4/10/2022 4:23:04 AM,-1.99
10103,4/10/2022 4:23:08 AM,-1.99
10103,4/10/2022 4:23:12 AM,-1.32
10103,4/10/2022 4:23:16 AM,-2.46
10103,4/10/2022 4:23:20 AM,-1.99
10103,4/10/2022 4:23:24 AM,-1.31
10103,4/10/2022 4:23:28 AM,-1.53
10103,4/10/2022 4:23:32 AM,-1.99
10103,4/10/2022 4:23:36 AM,-2.67
10103,4/10/2022 4:23:40 AM,-1.99
10103,4/10/2022 4:23:44 AM,-1.10
10103,4/10/2022 4:23:48 AM,-1.99
10103,4/10/2022 4:23:52 AM,-1.77
10103,4/10/2022 4:23:56 AM,-1.31
10103,4/10/2022 4:24:00 AM,-1.31
10103,4/10/2022 4:24:04 AM,-1.31
10103,4/10/2022 4:24:08 AM,-2.21
10103,4/10/2022 4:24:12 AM,-2.68
10103,4/10/2022 4:24:16 AM,-1.53
10103,4/10/2022 4:24:20 AM,-2.89
10103,4/10/2022 4:24:24 AM,-2.68
10103,4/10/2022 4:24:28 AM,-1.99
10103,4/10/2022 4:24:32 AM,-2.44
10103,4/10/2022 4:24:36 AM,-2.00
10103,4/10/2022 4:24:40 AM,-1.77
10103,4/10/2022 4:24:44 AM,-0.86
10103,4/10/2022 4:24:48 AM,-1.30
10103,4/10/2022 4:24:52 AM,-1.99
10103,4/10/2022 4:24:56 AM,-1.99
10103,4/10/2022 4:25:00 AM,-1.31
10103,4/10/2022 4:25:04 AM,-2.68
10103,4/10/2022 4:25:08 AM,-2.29
10103,4/10/2022 4:25:12 AM,-1.32
10103,4/10/2022 4:25:16 AM,-2.24
10103,4/10/2022 4:25:20 AM,-1.31
10103,4/10/2022 4:25:24 AM,-1.99
10103,4/10/2022 4:25:28 AM,-1.99
10103,4/10/2022 4:25:32 AM,-2.44
10103,4/10/2022 4:25:36 AM,-2.00
10103,4/10/2022 4:25:40 AM,-1.99
10103,4/10/2022 4:25:44 AM,-2.44
10103,4/10/2022 4:25:48 AM,-2.68
10103,4/10/2022 4:25:52 AM,-1.99
10103,4/10/2022 4:25:56 AM,-1.99
10103,4/10/2022 4:26:00 AM,-1.99
10103,4/10/2022 4:26:04 AM,-1.53
10103,4/10/2022 4:26:08 AM,-1.99
10103,4/10/2022 4:26:12 AM,-2.67
10103,4/10/2022 4:26:16 AM,-1.75
10103,4/10/2022 4:26:20 AM,-2.23
10103,4/10/2022 4:26:24 AM,-1.31
10103,4/10/2022 4:26:28 AM,-1.31
10103,4/10/2022 4:26:32 AM,-1.76
10103,4/10/2022 4:26:36 AM,-1.99
10103,4/10/2022 4:26:40 AM,-1.99
10103,4/10/2022 4:26:44 AM,-2.44
10103,4/10/2022 4:26:48 AM,-2.00
10103,4/10/2022 4:26:52 AM,-1.99
10103,4/10/2022 4:26:56 AM,-1.99
10103,4/10/2022 4:27:00 AM,-2.67
10103,4/10/2022 4:27:04 AM,-1.99
10103,4/10/2022 4:27:08 AM,-1.99
10103,4/10/2022 4:27:12 AM,-1.32
10103,4/10/2022 4:27:16 AM,-2.46
10103,4/10/2022 4:27:20 AM,-1.99
10103,4/10/2022 4:27:24 AM,-1.31
10103,4/10/2022 4:27:28 AM,-1.99
10103,4/10/2022 4:27:32 AM,-1.55
10103,4/10/2022 4:27:36 AM,-1.99
10103,4/10/2022 4:27:40 AM,-1.99
10103,4/10/2022 4:27:44 AM,-1.99
10103,4/10/2022 4:27:48 AM,-1.99
10103,4/10/2022 4:27:52 AM,-2.93
10103,4/10/2022 4:27:56 AM,-1.55
10103,4/10/2022 4:28:00 AM,-1.31
10103,4/10/2022 4:28:04 AM,-2.21
10103,4/10/2022 4:28:08 AM,-2.23
10103,4/10/2022 4:28:12 AM,-2.67
10103,4/10/2022 4:28:16 AM,-1.99
10103,4/10/2022 4:28:20 AM,-1.99
10103,4/10/2022 4:28:24 AM,-1.99
10103,4/10/2022 4:28:28 AM,-1.53
10103,4/10/2022 4:28:32 AM,-1.54
10103,4/10/2022 4:28:36 AM,-3.34
10103,4/10/2022 4:28:40 AM,-1.75
10103,4/10/2022 4:28:44 AM,-2.23
10103,4/10/2022 4:28:48 AM,-1.32
10103,4/10/2022 4:28:52 AM,-1.99
10103,4/10/2022 4:28:56 AM,-1.55
10103,4/10/2022 4:29:00 AM,-0.63
10103,4/10/2022 4:29:04 AM,-1.78
10103,4/10/2022 4:29:08 AM,-1.76
10103,4/10/2022 4:29:12 AM,-1.32
10103,4/10/2022 4:29:16 AM,-1.99
10103,4/10/2022 4:29:20 AM,-1.99
10103,4/10/2022 4:29:24 AM,-1.99
10103,4/10/2022 4:29:28 AM,-1.52
10103,4/10/2022 4:29:32 AM,-1.99
10103,4/10/2022 4:29:36 AM,-1.99
10103,4/10/2022 4:29:40 AM,-2.21
10103,4/10/2022 4:29:44 AM,-2.23
10103,4/10/2022 4:29:48 AM,-1.32
10103,4/10/2022 4:29:52 AM,-1.99
10103,4/10/2022 4:29:56 AM,-1.55
10103,4/10/2022 4:30:00 AM,-2.66
10103,4/10/2022 4:30:04 AM,-2.21
10103,4/10/2022 4:30:08 AM,-1.79
10103,4/10/2022 4:30:12 AM,-2.66
10103,4/10/2022 4:30:16 AM,-2.21
10103,4/10/2022 4:30:20 AM,-2.23
10103,4/10/2022 4:30:24 AM,-1.32
10103,4/10/2022 4:30:28 AM,-1.78
10103,4/10/2022 4:30:32 AM,-2.21
10103,4/10/2022 4:30:36 AM,-2.00
10103,4/10/2022 4:30:40 AM,-2.21
10103,4/10/2022 4:30:44 AM,-2.23
10103,4/10/2022 4:30:48 AM,-1.99
10103,4/10/2022 4:30:52 AM,-1.99
10103,4/10/2022 4:30:56 AM,-1.99
10103,4/10/2022 4:31:00 AM,-1.99
10103,4/10/2022 4:31:04 AM,-2.21
10103,4/10/2022 4:31:08 AM,-1.79
10103,4/10/2022 4:31:12 AM,-1.98
10103,4/10/2022 4:31:16 AM,-0.85
10103,4/10/2022 4:31:20 AM,-2.21
10103,4/10/2022 4:31:24 AM,-1.32
10103,4/10/2022 4:31:28 AM,-2.21
10103,4/10/2022 4:31:32 AM,-2.23
10103,4/10/2022 4:31:36 AM,-1.99
10103,4/10/2022 4:31:40 AM,-2.20
10103,4/10/2022 4:31:44 AM,-2.23
10103,4/10/2022 4:31:48 AM,-1.32
10103,4/10/2022 4:31:52 AM,-1.53
10103,4/10/2022 4:31:56 AM,-2.44
10103,4/10/2022 4:32:00 AM,-2.68
10103,4/10/2022 4:32:04 AM,-1.99
10103,4/10/2022 4:32:08 AM,-1.55
10103,4/10/2022 4:32:12 AM,-1.31
10103,4/10/2022 4:32:16 AM,-1.53
10103,4/10/2022 4:32:20 AM,-2.44
10103,4/10/2022 4:32:24 AM,-2.68
10103,4/10/2022 4:32:28 AM,-1.78
10103,4/10/2022 4:32:32 AM,-1.76
10103,4/10/2022 4:32:36 AM,-1.31
10103,4/10/2022 4:32:40 AM,-2.68
10103,4/10/2022 4:32:44 AM,-2.68
10103,4/10/2022 4:32:48 AM,-1.32
10103,4/10/2022 4:32:52 AM,-2.22
10103,4/10/2022 4:32:56 AM,-2.23
10103,4/10/2022 4:33:00 AM,-1.99
10103,4/10/2022 4:33:04 AM,-1.83
10103,4/10/2022 4:33:08 AM,-1.31
10103,4/10/2022 4:33:12 AM,-1.99
10103,4/10/2022 4:33:16 AM,-2.46
10103,4/10/2022 4:33:20 AM,-1.99
10103,4/10/2022 4:33:24 AM,-1.99
10103,4/10/2022 4:33:28 AM,-2.46
10103,4/10/2022 4:33:32 AM,-1.54
10103,4/10/2022 4:33:36 AM,-1.98
10103,4/10/2022 4:33:40 AM,-2.22
10103,4/10/2022 4:33:44 AM,-2.68
10103,4/10/2022 4:33:48 AM,-2.00
10103,4/10/2022 4:33:52 AM,-2.46
10103,4/10/2022 4:33:56 AM,-1.55
10103,4/10/2022 4:34:00 AM,-1.99
10103,4/10/2022 4:34:04 AM,-2.23
10103,4/10/2022 4:34:08 AM,-1.31
10103,4/10/2022 4:34:12 AM,-2.66
10103,4/10/2022 4:34:16 AM,-2.46
10103,4/10/2022 4:34:20 AM,-1.99
10103,4/10/2022 4:34:24 AM,-1.99
10103,4/10/2022 4:34:28 AM,-2.21
10103,4/10/2022 4:34:32 AM,-2.23
10103,4/10/2022 4:34:36 AM,-1.31
10103,4/10/2022 4:34:40 AM,-1.53
10103,4/10/2022 4:34:44 AM,-1.99
10103,4/10/2022 4:34:48 AM,-1.99
10103,4/10/2022 4:34:52 AM,-1.99
10103,4/10/2022 4:34:56 AM,-1.55
10103,4/10/2022 4:35:00 AM,-1.31
10103,4/10/2022 4:35:04 AM,-1.99
10103,4/10/2022 4:35:08 AM,-1.60
10103,4/10/2022 4:35:12 AM,-1.99
10103,4/10/2022 4:35:16 AM,-2.22
10103,4/10/2022 4:35:20 AM,-2.68
10103,4/10/2022 4:35:24 AM,-2.68
10103,4/10/2022 4:35:28 AM,-1.31
10103,4/10/2022 4:35:32 AM,-1.76
10103,4/10/2022 4:35:36 AM,-1.99
10103,4/10/2022 4:35:40 AM,-2.46
10103,4/10/2022 4:35:44 AM,-1.99
10103,4/10/2022 4:35:48 AM,-1.31
10103,4/10/2022 4:35:52 AM,-1.77
10103,4/10/2022 4:35:56 AM,-1.76
10103,4/10/2022 4:36:00 AM,-1.99
10103,4/10/2022 4:36:04 AM,-1.99
10103,4/10/2022 4:36:08 AM,-1.54
10103,4/10/2022 4:36:12 AM,-1.99
10103,4/10/2022 4:36:16 AM,-1.77
10103,4/10/2022 4:36:20 AM,-1.76
10103,4/10/2022 4:36:24 AM,-2.67
10103,4/10/2022 4:36:28 AM,-2.46
10103,4/10/2022 4:36:32 AM,-2.44
10103,4/10/2022 4:36:36 AM,-2.00
10103,4/10/2022 4:36:40 AM,-2.20
10103,4/10/2022 4:36:44 AM,-2.23
10103,4/10/2022 4:36:48 AM,-1.99
10103,4/10/2022 4:36:52 AM,-2.46
10103,4/10/2022 4:36:56 AM,-1.55
10103,4/10/2022 4:37:00 AM,-1.95
10103,4/10/2022 4:37:04 AM,-1.75
10103,4/10/2022 4:37:08 AM,-1.78
10103,4/10/2022 4:37:12 AM,-1.31
10103,4/10/2022 4:37:16 AM,-1.31
10103,4/10/2022 4:37:20 AM,-1.76
10103,4/10/2022 4:37:24 AM,-1.99
10103,4/10/2022 4:37:28 AM,-2.24
10103,4/10/2022 4:37:32 AM,-1.76
10103,4/10/2022 4:37:36 AM,-2.67
10103,4/10/2022 4:37:40 AM,-1.07
10103,4/10/2022 4:37:44 AM,-1.54
10103,4/10/2022 4:37:48 AM,-1.99
10103,4/10/2022 4:37:52 AM,-1.77
10103,4/10/2022 4:37:56 AM,-1.31
10103,4/10/2022 4:38:00 AM,-2.66
10103,4/10/2022 4:38:04 AM,-1.53
10103,4/10/2022 4:38:08 AM,-1.99
10103,4/10/2022 4:38:12 AM,-1.99
10103,4/10/2022 4:38:16 AM,-1.77
10103,4/10/2022 4:38:20 AM,-1.76
10103,4/10/2022 4:38:24 AM,-1.99
10103,4/10/2022 4:38:28 AM,-1.78
10103,4/10/2022 4:38:32 AM,-1.31
10103,4/10/2022 4:38:36 AM,-1.99
10103,4/10/2022 4:38:40 AM,-0.84
10103,4/10/2022 4:38:44 AM,-1.76
10103,4/10/2022 4:38:48 AM,-1.99
10103,4/10/2022 4:38:52 AM,-1.09
10103,4/10/2022 4:38:56 AM,-1.97
10103,4/10/2022 4:39:00 AM,-2.00
10103,4/10/2022 4:39:04 AM,-1.99
10103,4/10/2022 4:39:08 AM,-1.55
10103,4/10/2022 4:39:12 AM,-1.98
10103,4/10/2022 4:39:16 AM,-2.46
10103,4/10/2022 4:39:20 AM,-2.44
10103,4/10/2022 4:39:24 AM,-1.33
10103,4/10/2022 4:39:28 AM,-1.78
10103,4/10/2022 4:39:32 AM,-1.76
10103,4/10/2022 4:39:36 AM,-1.32
10103,4/10/2022 4:39:40 AM,-2.24
10103,4/10/2022 4:39:44 AM,-2.21
10103,4/10/2022 4:39:48 AM,-2.00
10103,4/10/2022 4:39:52 AM,-1.75
10103,4/10/2022 4:39:56 AM,-1.79
10103,4/10/2022 4:40:00 AM,-2.67
10103,4/10/2022 4:40:04 AM,-2.24
10103,4/10/2022 4:40:08 AM,-2.20
10103,4/10/2022 4:40:12 AM,-2.68
10103,4/10/2022 4:40:16 AM,-1.75
10103,4/10/2022 4:40:20 AM,-2.23
10103,4/10/2022 4:40:24 AM,-2.67
10103,4/10/2022 4:40:28 AM,-1.99
10103,4/10/2022 4:40:32 AM,-1.55
10103,4/10/2022 4:40:36 AM,-1.99
10103,4/10/2022 4:40:40 AM,-1.09
10103,4/10/2022 4:40:44 AM,-1.52
10103,4/10/2022 4:40:48 AM,-1.99
10103,4/10/2022 4:40:52 AM,-2.24
10103,4/10/2022 4:40:56 AM,-1.31
10103,4/10/2022 4:41:00 AM,-1.98
10103,4/10/2022 4:41:04 AM,-1.31
10103,4/10/2022 4:41:08 AM,-1.31
10103,4/10/2022 4:41:12 AM,-1.98
10103,4/10/2022 4:41:16 AM,-1.53
10103,4/10/2022 4:41:20 AM,-1.55
10103,4/10/2022 4:41:24 AM,-0.63
10103,4/10/2022 4:41:28 AM,-2.48
10103,4/10/2022 4:41:32 AM,-1.99
10103,4/10/2022 4:41:36 AM,-1.99
10103,4/10/2022 4:41:40 AM,-2.46
10103,4/10/2022 4:41:44 AM,-1.55
10103,4/10/2022 4:41:48 AM,-1.99
10103,4/10/2022 4:41:52 AM,-1.77
10103,4/10/2022 4:41:56 AM,-1.75
10103,4/10/2022 4:42:00 AM,-1.99
10103,4/10/2022 4:42:04 AM,-1.75
10103,4/10/2022 4:42:08 AM,-2.23
10103,4/10/2022 4:42:12 AM,-1.99
10103,4/10/2022 4:42:16 AM,-2.21
10103,4/10/2022 4:42:20 AM,-2.68
10103,4/10/2022 4:42:24 AM,-2.00
10103,4/10/2022 4:42:28 AM,-1.74
10103,4/10/2022 4:42:32 AM,-2.23
10103,4/10/2022 4:42:36 AM,-1.99
10103,4/10/2022 4:42:40 AM,-1.78
10103,4/10/2022 4:42:44 AM,-1.31
10103,4/10/2022 4:42:48 AM,-1.99
10103,4/10/2022 4:42:52 AM,-1.77
10103,4/10/2022 4:42:56 AM,-1.31
10103,4/10/2022 4:43:00 AM,-1.31
10103,4/10/2022 4:43:04 AM,-1.64
10103,4/10/2022 4:43:08 AM,-2.23
10103,4/10/2022 4:43:12 AM,-1.99
10103,4/10/2022 4:43:16 AM,-1.99
10103,4/10/2022 4:43:20 AM,-1.99
10103,4/10/2022 4:43:24 AM,-1.99
10103,4/10/2022 4:43:28 AM,-2.24
10103,4/10/2022 4:43:32 AM,-1.31
10103,4/10/2022 4:43:36 AM,-1.99
10103,4/10/2022 4:43:40 AM,-1.77
10103,4/10/2022 4:43:44 AM,-1.76
10103,4/10/2022 4:43:48 AM,-1.31
10103,4/10/2022 4:43:52 AM,-2.22
10103,4/10/2022 4:43:56 AM,-1.78
10103,4/10/2022 4:44:00 AM,-2.67
10103,4/10/2022 4:44:04 AM,-2.22
10103,4/10/2022 4:44:08 AM,-1.78
10103,4/10/2022 4:44:12 AM,-1.31
10103,4/10/2022 4:44:16 AM,-1.99
10103,4/10/2022 4:44:20 AM,-1.99
10103,4/10/2022 4:44:24 AM,-1.99
10103,4/10/2022 4:44:28 AM,-1.77
10103,4/10/2022 4:44:32 AM,-1.31
10103,4/10/2022 4:44:36 AM,-1.99
10103,4/10/2022 4:44:40 AM,-1.99
10103,4/10/2022 4:44:44 AM,-1.99
10103,4/10/2022 4:44:48 AM,-1.31
10103,4/10/2022 4:44:52 AM,-1.99
10103,4/10/2022 4:44:56 AM,-2.44
10103,4/10/2022 4:45:00 AM,-2.68
10103,4/10/2022 4:45:04 AM,-2.31
10103,4/10/2022 4:45:08 AM,-2.09
10103,4/10/2022 4:45:12 AM,-2.00
10103,4/10/2022 4:45:16 AM,-2.22
10103,4/10/2022 4:45:20 AM,-2.23
10103,4/10/2022 4:45:24 AM,-1.31
10103,4/10/2022 4:45:28 AM,-1.99
10103,4/10/2022 4:45:32 AM,-1.99
10103,4/10/2022 4:45:36 AM,-2.67
10103,4/10/2022 4:45:40 AM,-1.77
10103,4/10/2022 4:45:44 AM,-1.76
10103,4/10/2022 4:45:48 AM,-1.99
10103,4/10/2022 4:45:52 AM,-1.53
10103,4/10/2022 4:45:56 AM,-1.99
10103,4/10/2022 4:46:00 AM,-2.67
10103,4/10/2022 4:46:04 AM,-1.77
10103,4/10/2022 4:46:08 AM,-1.76
10103,4/10/2022 4:46:12 AM,-1.99
10103,4/10/2022 4:46:16 AM,-1.99
10103,4/10/2022 4:46:20 AM,-1.54
10103,4/10/2022 4:46:24 AM,-1.99
10103,4/10/2022 4:46:28 AM,-1.42
10103,4/10/2022 4:46:32 AM,-1.99
10103,4/10/2022 4:46:36 AM,-1.31
10103,4/10/2022 4:46:40 AM,-1.99
10103,4/10/2022 4:46:44 AM,-1.55
10103,4/10/2022 4:46:48 AM,-1.31
10103,4/10/2022 4:46:52 AM,-1.99
10103,4/10/2022 4:46:56 AM,-1.99
10103,4/10/2022 4:47:00 AM,-1.31
10103,4/10/2022 4:47:04 AM,-1.99
10103,4/10/2022 4:47:08 AM,-1.99
10103,4/10/2022 4:47:12 AM,-1.32
10103,4/10/2022 4:47:16 AM,-2.23
10103,4/10/2022 4:47:20 AM,-1.76
10103,4/10/2022 4:47:24 AM,-1.99
10103,4/10/2022 4:47:28 AM,-1.99
10103,4/10/2022 4:47:32 AM,-1.54
10103,4/10/2022 4:47:36 AM,-1.31
10103,4/10/2022 4:47:40 AM,-1.77
10103,4/10/2022 4:47:44 AM,-1.31
10103,4/10/2022 4:47:48 AM,-1.99
10103,4/10/2022 4:47:52 AM,-1.55
10103,4/10/2022 4:47:56 AM,-1.07
10103,4/10/2022 4:48:00 AM,-2.66
10103,4/10/2022 4:48:04 AM,-1.77
10103,4/10/2022 4:48:08 AM,-1.76
10103,4/10/2022 4:48:12 AM,-2.67
10103,4/10/2022 4:48:16 AM,-1.31
10103,4/10/2022 4:48:20 AM,-1.76
10103,4/10/2022 4:48:24 AM,-1.31
10103,4/10/2022 4:48:28 AM,-1.53
10103,4/10/2022 4:48:32 AM,-1.99
10103,4/10/2022 4:48:36 AM,-1.99
10103,4/10/2022 4:48:40 AM,-1.31
10103,4/10/2022 4:48:44 AM,-1.76
10103,4/10/2022 4:48:48 AM,-2.67
10103,4/10/2022 4:48:52 AM,-1.53
10103,4/10/2022 4:48:56 AM,-1.99
10103,4/10/2022 4:49:00 AM,-1.99
10103,4/10/2022 4:49:04 AM,-1.31
10103,4/10/2022 4:49:08 AM,-1.76
10103,4/10/2022 4:49:12 AM,-1.32
10103,4/10/2022 4:49:16 AM,-1.99
10103,4/10/2022 4:49:20 AM,-1.55
10103,4/10/2022 4:49:24 AM,-1.99
10103,4/10/2022 4:49:28 AM,-1.99
10103,4/10/2022 4:49:32 AM,-1.99
10103,4/10/2022 4:49:36 AM,-1.99
10103,4/10/2022 4:49:40 AM,-1.99
10103,4/10/2022 4:49:44 AM,-1.99
10103,4/10/2022 4:49:48 AM,-1.99
10103,4/10/2022 4:49:52 AM,-2.22
10103,4/10/2022 4:49:56 AM,-2.23
10103,4/10/2022 4:50:00 AM,-2.67
10103,4/10/2022 4:50:04 AM,-1.53
10103,4/10/2022 4:50:08 AM,-1.99
10103,4/10/2022 4:50:12 AM,-2.67
10103,4/10/2022 4:50:16 AM,-1.53
10103,4/10/2022 4:50:20 AM,-2.44
10103,4/10/2022 4:50:24 AM,-1.32
10103,4/10/2022 4:50:28 AM,-2.24
10103,4/10/2022 4:50:32 AM,-1.31
10103,4/10/2022 4:50:36 AM,-1.31
10103,4/10/2022 4:50:40 AM,-1.78
10103,4/10/2022 4:50:44 AM,-1.76
10103,4/10/2022 4:50:48 AM,-1.99
10103,4/10/2022 4:50:52 AM,-1.53
10103,4/10/2022 4:50:56 AM,-1.99
10103,4/10/2022 4:51:00 AM,-2.67
10103,4/10/2022 4:51:04 AM,-1.77
10103,4/10/2022 4:51:08 AM,-2.11
10103,4/10/2022 4:51:12 AM,-1.33
10103,4/10/2022 4:51:16 AM,-2.68
10103,4/10/2022 4:51:20 AM,-2.23
10103,4/10/2022 4:51:24 AM,-1.99
10103,4/10/2022 4:51:28 AM,-1.74
10103,4/10/2022 4:51:32 AM,-2.23
10103,4/10/2022 4:51:36 AM,-1.99
10103,4/10/2022 4:51:40 AM,-1.99
10103,4/10/2022 4:51:44 AM,-1.99
10103,4/10/2022 4:51:48 AM,-1.99
10103,4/10/2022 4:51:52 AM,-1.99
10103,4/10/2022 4:51:56 AM,-1.99
10103,4/10/2022 4:52:00 AM,-1.99
10103,4/10/2022 4:52:04 AM,-1.99
10103,4/10/2022 4:52:08 AM,-1.55
10103,4/10/2022 4:52:12 AM,-1.31
10103,4/10/2022 4:52:16 AM,-2.68
10103,4/10/2022 4:52:20 AM,-2.23
10103,4/10/2022 4:52:24 AM,-1.99
10103,4/10/2022 4:52:28 AM,-2.90
10103,4/10/2022 4:52:32 AM,-2.91
10103,4/10/2022 4:52:36 AM,-2.00
10103,4/10/2022 4:52:40 AM,-1.99
10103,4/10/2022 4:52:44 AM,-1.55
10103,4/10/2022 4:52:48 AM,-2.67
10103,4/10/2022 4:52:52 AM,-2.24
10103,4/10/2022 4:52:56 AM,-1.76
10103,4/10/2022 4:53:00 AM,-1.32
10103,4/10/2022 4:53:04 AM,-1.99
10103,4/10/2022 4:53:08 AM,-1.99
10103,4/10/2022 4:53:12 AM,-2.67
10103,4/10/2022 4:53:16 AM,-1.99
10103,4/10/2022 4:53:20 AM,-1.55
10103,4/10/2022 4:53:24 AM,-1.31
10103,4/10/2022 4:53:28 AM,-2.46
10103,4/10/2022 4:53:32 AM,-1.55
10103,4/10/2022 4:53:36 AM,-1.99
10103,4/10/2022 4:53:40 AM,-1.99
10103,4/10/2022 4:53:44 AM,-1.99
10103,4/10/2022 4:53:48 AM,-1.99
10103,4/10/2022 4:53:52 AM,-2.43
10103,4/10/2022 4:53:56 AM,-2.03
10103,4/10/2022 4:54:00 AM,-2.66
10103,4/10/2022 4:54:04 AM,-1.99
10103,4/10/2022 4:54:08 AM,-1.55
10103,4/10/2022 4:54:12 AM,-1.98
10103,4/10/2022 4:54:16 AM,-1.99
10103,4/10/2022 4:54:20 AM,-2.44
10103,4/10/2022 4:54:24 AM,-1.32
10103,4/10/2022 4:54:28 AM,-2.22
10103,4/10/2022 4:54:32 AM,-2.23
10103,4/10/2022 4:54:36 AM,-1.99
10103,4/10/2022 4:54:40 AM,-1.53
10103,4/10/2022 4:54:44 AM,-1.99
10103,4/10/2022 4:54:48 AM,-1.99
10103,4/10/2022 4:54:52 AM,-2.23
10103,4/10/2022 4:54:56 AM,-2.20
10103,4/10/2022 4:55:00 AM,-2.00
10103,4/10/2022 4:55:04 AM,-2.68
10103,4/10/2022 4:55:08 AM,-1.78
10103,4/10/2022 4:55:12 AM,-1.87
10103,4/10/2022 4:55:16 AM,-2.46
10103,4/10/2022 4:55:20 AM,-1.99
10103,4/10/2022 4:55:24 AM,-1.99
10103,4/10/2022 4:55:28 AM,-2.46
10103,4/10/2022 4:55:32 AM,-2.44
10103,4/10/2022 4:55:36 AM,-2.00
10103,4/10/2022 4:55:40 AM,-1.53
10103,4/10/2022 4:55:44 AM,-1.99
10103,4/10/2022 4:55:48 AM,-1.99
10103,4/10/2022 4:55:52 AM,-2.23
10103,4/10/2022 4:55:56 AM,-2.20
10103,4/10/2022 4:56:00 AM,-2.68
10103,4/10/2022 4:56:04 AM,-1.53
10103,4/10/2022 4:56:08 AM,-1.99
10103,4/10/2022 4:56:12 AM,-1.99
10103,4/10/2022 4:56:16 AM,-1.99
10103,4/10/2022 4:56:20 AM,-1.99
10103,4/10/2022 4:56:24 AM,-1.31
10103,4/10/2022 4:56:28 AM,-1.75
10103,4/10/2022 4:56:32 AM,-2.68
10103,4/10/2022 4:56:36 AM,-2.68
10103,4/10/2022 4:56:40 AM,-2.24
10103,4/10/2022 4:56:44 AM,-1.76
10103,4/10/2022 4:56:48 AM,-1.99
10103,4/10/2022 4:56:52 AM,-2.23
10103,4/10/2022 4:56:56 AM,-1.76
10103,4/10/2022 4:57:00 AM,-1.99
10103,4/10/2022 4:57:04 AM,-1.99
10103,4/10/2022 4:57:08 AM,-2.44
10103,4/10/2022 4:57:12 AM,-1.55
10103,4/10/2022 4:57:16 AM,-2.22
10103,4/10/2022 4:57:20 AM,-2.23
10103,4/10/2022 4:57:24 AM,-1.99
10103,4/10/2022 4:57:28 AM,-2.68
10103,4/10/2022 4:57:32 AM,-2.23
10103,4/10/2022 4:57:36 AM,-1.31
10103,4/10/2022 4:57:40 AM,-2.68
10103,4/10/2022 4:57:44 AM,-2.68
10103,4/10/2022 4:57:48 AM,-1.32
10103,4/10/2022 4:57:52 AM,-1.99
10103,4/10/2022 4:57:56 AM,-1.99
10103,4/10/2022 4:58:00 AM,-1.99
10103,4/10/2022 4:58:04 AM,-1.99
10103,4/10/2022 4:58:08 AM,-1.99
10103,4/10/2022 4:58:12 AM,-1.99
10103,4/10/2022 4:58:16 AM,-1.99
10103,4/10/2022 4:58:20 AM,-1.99
10103,4/10/2022 4:58:24 AM,-1.99
10103,4/10/2022 4:58:28 AM,-1.77
10103,4/10/2022 4:58:32 AM,-1.31
10103,4/10/2022 4:58:36 AM,-2.67
10103,4/10/2022 4:58:40 AM,-1.99
10103,4/10/2022 4:58:44 AM,-1.99
10103,4/10/2022 4:58:48 AM,-1.99
10103,4/10/2022 4:58:52 AM,-2.22
10103,4/10/2022 4:58:56 AM,-1.78
10103,4/10/2022 4:59:00 AM,-1.31
10103,4/10/2022 4:59:04 AM,-2.46
10103,4/10/2022 4:59:08 AM,-2.44
10103,4/10/2022 4:59:12 AM,-2.00
10103,4/10/2022 4:59:16 AM,-1.99
10103,4/10/2022 4:59:20 AM,-1.99
10103,4/10/2022 4:59:24 AM,-2.67
10103,4/10/2022 4:59:28 AM,-1.99
10103,4/10/2022 4:59:32 AM,-1.55
10103,4/10/2022 4:59:36 AM,-1.99
10103,4/10/2022 4:59:40 AM,-1.63
10103,4/10/2022 4:59:44 AM,-2.23
10103,4/10/2022 4:59:48 AM,-2.67
10103,4/10/2022 4:59:52 AM,-1.99
10103,4/10/2022 4:59:56 AM,-1.99
10103,4/10/2022 5:00:00 AM,-1.99
10103,4/10/2022 5:00:04 AM,-2.21
10103,4/10/2022 5:00:08 AM,-2.68
10103,4/10/2022 5:00:12 AM,-2.68
10103,4/10/2022 5:00:16 AM,-1.77
10103,4/10/2022 5:00:20 AM,-1.76
10103,4/10/2022 5:00:24 AM,-2.67
10103,4/10/2022 5:00:28 AM,-1.53
10103,4/10/2022 5:00:32 AM,-1.99
10103,4/10/2022 5:00:36 AM,-1.99
10103,4/10/2022 5:00:40 AM,-1.77
10103,4/10/2022 5:00:44 AM,-2.20
10103,4/10/2022 5:00:48 AM,-1.32
10103,4/10/2022 5:00:52 AM,-2.46
10103,4/10/2022 5:00:56 AM,-1.99
10103,4/10/2022 5:01:00 AM,-1.99
10103,4/10/2022 5:01:04 AM,-1.99
10103,4/10/2022 5:01:08 AM,-2.44
10103,4/10/2022 5:01:12 AM,-2.11
10103,4/10/2022 5:01:16 AM,-2.22
10103,4/10/2022 5:01:20 AM,-2.23
10103,4/10/2022 5:01:24 AM,-1.99
10103,4/10/2022 5:01:28 AM,-1.99
10103,4/10/2022 5:01:32 AM,-1.99
10103,4/10/2022 5:01:36 AM,-1.99
10103,4/10/2022 5:01:40 AM,-2.68
10103,4/10/2022 5:01:44 AM,-2.68
10103,4/10/2022 5:01:48 AM,-2.68
10103,4/10/2022 5:01:52 AM,-2.46
10103,4/10/2022 5:01:56 AM,-1.99
10103,4/10/2022 5:02:00 AM,-1.32
10103,4/10/2022 5:02:04 AM,-2.22
10103,4/10/2022 5:02:08 AM,-2.23
10103,4/10/2022 5:02:12 AM,-1.32
10103,4/10/2022 5:02:16 AM,-2.21
10103,4/10/2022 5:02:20 AM,-2.68
10103,4/10/2022 5:02:24 AM,-2.00
10103,4/10/2022 5:02:28 AM,-1.97
10103,4/10/2022 5:02:32 AM,-2.46
10103,4/10/2022 5:02:36 AM,-2.67
10103,4/10/2022 5:02:40 AM,-2.46
10103,4/10/2022 5:02:44 AM,-1.55
10103,4/10/2022 5:02:48 AM,-2.67
10103,4/10/2022 5:02:52 AM,-1.31
10103,4/10/2022 5:02:56 AM,-2.20
10103,4/10/2022 5:03:00 AM,-2.00
10103,4/10/2022 5:03:04 AM,-1.99
10103,4/10/2022 5:03:08 AM,-1.99
10103,4/10/2022 5:03:12 AM,-1.99
10103,4/10/2022 5:03:16 AM,-2.51
10103,4/10/2022 5:03:20 AM,-1.54
10103,4/10/2022 5:03:24 AM,-1.31
10103,4/10/2022 5:03:28 AM,-2.68
10103,4/10/2022 5:03:32 AM,-2.68
10103,4/10/2022 5:03:36 AM,-1.32
10103,4/10/2022 5:03:40 AM,-1.53
10103,4/10/2022 5:03:44 AM,-1.99
10103,4/10/2022 5:03:48 AM,-1.99
10103,4/10/2022 5:03:52 AM,-1.77
10103,4/10/2022 5:03:56 AM,-2.20
10103,4/10/2022 5:04:00 AM,-1.33
10103,4/10/2022 5:04:04 AM,-1.99
10103,4/10/2022 5:04:08 AM,-2.44
10103,4/10/2022 5:04:12 AM,-2.68
10103,4/10/2022 5:04:16 AM,-2.21
10103,4/10/2022 5:04:20 AM,-2.23
10103,4/10/2022 5:04:24 AM,-1.32
10103,4/10/2022 5:04:28 AM,-2.21
10103,4/10/2022 5:04:32 AM,-1.78
10103,4/10/2022 5:04:36 AM,-2.67
10103,4/10/2022 5:04:40 AM,-2.46
10103,4/10/2022 5:04:44 AM,-2.44
10103,4/10/2022 5:04:48 AM,-2.00
10103,4/10/2022 5:04:52 AM,-1.99
10103,4/10/2022 5:04:56 AM,-1.99
10103,4/10/2022 5:05:00 AM,-1.99
10103,4/10/2022 5:05:04 AM,-1.99
10103,4/10/2022 5:05:08 AM,-1.99
10103,4/10/2022 5:05:12 AM,-2.67
10103,4/10/2022 5:05:16 AM,-1.99
10103,4/10/2022 5:05:20 AM,-1.99
10103,4/10/2022 5:05:24 AM,-1.99
10103,4/10/2022 5:05:28 AM,-2.46
10103,4/10/2022 5:05:32 AM,-1.55
10103,4/10/2022 5:05:36 AM,-2.67
10103,4/10/2022 5:05:40 AM,-1.99
10103,4/10/2022 5:05:44 AM,-1.99
10103,4/10/2022 5:05:48 AM,-1.99
10103,4/10/2022 5:05:52 AM,-1.74
10103,4/10/2022 5:05:56 AM,-2.23
10103,4/10/2022 5:06:00 AM,-1.99
10103,4/10/2022 5:06:04 AM,-1.31
10103,4/10/2022 5:06:08 AM,-2.21
10103,4/10/2022 5:06:12 AM,-2.68
10103,4/10/2022 5:06:16 AM,-1.99
10103,4/10/2022 5:06:20 AM,-1.99
10103,4/10/2022 5:06:24 AM,-1.99
10103,4/10/2022 5:06:28 AM,-2.21
10103,4/10/2022 5:06:32 AM,-2.68
10103,4/10/2022 5:06:36 AM,-3.36
10103,4/10/2022 5:06:40 AM,-2.89
10103,4/10/2022 5:06:44 AM,-2.03
10103,4/10/2022 5:06:48 AM,-1.99
10103,4/10/2022 5:06:52 AM,-2.46
10103,4/10/2022 5:06:56 AM,-1.99
10103,4/10/2022 5:07:00 AM,-3.35
10103,4/10/2022 5:07:04 AM,-2.21
10103,4/10/2022 5:07:08 AM,-2.23
10103,4/10/2022 5:07:12 AM,-3.34
10103,4/10/2022 5:07:16 AM,-2.68
10103,4/10/2022 5:07:20 AM,-2.23
10103,4/10/2022 5:07:24 AM,-1.99
10103,4/10/2022 5:07:28 AM,-1.78
10103,4/10/2022 5:07:32 AM,-1.76
10103,4/10/2022 5:07:36 AM,-1.99
10103,4/10/2022 5:07:40 AM,-1.53
10103,4/10/2022 5:07:44 AM,-1.99
10103,4/10/2022 5:07:48 AM,-1.99
10103,4/10/2022 5:07:52 AM,-2.22
10103,4/10/2022 5:07:56 AM,-2.23
10103,4/10/2022 5:08:00 AM,-1.99
10103,4/10/2022 5:08:04 AM,-2.22
10103,4/10/2022 5:08:08 AM,-2.68
10103,4/10/2022 5:08:12 AM,-2.00
10103,4/10/2022 5:08:16 AM,-1.99
10103,4/10/2022 5:08:20 AM,-1.99
10103,4/10/2022 5:08:24 AM,-1.99
10103,4/10/2022 5:08:28 AM,-1.75
10103,4/10/2022 5:08:32 AM,-2.23
10103,4/10/2022 5:08:36 AM,-1.31
10103,4/10/2022 5:08:40 AM,-1.53
10103,4/10/2022 5:08:44 AM,-1.99
10103,4/10/2022 5:08:48 AM,-1.99
10103,4/10/2022 5:08:52 AM,-2.22
10103,4/10/2022 5:08:56 AM,-2.23
10103,4/10/2022 5:09:00 AM,-2.67
10103,4/10/2022 5:09:04 AM,-1.99
10103,4/10/2022 5:09:08 AM,-2.44
10103,4/10/2022 5:09:12 AM,-2.68
10103,4/10/2022 5:09:16 AM,-2.22
10103,4/10/2022 5:09:20 AM,-2.23
10103,4/10/2022 5:09:24 AM,-1.99
10103,4/10/2022 5:09:28 AM,-1.99
10103,4/10/2022 5:09:32 AM,-1.99
10103,4/10/2022 5:09:36 AM,-1.99
10103,4/10/2022 5:09:40 AM,-1.83
10103,4/10/2022 5:09:44 AM,-1.76
10103,4/10/2022 5:09:48 AM,-1.31
10103,4/10/2022 5:09:52 AM,-1.99
10103,4/10/2022 5:09:56 AM,-2.44
10103,4/10/2022 5:10:00 AM,-1.32
10103,4/10/2022 5:10:04 AM,-1.99
10103,4/10/2022 5:10:08 AM,-1.99
10103,4/10/2022 5:10:12 AM,-1.32
10103,4/10/2022 5:10:16 AM,-2.46
10103,4/10/2022 5:10:20 AM,-1.99
10103,4/10/2022 5:10:24 AM,-1.31
10103,4/10/2022 5:10:28 AM,-1.99
10103,4/10/2022 5:10:32 AM,-2.90
10103,4/10/2022 5:10:36 AM,-2.00
10103,4/10/2022 5:10:40 AM,-1.31
10103,4/10/2022 5:10:44 AM,-1.76
10103,4/10/2022 5:10:48 AM,-1.99
10103,4/10/2022 5:10:52 AM,-1.99
10103,4/10/2022 5:10:56 AM,-1.99
10103,4/10/2022 5:11:00 AM,-1.99
10103,4/10/2022 5:11:04 AM,-2.22
10103,4/10/2022 5:11:08 AM,-2.68
10103,4/10/2022 5:11:12 AM,-2.00
10103,4/10/2022 5:11:16 AM,-1.99
10103,4/10/2022 5:11:20 AM,-2.39
10103,4/10/2022 5:11:24 AM,-2.68
10103,4/10/2022 5:11:28 AM,-1.99
10103,4/10/2022 5:11:32 AM,-1.99
10103,4/10/2022 5:11:36 AM,-1.99
10103,4/10/2022 5:11:40 AM,-1.99
10103,4/10/2022 5:11:44 AM,-1.99
10103,4/10/2022 5:11:48 AM,-2.67
10103,4/10/2022 5:11:52 AM,-2.44
10103,4/10/2022 5:11:56 AM,-2.47
10103,4/10/2022 5:12:00 AM,-1.99
10103,4/10/2022 5:12:04 AM,-1.99
10103,4/10/2022 5:12:08 AM,-1.99
10103,4/10/2022 5:12:12 AM,-1.99
10103,4/10/2022 5:12:16 AM,-1.99
10103,4/10/2022 5:12:20 AM,-2.44
10103,4/10/2022 5:12:24 AM,-2.68
10103,4/10/2022 5:12:28 AM,-1.99
10103,4/10/2022 5:12:32 AM,-1.99
10103,4/10/2022 5:12:36 AM,-2.67
10103,4/10/2022 5:12:40 AM,-2.43
10103,4/10/2022 5:12:44 AM,-2.47
10103,4/10/2022 5:12:48 AM,-1.31
10103,4/10/2022 5:12:52 AM,-1.99
10103,4/10/2022 5:12:56 AM,-1.99
10103,4/10/2022 5:13:00 AM,-1.99
10103,4/10/2022 5:13:04 AM,-1.99
10103,4/10/2022 5:13:08 AM,-2.44
10103,4/10/2022 5:13:12 AM,-2.68
10103,4/10/2022 5:13:16 AM,-1.50
10103,4/10/2022 5:13:20 AM,-2.39
10103,4/10/2022 5:13:24 AM,-2.00
10103,4/10/2022 5:13:28 AM,-2.21
10103,4/10/2022 5:13:32 AM,-2.68
10103,4/10/2022 5:13:36 AM,-2.00
10103,4/10/2022 5:13:40 AM,-1.99
10103,4/10/2022 5:13:44 AM,-1.99
10103,4/10/2022 5:13:48 AM,-2.67
10103,4/10/2022 5:13:52 AM,-1.99
10103,4/10/2022 5:13:56 AM,-1.99
10103,4/10/2022 5:14:00 AM,-1.99
10103,4/10/2022 5:14:04 AM,-1.31
10103,4/10/2022 5:14:08 AM,-1.76
10103,4/10/2022 5:14:12 AM,-2.67
10103,4/10/2022 5:14:16 AM,-2.92
10103,4/10/2022 5:14:20 AM,-1.99
10103,4/10/2022 5:14:24 AM,-1.99
10103,4/10/2022 5:14:28 AM,-1.31
10103,4/10/2022 5:14:32 AM,-1.76
10103,4/10/2022 5:14:36 AM,-2.67
10103,4/10/2022 5:14:40 AM,-1.99
10103,4/10/2022 5:14:44 AM,-1.99
10103,4/10/2022 5:14:48 AM,-1.99
10103,4/10/2022 5:14:52 AM,-2.44
10103,4/10/2022 5:14:56 AM,-2.92
10103,4/10/2022 5:15:00 AM,-2.00
10103,4/10/2022 5:15:04 AM,-2.43
10103,4/10/2022 5:15:08 AM,-2.47
10103,4/10/2022 5:15:12 AM,-1.32
10103,4/10/2022 5:15:16 AM,-1.53
10103,4/10/2022 5:15:20 AM,-1.99
10103,4/10/2022 5:15:24 AM,-2.67
10103,4/10/2022 5:15:28 AM,-1.99
10103,4/10/2022 5:15:32 AM,-1.99
10103,4/10/2022 5:15:36 AM,-1.32
10103,4/10/2022 5:15:40 AM,-1.53
10103,4/10/2022 5:15:44 AM,-1.99
10103,4/10/2022 5:15:48 AM,-1.99
10103,4/10/2022 5:15:52 AM,-1.99
10103,4/10/2022 5:15:56 AM,-1.99
10103,4/10/2022 5:16:00 AM,-2.67
10103,4/10/2022 5:16:04 AM,-1.53
10103,4/10/2022 5:16:08 AM,-1.99
10103,4/10/2022 5:16:12 AM,-1.99
10103,4/10/2022 5:16:16 AM,-1.53
10103,4/10/2022 5:16:20 AM,-1.99
10103,4/10/2022 5:16:24 AM,-2.67
10103,4/10/2022 5:16:28 AM,-2.46
10103,4/10/2022 5:16:32 AM,-1.99
10103,4/10/2022 5:16:36 AM,-1.99
10103,4/10/2022 5:16:40 AM,-2.20
10103,4/10/2022 5:16:44 AM,-2.23
10103,4/10/2022 5:16:48 AM,-3.35
10103,4/10/2022 5:16:52 AM,-2.44
10103,4/10/2022 5:16:56 AM,-2.47
10103,4/10/2022 5:17:00 AM,-1.32
10103,4/10/2022 5:17:04 AM,-1.53
10103,4/10/2022 5:17:08 AM,-1.99
10103,4/10/2022 5:17:12 AM,-3.32
10103,4/10/2022 5:17:16 AM,-2.22
10103,4/10/2022 5:17:20 AM,-2.28
10103,4/10/2022 5:17:24 AM,-1.99
10103,4/10/2022 5:17:28 AM,-1.78
10103,4/10/2022 5:17:32 AM,-1.76
10103,4/10/2022 5:17:36 AM,-1.32
10103,4/10/2022 5:17:40 AM,-1.99
10103,4/10/2022 5:17:44 AM,-1.55
10103,4/10/2022 5:17:48 AM,-2.67
10103,4/10/2022 5:17:52 AM,-2.21
10103,4/10/2022 5:17:56 AM,-2.68
10103,4/10/2022 5:18:00 AM,-1.32
10103,4/10/2022 5:18:04 AM,-1.99
10103,4/10/2022 5:18:08 AM,-1.99
10103,4/10/2022 5:18:12 AM,-1.99
10103,4/10/2022 5:18:16 AM,-1.99
10103,4/10/2022 5:18:20 AM,-1.55
10103,4/10/2022 5:18:24 AM,-1.99
10103,4/10/2022 5:18:28 AM,-1.99
10103,4/10/2022 5:18:32 AM,-1.55
10103,4/10/2022 5:18:36 AM,-3.34
10103,4/10/2022 5:18:40 AM,-1.78
10103,4/10/2022 5:18:44 AM,-2.20
10103,4/10/2022 5:18:48 AM,-2.68
10103,4/10/2022 5:18:52 AM,-2.21
10103,4/10/2022 5:18:56 AM,-2.23
10103,4/10/2022 5:19:00 AM,-2.67
10103,4/10/2022 5:19:04 AM,-1.99
10103,4/10/2022 5:19:08 AM,-1.99
10103,4/10/2022 5:19:12 AM,-1.99
10103,4/10/2022 5:19:16 AM,-1.99
10103,4/10/2022 5:19:20 AM,-1.99
10103,4/10/2022 5:19:24 AM,-2.67
10103,4/10/2022 5:19:28 AM,-2.21
10103,4/10/2022 5:19:32 AM,-2.23
10103,4/10/2022 5:19:36 AM,-2.68
10103,4/10/2022 5:19:40 AM,-1.99
10103,4/10/2022 5:19:44 AM,-2.39
10103,4/10/2022 5:19:48 AM,-2.00
10103,4/10/2022 5:19:52 AM,-2.23
10103,4/10/2022 5:19:56 AM,-1.31
10103,4/10/2022 5:20:00 AM,-2.67
10103,4/10/2022 5:20:04 AM,-2.23
10103,4/10/2022 5:20:08 AM,-1.76
10103,4/10/2022 5:20:12 AM,-2.67
10103,4/10/2022 5:20:16 AM,-1.99
10103,4/10/2022 5:20:20 AM,-1.54
10103,4/10/2022 5:20:24 AM,-2.67
10103,4/10/2022 5:20:28 AM,-2.21
10103,4/10/2022 5:20:32 AM,-2.23
10103,4/10/2022 5:20:36 AM,-1.31
10103,4/10/2022 5:20:40 AM,-1.99
10103,4/10/2022 5:20:44 AM,-1.99
10103,4/10/2022 5:20:48 AM,-1.99
10103,4/10/2022 5:20:52 AM,-2.46
10103,4/10/2022 5:20:56 AM,-1.99
10103,4/10/2022 5:21:00 AM,-1.99
10103,4/10/2022 5:21:04 AM,-1.99
10103,4/10/2022 5:21:08 AM,-2.44
10103,4/10/2022 5:21:12 AM,-2.00
10103,4/10/2022 5:21:16 AM,-2.46
10103,4/10/2022 5:21:20 AM,-1.99
10103,4/10/2022 5:21:24 AM,-1.99
10103,4/10/2022 5:21:28 AM,-1.99
10103,4/10/2022 5:21:32 AM,-1.99
10103,4/10/2022 5:21:36 AM,-2.67
10103,4/10/2022 5:21:40 AM,-1.99
10103,4/10/2022 5:21:44 AM,-2.44
10103,4/10/2022 5:21:48 AM,-2.00
10103,4/10/2022 5:21:52 AM,-2.68
10103,4/10/2022 5:21:56 AM,-2.23
10103,4/10/2022 5:22:00 AM,-1.99
10103,4/10/2022 5:22:04 AM,-1.99
10103,4/10/2022 5:22:08 AM,-1.99
10103,4/10/2022 5:22:12 AM,-1.99
10103,4/10/2022 5:22:16 AM,-2.46
10103,4/10/2022 5:22:20 AM,-2.44
10103,4/10/2022 5:22:24 AM,-1.32
10103,4/10/2022 5:22:28 AM,-1.77
10103,4/10/2022 5:22:32 AM,-1.76
10103,4/10/2022 5:22:36 AM,-1.31
10103,4/10/2022 5:22:40 AM,-2.68
10103,4/10/2022 5:22:44 AM,-1.78
10103,4/10/2022 5:22:48 AM,-1.99
10103,4/10/2022 5:22:52 AM,-1.99
10103,4/10/2022 5:22:56 AM,-1.99
10103,4/10/2022 5:23:00 AM,-2.67
10103,4/10/2022 5:23:04 AM,-1.53
10103,4/10/2022 5:23:08 AM,-1.54
10103,4/10/2022 5:23:12 AM,-2.66
10103,4/10/2022 5:23:16 AM,-1.31
10103,4/10/2022 5:23:20 AM,-2.21
10103,4/10/2022 5:23:24 AM,-2.07
10103,4/10/2022 5:23:28 AM,-1.99
10103,4/10/2022 5:23:32 AM,-1.99
10103,4/10/2022 5:23:36 AM,-1.31
10103,4/10/2022 5:23:40 AM,-1.99
10103,4/10/2022 5:23:44 AM,-1.54
10103,4/10/2022 5:23:48 AM,-1.99
10103,4/10/2022 5:23:52 AM,-1.99
10103,4/10/2022 5:23:56 AM,-1.99
10103,4/10/2022 5:24:00 AM,-1.99
10103,4/10/2022 5:24:04 AM,-1.99
10103,4/10/2022 5:24:08 AM,-1.99
10103,4/10/2022 5:24:12 AM,-1.99
10103,4/10/2022 5:24:16 AM,-2.24
10103,4/10/2022 5:24:20 AM,-1.76
10103,4/10/2022 5:24:24 AM,-2.67
10103,4/10/2022 5:24:28 AM,-1.99
10103,4/10/2022 5:24:32 AM,-1.99
10103,4/10/2022 5:24:36 AM,-1.99
10103,4/10/2022 5:24:40 AM,-1.31
10103,4/10/2022 5:24:44 AM,-2.21
10103,4/10/2022 5:24:48 AM,-2.00
10103,4/10/2022 5:24:52 AM,-1.77
10103,4/10/2022 5:24:56 AM,-2.21
10103,4/10/2022 5:25:00 AM,-1.32
10103,4/10/2022 5:25:04 AM,-1.77
10103,4/10/2022 5:25:08 AM,-1.76
10103,4/10/2022 5:25:12 AM,-1.99
10103,4/10/2022 5:25:16 AM,-1.99
10103,4/10/2022 5:25:20 AM,-2.44
10103,4/10/2022 5:25:24 AM,-2.68
10103,4/10/2022 5:25:28 AM,-1.99
10103,4/10/2022 5:25:32 AM,-1.55
10103,4/10/2022 5:25:36 AM,-1.99
10103,4/10/2022 5:25:40 AM,-2.46
10103,4/10/2022 5:25:44 AM,-1.55
10103,4/10/2022 5:25:48 AM,-1.31
10103,4/10/2022 5:25:52 AM,-1.99
10103,4/10/2022 5:25:56 AM,-1.99
10103,4/10/2022 5:26:00 AM,-1.31
10103,4/10/2022 5:26:04 AM,-1.75
10103,4/10/2022 5:26:08 AM,-2.23
10103,4/10/2022 5:26:12 AM,-2.67
10103,4/10/2022 5:26:16 AM,-1.77
10103,4/10/2022 5:26:20 AM,-1.76
10103,4/10/2022 5:26:24 AM,-2.67
10103,4/10/2022 5:26:28 AM,-1.99
10103,4/10/2022 5:26:32 AM,-1.99
10103,4/10/2022 5:26:36 AM,-1.99
10103,4/10/2022 5:26:40 AM,-1.53
10103,4/10/2022 5:26:44 AM,-1.99
10103,4/10/2022 5:26:48 AM,-1.31
10103,4/10/2022 5:26:52 AM,-2.46
10103,4/10/2022 5:26:56 AM,-1.55
10103,4/10/2022 5:27:00 AM,-1.99
10103,4/10/2022 5:27:04 AM,-1.77
10103,4/10/2022 5:27:08 AM,-1.76
10103,4/10/2022 5:27:12 AM,-1.32
10103,4/10/2022 5:27:16 AM,-2.46
10103,4/10/2022 5:27:20 AM,-2.44
10103,4/10/2022 5:27:24 AM,-2.68
10103,4/10/2022 5:27:28 AM,-1.99
10103,4/10/2022 5:27:32 AM,-1.55
10103,4/10/2022 5:27:36 AM,-1.99
10103,4/10/2022 5:27:40 AM,-1.99
10103,4/10/2022 5:27:44 AM,-1.99
10103,4/10/2022 5:27:48 AM,-1.99
10103,4/10/2022 5:27:52 AM,-1.31
10103,4/10/2022 5:27:56 AM,-2.20
10103,4/10/2022 5:28:00 AM,-2.00
10103,4/10/2022 5:28:04 AM,-2.21
10103,4/10/2022 5:28:08 AM,-2.68
10103,4/10/2022 5:28:12 AM,-2.00
10103,4/10/2022 5:28:16 AM,-1.78
10103,4/10/2022 5:28:20 AM,-1.31
10103,4/10/2022 5:28:24 AM,-2.67
10103,4/10/2022 5:28:28 AM,-2.21
10103,4/10/2022 5:28:32 AM,-2.68
10103,4/10/2022 5:28:36 AM,-2.00
10103,4/10/2022 5:28:40 AM,-1.53
10103,4/10/2022 5:28:44 AM,-1.99
10103,4/10/2022 5:28:48 AM,-1.99
10103,4/10/2022 5:28:52 AM,-1.75
10103,4/10/2022 5:28:56 AM,-1.79
10103,4/10/2022 5:29:00 AM,-1.31
10103,4/10/2022 5:29:04 AM,-2.68
10103,4/10/2022 5:29:08 AM,-2.23
10103,4/10/2022 5:29:12 AM,-1.99
10103,4/10/2022 5:29:16 AM,-1.99
10103,4/10/2022 5:29:20 AM,-1.99
10103,4/10/2022 5:29:24 AM,-2.67
10103,4/10/2022 5:29:28 AM,-2.21
10103,4/10/2022 5:29:32 AM,-1.78
10103,4/10/2022 5:29:36 AM,-1.99
10103,4/10/2022 5:29:40 AM,-2.68
10103,4/10/2022 5:29:44 AM,-2.29
10103,4/10/2022 5:29:48 AM,-1.99
10103,4/10/2022 5:29:52 AM,-2.46
10103,4/10/2022 5:29:56 AM,-1.99
10103,4/10/2022 5:30:00 AM,-1.42
10103,4/10/2022 5:30:04 AM,-1.53
10103,4/10/2022 5:30:08 AM,-1.99
10103,4/10/2022 5:30:12 AM,-1.32
10103,4/10/2022 5:30:16 AM,-1.99
10103,4/10/2022 5:30:20 AM,-1.55
10103,4/10/2022 5:30:24 AM,-0.63
10103,4/10/2022 5:30:28 AM,-2.46
10103,4/10/2022 5:30:32 AM,-1.55
10103,4/10/2022 5:30:36 AM,-1.98
10103,4/10/2022 5:30:40 AM,-1.53
10103,4/10/2022 5:30:44 AM,-1.99
10103,4/10/2022 5:30:48 AM,-1.99
10103,4/10/2022 5:30:52 AM,-2.21
10103,4/10/2022 5:30:56 AM,-2.23
10103,4/10/2022 5:31:00 AM,-1.99
10103,4/10/2022 5:31:04 AM,-2.21
10103,4/10/2022 5:31:08 AM,-2.23
10103,4/10/2022 5:31:12 AM,-1.99
10103,4/10/2022 5:31:16 AM,-1.75
10103,4/10/2022 5:31:20 AM,-2.23
10103,4/10/2022 5:31:24 AM,-2.67
10103,4/10/2022 5:31:28 AM,-1.43
10103,4/10/2022 5:31:32 AM,-1.55
10103,4/10/2022 5:31:36 AM,-1.31
10103,4/10/2022 5:31:40 AM,-1.99
10103,4/10/2022 5:31:44 AM,-1.99
10103,4/10/2022 5:31:48 AM,-1.99
10103,4/10/2022 5:31:52 AM,-2.46
10103,4/10/2022 5:31:56 AM,-1.55
10103,4/10/2022 5:32:00 AM,-2.66
10103,4/10/2022 5:32:04 AM,-1.75
10103,4/10/2022 5:32:08 AM,-1.78
10103,4/10/2022 5:32:12 AM,-1.98
10103,4/10/2022 5:32:16 AM,-1.53
10103,4/10/2022 5:32:20 AM,-1.55
10103,4/10/2022 5:32:24 AM,-1.99
10103,4/10/2022 5:32:28 AM,-1.53
10103,4/10/2022 5:32:32 AM,-1.54
10103,4/10/2022 5:32:36 AM,-1.99
10103,4/10/2022 5:32:40 AM,-1.53
10103,4/10/2022 5:32:44 AM,-1.99
10103,4/10/2022 5:32:48 AM,-2.68
10103,4/10/2022 5:32:52 AM,-2.22
10103,4/10/2022 5:32:56 AM,-1.33
10103,4/10/2022 5:33:00 AM,-1.99
10103,4/10/2022 5:33:04 AM,-1.49
10103,4/10/2022 5:33:08 AM,-1.99
10103,4/10/2022 5:33:12 AM,-1.99
10103,4/10/2022 5:33:16 AM,-1.99
10103,4/10/2022 5:33:20 AM,-1.54
10103,4/10/2022 5:33:24 AM,-1.31
10103,4/10/2022 5:33:28 AM,-1.77
10103,4/10/2022 5:33:32 AM,-1.31
10103,4/10/2022 5:33:36 AM,-2.67
10103,4/10/2022 5:33:40 AM,-1.99
10103,4/10/2022 5:33:44 AM,-1.99
10103,4/10/2022 5:33:48 AM,-1.99
10103,4/10/2022 5:33:52 AM,-1.53
10103,4/10/2022 5:33:56 AM,-1.99
10103,4/10/2022 5:34:00 AM,-1.99
10103,4/10/2022 5:34:04 AM,-1.77
10103,4/10/2022 5:34:08 AM,-1.31
10103,4/10/2022 5:34:12 AM,-1.99
10103,4/10/2022 5:34:16 AM,-1.53
10103,4/10/2022 5:34:20 AM,-1.54
10103,4/10/2022 5:34:24 AM,-2.67
10103,4/10/2022 5:34:28 AM,-1.53
10103,4/10/2022 5:34:32 AM,-1.99
10103,4/10/2022 5:34:36 AM,-1.99
10103,4/10/2022 5:34:40 AM,-1.53
10103,4/10/2022 5:34:44 AM,-2.89
10103,4/10/2022 5:34:48 AM,-2.00
10103,4/10/2022 5:34:52 AM,-1.53
10103,4/10/2022 5:34:56 AM,-1.99
10103,4/10/2022 5:35:00 AM,-0.63
10103,4/10/2022 5:35:04 AM,-2.70
10103,4/10/2022 5:35:08 AM,-2.21
10103,4/10/2022 5:35:12 AM,-2.00
10103,4/10/2022 5:35:16 AM,-2.22
10103,4/10/2022 5:35:20 AM,-1.78
10103,4/10/2022 5:35:24 AM,-1.99
10103,4/10/2022 5:35:28 AM,-1.99
10103,4/10/2022 5:35:32 AM,-1.61
10103,4/10/2022 5:35:36 AM,-2.67
10103,4/10/2022 5:35:40 AM,-1.99
10103,4/10/2022 5:35:44 AM,-1.54
10103,4/10/2022 5:35:48 AM,-1.99
10103,4/10/2022 5:35:52 AM,-1.53
10103,4/10/2022 5:35:56 AM,-1.99
10103,4/10/2022 5:36:00 AM,-1.99
10103,4/10/2022 5:36:04 AM,-1.75
10103,4/10/2022 5:36:08 AM,-1.78
10103,4/10/2022 5:36:12 AM,-1.31
10103,4/10/2022 5:36:16 AM,-1.77
10103,4/10/2022 5:36:20 AM,-1.76
10103,4/10/2022 5:36:24 AM,-2.67
10103,4/10/2022 5:36:28 AM,-2.21
10103,4/10/2022 5:36:32 AM,-2.23
10103,4/10/2022 5:36:36 AM,-2.67
10103,4/10/2022 5:36:40 AM,-1.77
10103,4/10/2022 5:36:44 AM,-1.31
10103,4/10/2022 5:36:48 AM,-1.99
10103,4/10/2022 5:36:52 AM,-1.77
10103,4/10/2022 5:36:56 AM,-1.76
10103,4/10/2022 5:37:00 AM,-0.64
10103,4/10/2022 5:37:04 AM,-1.99
10103,4/10/2022 5:37:08 AM,-1.99
10103,4/10/2022 5:37:12 AM,-1.32
10103,4/10/2022 5:37:16 AM,-2.23
10103,4/10/2022 5:37:20 AM,-2.21
10103,4/10/2022 5:37:24 AM,-3.36
10103,4/10/2022 5:37:28 AM,-1.99
10103,4/10/2022 5:37:32 AM,-1.99
10103,4/10/2022 5:37:36 AM,-1.99
10103,4/10/2022 5:37:40 AM,-2.24
10103,4/10/2022 5:37:44 AM,-1.76
10103,4/10/2022 5:37:48 AM,-1.31
10103,4/10/2022 5:37:52 AM,-1.77
10103,4/10/2022 5:37:56 AM,-1.76
10103,4/10/2022 5:38:00 AM,-1.31
10103,4/10/2022 5:38:04 AM,-2.46
10103,4/10/2022 5:38:08 AM,-1.99
10103,4/10/2022 5:38:12 AM,-1.99
10103,4/10/2022 5:38:16 AM,-1.53
10103,4/10/2022 5:38:20 AM,-2.44
10103,4/10/2022 5:38:24 AM,-1.32
10103,4/10/2022 5:38:28 AM,-1.77
10103,4/10/2022 5:38:32 AM,-2.21
10103,4/10/2022 5:38:36 AM,-2.68
10103,4/10/2022 5:38:40 AM,-1.99
10103,4/10/2022 5:38:44 AM,-1.99
10103,4/10/2022 5:38:48 AM,-1.99
10103,4/10/2022 5:38:52 AM,-1.31
10103,4/10/2022 5:38:56 AM,-1.76
10103,4/10/2022 5:39:00 AM,-1.99
10103,4/10/2022 5:39:04 AM,-1.75
10103,4/10/2022 5:39:08 AM,-2.68
10103,4/10/2022 5:39:12 AM,-1.33
10103,4/10/2022 5:39:16 AM,-2.44
10103,4/10/2022 5:39:20 AM,-2.46
10103,4/10/2022 5:39:24 AM,-1.99
10103,4/10/2022 5:39:28 AM,-1.53
10103,4/10/2022 5:39:32 AM,-1.99
10103,4/10/2022 5:39:36 AM,-1.31
10103,4/10/2022 5:39:40 AM,-1.99
10103,4/10/2022 5:39:44 AM,-1.99
10103,4/10/2022 5:39:48 AM,-1.99
10103,4/10/2022 5:39:52 AM,-2.21
10103,4/10/2022 5:39:56 AM,-2.23
10103,4/10/2022 5:40:00 AM,-1.99
10103,4/10/2022 5:40:04 AM,-1.99
10103,4/10/2022 5:40:08 AM,-1.99
10103,4/10/2022 5:40:12 AM,-1.99
10103,4/10/2022 5:40:16 AM,-2.46
10103,4/10/2022 5:40:20 AM,-1.55
10103,4/10/2022 5:40:24 AM,-1.99
10103,4/10/2022 5:40:28 AM,-1.78
10103,4/10/2022 5:40:32 AM,-1.76
10103,4/10/2022 5:40:36 AM,-1.99
10103,4/10/2022 5:40:40 AM,-1.77
10103,4/10/2022 5:40:44 AM,-1.31
10103,4/10/2022 5:40:48 AM,-1.31
10103,4/10/2022 5:40:52 AM,-2.22
10103,4/10/2022 5:40:56 AM,-2.23
10103,4/10/2022 5:41:00 AM,-1.99
10103,4/10/2022 5:41:04 AM,-2.21
10103,4/10/2022 5:41:08 AM,-2.23
10103,4/10/2022 5:41:12 AM,-1.99
10103,4/10/2022 5:41:16 AM,-2.46
10103,4/10/2022 5:41:20 AM,-1.54
10103,4/10/2022 5:41:24 AM,-1.99
10103,4/10/2022 5:41:28 AM,-1.99
10103,4/10/2022 5:41:32 AM,-1.99
10103,4/10/2022 5:41:36 AM,-1.99
10103,4/10/2022 5:41:40 AM,-1.99
10103,4/10/2022 5:41:44 AM,-1.99
10103,4/10/2022 5:41:48 AM,-1.32
10103,4/10/2022 5:41:52 AM,-1.78
10103,4/10/2022 5:41:56 AM,-1.75
10103,4/10/2022 5:42:00 AM,-1.99
10103,4/10/2022 5:42:04 AM,-2.46
10103,4/10/2022 5:42:08 AM,-1.99
10103,4/10/2022 5:42:12 AM,-1.99
10103,4/10/2022 5:42:16 AM,-2.21
10103,4/10/2022 5:42:20 AM,-2.23
10103,4/10/2022 5:42:24 AM,-1.32
10103,4/10/2022 5:42:28 AM,-1.31
10103,4/10/2022 5:42:32 AM,-1.76
10103,4/10/2022 5:42:36 AM,-1.99
10103,4/10/2022 5:42:40 AM,-1.78
10103,4/10/2022 5:42:44 AM,-1.31
10103,4/10/2022 5:42:48 AM,-1.99
10103,4/10/2022 5:42:52 AM,-1.31
10103,4/10/2022 5:42:56 AM,-1.31
10103,4/10/2022 5:43:00 AM,-1.31
10103,4/10/2022 5:43:04 AM,-1.31
10103,4/10/2022 5:43:08 AM,-2.20
10103,4/10/2022 5:43:12 AM,-2.68
10103,4/10/2022 5:43:16 AM,-1.53
10103,4/10/2022 5:43:20 AM,-1.99
10103,4/10/2022 5:43:24 AM,-2.67
10103,4/10/2022 5:43:28 AM,-2.21
10103,4/10/2022 5:43:32 AM,-2.23
10103,4/10/2022 5:43:36 AM,-0.78
10103,4/10/2022 5:43:40 AM,-1.53
10103,4/10/2022 5:43:44 AM,-1.99
10103,4/10/2022 5:43:48 AM,-1.32
10103,4/10/2022 5:43:52 AM,-1.99
10103,4/10/2022 5:43:56 AM,-2.44
10103,4/10/2022 5:44:00 AM,-2.00
10103,4/10/2022 5:44:04 AM,-1.53
10103,4/10/2022 5:44:08 AM,-1.55
10103,4/10/2022 5:44:12 AM,-1.99
10103,4/10/2022 5:44:16 AM,-1.99
10103,4/10/2022 5:44:20 AM,-1.99
10103,4/10/2022 5:44:24 AM,-1.32
10103,4/10/2022 5:44:28 AM,-1.99
10103,4/10/2022 5:44:32 AM,-1.99
10103,4/10/2022 5:44:36 AM,-1.99
10103,4/10/2022 5:44:40 AM,-1.78
10103,4/10/2022 5:44:44 AM,-1.31
10103,4/10/2022 5:44:48 AM,-1.31
10103,4/10/2022 5:44:52 AM,-2.24
10103,4/10/2022 5:44:56 AM,-1.76
10103,4/10/2022 5:45:00 AM,-1.99
10103,4/10/2022 5:45:04 AM,-1.99
10103,4/10/2022 5:45:08 AM,-1.55
10103,4/10/2022 5:45:12 AM,-2.66
10103,4/10/2022 5:45:16 AM,-2.68
10103,4/10/2022 5:45:20 AM,-1.78
10103,4/10/2022 5:45:24 AM,-1.99
10103,4/10/2022 5:45:28 AM,-1.77
10103,4/10/2022 5:45:32 AM,-1.31
10103,4/10/2022 5:45:36 AM,-1.99
10103,4/10/2022 5:45:40 AM,-1.99
10103,4/10/2022 5:45:44 AM,-1.54
10103,4/10/2022 5:45:48 AM,-1.99
10103,4/10/2022 5:45:52 AM,-1.99
10103,4/10/2022 5:45:56 AM,-1.55
10103,4/10/2022 5:46:00 AM,-1.31
10103,4/10/2022 5:46:04 AM,-1.99
10103,4/10/2022 5:46:08 AM,-2.45
10103,4/10/2022 5:46:12 AM,-2.00
10103,4/10/2022 5:46:16 AM,-2.46
10103,4/10/2022 5:46:20 AM,-1.99
10103,4/10/2022 5:46:24 AM,-1.99
10103,4/10/2022 5:46:28 AM,-1.99
10103,4/10/2022 5:46:32 AM,-1.99
10103,4/10/2022 5:46:36 AM,-1.99
10103,4/10/2022 5:46:40 AM,-1.99
10103,4/10/2022 5:46:44 AM,-2.44
10103,4/10/2022 5:46:48 AM,-2.00
10103,4/10/2022 5:46:52 AM,-2.22
10103,4/10/2022 5:46:56 AM,-2.23
10103,4/10/2022 5:47:00 AM,-1.99
10103,4/10/2022 5:47:04 AM,-1.53
10103,4/10/2022 5:47:08 AM,-1.99
10103,4/10/2022 5:47:12 AM,-1.32
10103,4/10/2022 5:47:16 AM,-3.14
10103,4/10/2022 5:47:20 AM,-2.23
10103,4/10/2022 5:47:24 AM,-1.99
10103,4/10/2022 5:47:28 AM,-2.46
10103,4/10/2022 5:47:32 AM,-1.54
10103,4/10/2022 5:47:36 AM,-1.99
10103,4/10/2022 5:47:40 AM,-2.36
10103,4/10/2022 5:47:44 AM,-1.76
10103,4/10/2022 5:47:48 AM,-1.99
10103,4/10/2022 5:47:52 AM,-1.77
10103,4/10/2022 5:47:56 AM,-1.31
10103,4/10/2022 5:48:00 AM,-1.99
10103,4/10/2022 5:48:04 AM,-1.77
10103,4/10/2022 5:48:08 AM,-1.76
10103,4/10/2022 5:48:12 AM,-1.32
10103,4/10/2022 5:48:16 AM,-1.99
10103,4/10/2022 5:48:20 AM,-1.54
10103,4/10/2022 5:48:24 AM,-1.99
10103,4/10/2022 5:48:28 AM,-1.53
10103,4/10/2022 5:48:32 AM,-1.99
10103,4/10/2022 5:48:36 AM,-2.67
10103,4/10/2022 5:48:40 AM,-1.53
10103,4/10/2022 5:48:44 AM,-1.55
10103,4/10/2022 5:48:48 AM,-1.99
10103,4/10/2022 5:48:52 AM,-1.53
10103,4/10/2022 5:48:56 AM,-1.55
10103,4/10/2022 5:49:00 AM,-1.99
10103,4/10/2022 5:49:04 AM,-1.99
10103,4/10/2022 5:49:08 AM,-1.54
10103,4/10/2022 5:49:12 AM,-1.31
10103,4/10/2022 5:49:16 AM,-2.46
10103,4/10/2022 5:49:20 AM,-1.54
10103,4/10/2022 5:49:24 AM,-1.31
10103,4/10/2022 5:49:28 AM,-1.78
10103,4/10/2022 5:49:32 AM,-1.76
10103,4/10/2022 5:49:36 AM,-1.31
10103,4/10/2022 5:49:40 AM,-1.53
10103,4/10/2022 5:49:44 AM,-1.99
10103,4/10/2022 5:49:48 AM,-1.99
10103,4/10/2022 5:49:52 AM,-1.31
10103,4/10/2022 5:49:56 AM,-0.86
10103,4/10/2022 5:50:00 AM,-1.98
10103,4/10/2022 5:50:04 AM,-1.99
10103,4/10/2022 5:50:08 AM,-1.99
10103,4/10/2022 5:50:12 AM,-1.32
10103,4/10/2022 5:50:16 AM,-1.31
10103,4/10/2022 5:50:20 AM,-1.76
10103,4/10/2022 5:50:24 AM,-1.99
10103,4/10/2022 5:50:28 AM,-2.23
10103,4/10/2022 5:50:32 AM,-1.76
10103,4/10/2022 5:50:36 AM,-1.99
10103,4/10/2022 5:50:40 AM,-2.68
10103,4/10/2022 5:50:44 AM,-1.78
10103,4/10/2022 5:50:48 AM,-1.31
10103,4/10/2022 5:50:52 AM,-1.77
10103,4/10/2022 5:50:56 AM,-0.86
10103,4/10/2022 5:51:00 AM,-1.98
10103,4/10/2022 5:51:04 AM,-1.99
10103,4/10/2022 5:51:08 AM,-2.44
10103,4/10/2022 5:51:12 AM,-2.00
10103,4/10/2022 5:51:16 AM,-1.99
10103,4/10/2022 5:51:20 AM,-1.99
10103,4/10/2022 5:51:24 AM,-1.31
10103,4/10/2022 5:51:28 AM,-1.06
10103,4/10/2022 5:51:32 AM,-2.44
10103,4/10/2022 5:51:36 AM,-2.00
10103,4/10/2022 5:51:40 AM,-1.49
10103,4/10/2022 5:51:44 AM,-1.99
10103,4/10/2022 5:51:48 AM,-1.99
10103,4/10/2022 5:51:52 AM,-1.99
10103,4/10/2022 5:51:56 AM,-1.55
10103,4/10/2022 5:52:00 AM,-1.99
10103,4/10/2022 5:52:04 AM,-1.07
10103,4/10/2022 5:52:08 AM,-1.99
10103,4/10/2022 5:52:12 AM,-1.99
10103,4/10/2022 5:52:16 AM,-1.31
10103,4/10/2022 5:52:20 AM,-2.21
10103,4/10/2022 5:52:24 AM,-1.32
10103,4/10/2022 5:52:28 AM,-1.31
10103,4/10/2022 5:52:32 AM,-1.76
10103,4/10/2022 5:52:36 AM,-2.67
10103,4/10/2022 5:52:40 AM,-2.22
10103,4/10/2022 5:52:44 AM,-1.78
10103,4/10/2022 5:52:48 AM,-1.99
10103,4/10/2022 5:52:52 AM,-2.68
10103,4/10/2022 5:52:56 AM,-1.78
10103,4/10/2022 5:53:00 AM,-1.31
10103,4/10/2022 5:53:04 AM,-1.77
10103,4/10/2022 5:53:08 AM,-1.76
10103,4/10/2022 5:53:12 AM,-1.32
10103,4/10/2022 5:53:16 AM,-1.78
10103,4/10/2022 5:53:20 AM,-2.21
10103,4/10/2022 5:53:24 AM,-2.00
10103,4/10/2022 5:53:28 AM,-2.46
10103,4/10/2022 5:53:32 AM,-1.55
10103,4/10/2022 5:53:36 AM,-1.98
10103,4/10/2022 5:53:40 AM,-1.67
10103,4/10/2022 5:53:44 AM,-1.90
10103,4/10/2022 5:53:48 AM,-1.31
10103,4/10/2022 5:53:52 AM,-1.53
10103,4/10/2022 5:53:56 AM,-1.99
10103,4/10/2022 5:54:00 AM,-2.67
10103,4/10/2022 5:54:04 AM,-1.99
10103,4/10/2022 5:54:08 AM,-1.54
10103,4/10/2022 5:54:12 AM,-2.66
10103,4/10/2022 5:54:16 AM,-1.53
10103,4/10/2022 5:54:20 AM,-2.44
10103,4/10/2022 5:54:24 AM,-2.68
10103,4/10/2022 5:54:28 AM,-1.99
10103,4/10/2022 5:54:32 AM,-1.55
10103,4/10/2022 5:54:36 AM,-1.99
10103,4/10/2022 5:54:40 AM,-1.31
10103,4/10/2022 5:54:44 AM,-1.76
10103,4/10/2022 5:54:48 AM,-1.32
10103,4/10/2022 5:54:52 AM,-1.31
10103,4/10/2022 5:54:56 AM,-1.76
10103,4/10/2022 5:55:00 AM,-1.99
10103,4/10/2022 5:55:04 AM,-1.99
10103,4/10/2022 5:55:08 AM,-1.55
10103,4/10/2022 5:55:12 AM,-1.31
10103,4/10/2022 5:55:16 AM,-1.53
10103,4/10/2022 5:55:20 AM,-1.55
10103,4/10/2022 5:55:24 AM,-1.99
10103,4/10/2022 5:55:28 AM,-1.78
10103,4/10/2022 5:55:32 AM,-1.76
10103,4/10/2022 5:55:36 AM,-1.32
10103,4/10/2022 5:55:40 AM,-1.99
10103,4/10/2022 5:55:44 AM,-1.99
10103,4/10/2022 5:55:48 AM,-1.99
10103,4/10/2022 5:55:52 AM,-2.24
10103,4/10/2022 5:55:56 AM,-1.75
10103,4/10/2022 5:56:00 AM,-2.67
10103,4/10/2022 5:56:04 AM,-2.25
10103,4/10/2022 5:56:08 AM,-1.76
10103,4/10/2022 5:56:12 AM,-1.99
10103,4/10/2022 5:56:16 AM,-1.53
10103,4/10/2022 5:56:20 AM,-1.99
10103,4/10/2022 5:56:24 AM,-1.99
10103,4/10/2022 5:56:28 AM,-1.31
10103,4/10/2022 5:56:32 AM,-1.76
10103,4/10/2022 5:56:36 AM,-1.99
10103,4/10/2022 5:56:40 AM,-2.68
10103,4/10/2022 5:56:44 AM,-2.23
10103,4/10/2022 5:56:48 AM,-1.99
10103,4/10/2022 5:56:52 AM,-1.99
10103,4/10/2022 5:56:56 AM,-1.99
10103,4/10/2022 5:57:00 AM,-1.31
10103,4/10/2022 5:57:04 AM,-1.75
10103,4/10/2022 5:57:08 AM,-1.78
10103,4/10/2022 5:57:12 AM,-1.31
10103,4/10/2022 5:57:16 AM,-1.77
10103,4/10/2022 5:57:20 AM,-1.31
10103,4/10/2022 5:57:24 AM,-1.99
10103,4/10/2022 5:57:28 AM,-2.68
10103,4/10/2022 5:57:32 AM,-1.78
10103,4/10/2022 5:57:36 AM,-1.31
10103,4/10/2022 5:57:40 AM,-1.09
10103,4/10/2022 5:57:44 AM,-1.53
10103,4/10/2022 5:57:48 AM,-1.31
10103,4/10/2022 5:57:52 AM,-1.47
10103,4/10/2022 5:57:56 AM,-1.10
10103,4/10/2022 5:58:00 AM,-2.66
10103,4/10/2022 5:58:04 AM,-1.76
10103,4/10/2022 5:58:08 AM,-1.32
10103,4/10/2022 5:58:12 AM,-1.98
10103,4/10/2022 5:58:16 AM,-1.77
10103,4/10/2022 5:58:20 AM,-1.76
10103,4/10/2022 5:58:24 AM,-0.63
10103,4/10/2022 5:58:28 AM,-1.31
10103,4/10/2022 5:58:32 AM,-1.76
10103,4/10/2022 5:58:36 AM,-1.31
10103,4/10/2022 5:58:40 AM,-1.99
10103,4/10/2022 5:58:44 AM,-1.54
10103,4/10/2022 5:58:48 AM,-1.99
10103,4/10/2022 5:58:52 AM,-1.55
10103,4/10/2022 5:58:56 AM,-0.62
10103,4/10/2022 5:59:00 AM,-1.30
10103,4/10/2022 5:59:04 AM,-1.75
10103,4/10/2022 5:59:08 AM,-2.23
10103,4/10/2022 5:59:12 AM,-1.32
10103,4/10/2022 5:59:16 AM,-1.77
10103,4/10/2022 5:59:20 AM,-0.86
10103,4/10/2022 5:59:24 AM,-1.99
10103,4/10/2022 5:59:28 AM,-2.46
10103,4/10/2022 5:59:32 AM,-1.54
10103,4/10/2022 5:59:36 AM,-1.99
10103,4/10/2022 5:59:40 AM,-1.77
10103,4/10/2022 5:59:44 AM,-1.31
10103,4/10/2022 5:59:48 AM,-1.31
10103,4/10/2022 5:59:52 AM,-1.83
10103,4/10/2022 5:59:56 AM,-1.76
10103,4/10/2022 6:00:00 AM,-1.34
10103,4/10/2022 6:00:04 AM,-1.31
10103,4/10/2022 6:00:08 AM,-1.74
10103,4/10/2022 6:00:12 AM,-2.67
10103,4/10/2022 6:00:16 AM,-1.77
10103,4/10/2022 6:00:20 AM,-1.76
10103,4/10/2022 6:00:24 AM,-1.31
10103,4/10/2022 6:00:28 AM,-1.07
10103,4/10/2022 6:00:32 AM,-1.54
10103,4/10/2022 6:00:36 AM,-1.99
10103,4/10/2022 6:00:40 AM,-1.77
10103,4/10/2022 6:00:44 AM,-1.76
10103,4/10/2022 6:00:48 AM,-2.67
10103,4/10/2022 6:00:52 AM,-1.53
10103,4/10/2022 6:00:56 AM,-1.55
10103,4/10/2022 6:01:00 AM,-1.31
10103,4/10/2022 6:01:04 AM,-1.77
10103,4/10/2022 6:01:08 AM,-1.76
10103,4/10/2022 6:01:12 AM,-1.99
10103,4/10/2022 6:01:16 AM,-1.55
10103,4/10/2022 6:01:20 AM,-1.53
10103,4/10/2022 6:01:24 AM,-1.31
10103,4/10/2022 6:01:28 AM,-1.53
10103,4/10/2022 6:01:32 AM,-1.54
10103,4/10/2022 6:01:36 AM,-1.99
10103,4/10/2022 6:01:40 AM,-1.79
10103,4/10/2022 6:01:44 AM,-1.73
10103,4/10/2022 6:01:48 AM,-1.99
10103,4/10/2022 6:01:52 AM,-0.62
10103,4/10/2022 6:01:56 AM,-1.52
10103,4/10/2022 6:02:00 AM,-2.67
10103,4/10/2022 6:02:04 AM,-1.53
10103,4/10/2022 6:02:08 AM,-1.99
10103,4/10/2022 6:02:12 AM,-1.99
10103,4/10/2022 6:02:16 AM,-1.53
10103,4/10/2022 6:02:20 AM,-1.99
10103,4/10/2022 6:02:24 AM,-1.99
10103,4/10/2022 6:02:28 AM,-1.31
10103,4/10/2022 6:02:32 AM,-1.31
10103,4/10/2022 6:02:36 AM,-1.31
10103,4/10/2022 6:02:40 AM,-1.99
10103,4/10/2022 6:02:44 AM,-1.10
10103,4/10/2022 6:02:48 AM,-1.30
10103,4/10/2022 6:02:52 AM,-1.77
10103,4/10/2022 6:02:56 AM,-1.31
10103,4/10/2022 6:03:00 AM,-1.31
10103,4/10/2022 6:03:04 AM,-1.77
10103,4/10/2022 6:03:08 AM,-0.86
10103,4/10/2022 6:03:12 AM,-1.30
10103,4/10/2022 6:03:16 AM,-2.23
10103,4/10/2022 6:03:20 AM,-2.21
10103,4/10/2022 6:03:24 AM,-1.32
10103,4/10/2022 6:03:28 AM,-1.78
10103,4/10/2022 6:03:32 AM,-1.76
10103,4/10/2022 6:03:36 AM,-1.99
10103,4/10/2022 6:03:40 AM,-1.27
10103,4/10/2022 6:03:44 AM,-1.79
10103,4/10/2022 6:03:48 AM,-1.31
10103,4/10/2022 6:03:52 AM,-1.77
10103,4/10/2022 6:03:56 AM,-2.20
10103,4/10/2022 6:04:00 AM,-2.00
10103,4/10/2022 6:04:04 AM,-1.53
10103,4/10/2022 6:04:08 AM,-1.99
10103,4/10/2022 6:04:12 AM,-2.67
10103,4/10/2022 6:04:16 AM,-2.46
10103,4/10/2022 6:04:20 AM,-2.44
10103,4/10/2022 6:04:24 AM,-2.68
10103,4/10/2022 6:04:28 AM,-1.31
10103,4/10/2022 6:04:32 AM,-1.31
10103,4/10/2022 6:04:36 AM,-1.99
10103,4/10/2022 6:04:40 AM,-1.31
10103,4/10/2022 6:04:44 AM,-1.31
10103,4/10/2022 6:04:48 AM,-1.31
10103,4/10/2022 6:04:52 AM,-2.68
10103,4/10/2022 6:04:56 AM,-2.23
10103,4/10/2022 6:05:00 AM,-2.67
10103,4/10/2022 6:05:04 AM,-1.31
10103,4/10/2022 6:05:08 AM,-1.76
10103,4/10/2022 6:05:12 AM,-1.32
10103,4/10/2022 6:05:16 AM,-0.85
10103,4/10/2022 6:05:20 AM,-1.31
10103,4/10/2022 6:05:24 AM,-1.99
10103,4/10/2022 6:05:28 AM,-1.99
10103,4/10/2022 6:05:32 AM,-1.99
10103,4/10/2022 6:05:36 AM,-1.32
10103,4/10/2022 6:05:40 AM,-1.99
10103,4/10/2022 6:05:44 AM,-2.44
10103,4/10/2022 6:05:48 AM,-2.00
10103,4/10/2022 6:05:52 AM,-1.49
10103,4/10/2022 6:05:56 AM,-1.99
10103,4/10/2022 6:06:00 AM,-1.99
10103,4/10/2022 6:06:04 AM,-1.77
10103,4/10/2022 6:06:08 AM,-1.31
10103,4/10/2022 6:06:12 AM,-1.98
10103,4/10/2022 6:06:16 AM,-1.99
10103,4/10/2022 6:06:20 AM,-1.99
10103,4/10/2022 6:06:24 AM,-1.99
10103,4/10/2022 6:06:28 AM,-2.21
10103,4/10/2022 6:06:32 AM,-2.68
10103,4/10/2022 6:06:36 AM,-2.00
10103,4/10/2022 6:06:40 AM,-1.52
10103,4/10/2022 6:06:44 AM,-1.55
10103,4/10/2022 6:06:48 AM,-1.31
10103,4/10/2022 6:06:52 AM,-1.75
10103,4/10/2022 6:06:56 AM,-1.78
10103,4/10/2022 6:07:00 AM,-0.63
10103,4/10/2022 6:07:04 AM,-1.75
10103,4/10/2022 6:07:08 AM,-2.23
10103,4/10/2022 6:07:12 AM,-1.99
10103,4/10/2022 6:07:16 AM,-2.46
10103,4/10/2022 6:07:20 AM,-1.99
10103,4/10/2022 6:07:24 AM,-1.32
10103,4/10/2022 6:07:28 AM,-1.31
10103,4/10/2022 6:07:32 AM,-2.65
10103,4/10/2022 6:07:36 AM,-2.01
10103,4/10/2022 6:07:40 AM,-1.99
10103,4/10/2022 6:07:44 AM,-1.55
10103,4/10/2022 6:07:48 AM,-1.31
10103,4/10/2022 6:07:52 AM,-1.99
10103,4/10/2022 6:07:56 AM,-1.99
10103,4/10/2022 6:08:00 AM,-2.67
10103,4/10/2022 6:08:04 AM,-1.31
10103,4/10/2022 6:08:08 AM,-1.76
10103,4/10/2022 6:08:12 AM,-1.32
10103,4/10/2022 6:08:16 AM,-1.53
10103,4/10/2022 6:08:20 AM,-1.55
10103,4/10/2022 6:08:24 AM,-1.99
10103,4/10/2022 6:08:28 AM,-1.78
10103,4/10/2022 6:08:32 AM,-1.76
10103,4/10/2022 6:08:36 AM,-1.32
10103,4/10/2022 6:08:40 AM,-2.46
10103,4/10/2022 6:08:44 AM,-1.55
10103,4/10/2022 6:08:48 AM,-1.31
10103,4/10/2022 6:08:52 AM,-1.53
10103,4/10/2022 6:08:56 AM,-1.55
10103,4/10/2022 6:09:00 AM,-1.31
10103,4/10/2022 6:09:04 AM,-1.31
10103,4/10/2022 6:09:08 AM,-1.75
10103,4/10/2022 6:09:12 AM,-1.32
10103,4/10/2022 6:09:16 AM,-1.99
10103,4/10/2022 6:09:20 AM,-1.99
10103,4/10/2022 6:09:24 AM,-2.68
10103,4/10/2022 6:09:28 AM,-1.77
10103,4/10/2022 6:09:32 AM,-1.31
10103,4/10/2022 6:09:36 AM,-1.99
10103,4/10/2022 6:09:40 AM,-1.99
10103,4/10/2022 6:09:44 AM,-1.99
10103,4/10/2022 6:09:48 AM,-1.99
10103,4/10/2022 6:09:52 AM,-1.77
10103,4/10/2022 6:09:56 AM,-0.93
10103,4/10/2022 6:10:00 AM,-1.30
10103,4/10/2022 6:10:04 AM,-1.31
10103,4/10/2022 6:10:08 AM,-1.31
10103,4/10/2022 6:10:12 AM,-1.31
10103,4/10/2022 6:10:16 AM,-1.77
10103,4/10/2022 6:10:20 AM,-1.31
10103,4/10/2022 6:10:24 AM,-1.31
10103,4/10/2022 6:10:28 AM,-1.31
10103,4/10/2022 6:10:32 AM,-1.31
10103,4/10/2022 6:10:36 AM,-1.99
10103,4/10/2022 6:10:40 AM,-1.31
10103,4/10/2022 6:10:44 AM,-1.31
10103,4/10/2022 6:10:48 AM,-1.31
10103,4/10/2022 6:10:52 AM,-1.31
10103,4/10/2022 6:10:56 AM,-1.31
10103,4/10/2022 6:11:00 AM,-1.31
10103,4/10/2022 6:11:04 AM,-1.75
10103,4/10/2022 6:11:08 AM,-2.23
10103,4/10/2022 6:11:12 AM,-1.99
10103,4/10/2022 6:11:16 AM,-2.68
10103,4/10/2022 6:11:20 AM,-2.23
10103,4/10/2022 6:11:24 AM,-1.31
10103,4/10/2022 6:11:28 AM,-2.21
10103,4/10/2022 6:11:32 AM,-2.23
10103,4/10/2022 6:11:36 AM,-1.99
10103,4/10/2022 6:11:40 AM,-1.77
10103,4/10/2022 6:11:44 AM,-1.76
10103,4/10/2022 6:11:48 AM,-1.99
10103,4/10/2022 6:11:52 AM,-1.53
10103,4/10/2022 6:11:56 AM,-1.55
10103,4/10/2022 6:12:00 AM,-1.99
10103,4/10/2022 6:12:04 AM,-1.77
10103,4/10/2022 6:12:08 AM,-1.76
10103,4/10/2022 6:12:12 AM,-1.99
10103,4/10/2022 6:12:16 AM,-1.31
10103,4/10/2022 6:12:20 AM,-1.31
10103,4/10/2022 6:12:24 AM,-1.99
10103,4/10/2022 6:12:28 AM,-1.53
10103,4/10/2022 6:12:32 AM,-2.44
10103,4/10/2022 6:12:36 AM,-1.32
10103,4/10/2022 6:12:40 AM,-1.99
10103,4/10/2022 6:12:44 AM,-1.99
10103,4/10/2022 6:12:48 AM,-1.99
10103,4/10/2022 6:12:52 AM,-1.31
10103,4/10/2022 6:12:56 AM,-1.76
10103,4/10/2022 6:13:00 AM,-1.99
10103,4/10/2022 6:13:04 AM,-0.85
10103,4/10/2022 6:13:08 AM,-2.21
10103,4/10/2022 6:13:12 AM,-2.00
10103,4/10/2022 6:13:16 AM,-1.99
10103,4/10/2022 6:13:20 AM,-1.99
10103,4/10/2022 6:13:24 AM,-1.99
10103,4/10/2022 6:13:28 AM,-1.53
10103,4/10/2022 6:13:32 AM,-1.55
10103,4/10/2022 6:13:36 AM,-1.99
10103,4/10/2022 6:13:40 AM,-1.31
10103,4/10/2022 6:13:44 AM,-1.76
10103,4/10/2022 6:13:48 AM,-1.31
10103,4/10/2022 6:13:52 AM,-1.99
10103,4/10/2022 6:13:56 AM,-1.55
10103,4/10/2022 6:14:00 AM,-1.99
10103,4/10/2022 6:14:04 AM,-1.31
10103,4/10/2022 6:14:08 AM,-1.76
10103,4/10/2022 6:14:12 AM,-1.99
10103,4/10/2022 6:14:16 AM,-1.75
10103,4/10/2022 6:14:20 AM,-1.78
10103,4/10/2022 6:14:24 AM,-1.99
10103,4/10/2022 6:14:28 AM,-1.99
10103,4/10/2022 6:14:32 AM,-1.54
10103,4/10/2022 6:14:36 AM,-1.31
10103,4/10/2022 6:14:40 AM,-1.99
10103,4/10/2022 6:14:44 AM,-1.99
10103,4/10/2022 6:14:48 AM,-1.99
10103,4/10/2022 6:14:52 AM,-1.31
10103,4/10/2022 6:14:56 AM,-1.76
10103,4/10/2022 6:15:00 AM,-2.67
10103,4/10/2022 6:15:04 AM,-2.24
10103,4/10/2022 6:15:08 AM,-1.31
10103,4/10/2022 6:15:12 AM,-1.99
10103,4/10/2022 6:15:16 AM,-2.22
10103,4/10/2022 6:15:20 AM,-2.68
10103,4/10/2022 6:15:24 AM,-1.32
10103,4/10/2022 6:15:28 AM,-2.46
10103,4/10/2022 6:15:32 AM,-1.55
10103,4/10/2022 6:15:36 AM,-1.99
10103,4/10/2022 6:15:40 AM,-1.53
10103,4/10/2022 6:15:44 AM,-1.55
10103,4/10/2022 6:15:48 AM,-1.99
10103,4/10/2022 6:15:52 AM,-2.46
10103,4/10/2022 6:15:56 AM,-1.55
10103,4/10/2022 6:16:00 AM,-1.31
10103,4/10/2022 6:16:04 AM,-1.31
10103,4/10/2022 6:16:08 AM,-1.31
10103,4/10/2022 6:16:12 AM,-1.31
10103,4/10/2022 6:16:16 AM,-1.09
10103,4/10/2022 6:16:20 AM,-1.52
10103,4/10/2022 6:16:24 AM,-1.31
10103,4/10/2022 6:16:28 AM,-1.53
10103,4/10/2022 6:16:32 AM,-1.54
10103,4/10/2022 6:16:36 AM,-0.63
10103,4/10/2022 6:16:40 AM,-1.75
10103,4/10/2022 6:16:44 AM,-1.34
10103,4/10/2022 6:16:48 AM,-1.98
10103,4/10/2022 6:16:52 AM,-2.24
10103,4/10/2022 6:16:56 AM,-1.31
10103,4/10/2022 6:17:00 AM,-1.31
10103,4/10/2022 6:17:04 AM,-1.53
10103,4/10/2022 6:17:08 AM,-1.99
10103,4/10/2022 6:17:12 AM,-1.99
10103,4/10/2022 6:17:16 AM,-1.53
10103,4/10/2022 6:17:20 AM,-1.99
10103,4/10/2022 6:17:24 AM,-1.32
10103,4/10/2022 6:17:28 AM,-1.53
10103,4/10/2022 6:17:32 AM,-2.44
10103,4/10/2022 6:17:36 AM,-2.00
10103,4/10/2022 6:17:40 AM,-1.99
10103,4/10/2022 6:17:44 AM,-1.55
10103,4/10/2022 6:17:48 AM,-1.99
10103,4/10/2022 6:17:52 AM,-1.31
10103,4/10/2022 6:17:56 AM,-1.31
10103,4/10/2022 6:18:00 AM,-1.31
10103,4/10/2022 6:18:04 AM,-2.46
10103,4/10/2022 6:18:08 AM,-2.44
10103,4/10/2022 6:18:12 AM,-2.00
10103,4/10/2022 6:18:16 AM,-1.99
10103,4/10/2022 6:18:20 AM,-1.99
10103,4/10/2022 6:18:24 AM,-1.99
10103,4/10/2022 6:18:28 AM,-1.31
10103,4/10/2022 6:18:32 AM,-1.31
10103,4/10/2022 6:18:36 AM,-2.67
10103,4/10/2022 6:18:40 AM,-2.21
10103,4/10/2022 6:18:44 AM,-1.78
10103,4/10/2022 6:18:48 AM,-2.67
10103,4/10/2022 6:18:52 AM,-1.99
10103,4/10/2022 6:18:56 AM,-1.55
10103,4/10/2022 6:19:00 AM,-1.31
10103,4/10/2022 6:19:04 AM,-1.53
10103,4/10/2022 6:19:08 AM,-1.99
10103,4/10/2022 6:19:12 AM,-1.99
10103,4/10/2022 6:19:16 AM,-1.99
10103,4/10/2022 6:19:20 AM,-1.99
10103,4/10/2022 6:19:24 AM,-1.32
10103,4/10/2022 6:19:28 AM,-1.53
10103,4/10/2022 6:19:32 AM,-2.44
10103,4/10/2022 6:19:36 AM,-1.33
10103,4/10/2022 6:19:40 AM,-1.99
10103,4/10/2022 6:19:44 AM,-2.44
10103,4/10/2022 6:19:48 AM,-2.00
10103,4/10/2022 6:19:52 AM,-1.77
10103,4/10/2022 6:19:56 AM,-1.31
10103,4/10/2022 6:20:00 AM,-1.31
10103,4/10/2022 6:20:04 AM,-1.53
10103,4/10/2022 6:20:08 AM,-1.99
10103,4/10/2022 6:20:12 AM,-1.32
10103,4/10/2022 6:20:16 AM,-0.84
10103,4/10/2022 6:20:20 AM,-1.31
10103,4/10/2022 6:20:24 AM,-1.99
10103,4/10/2022 6:20:28 AM,-1.78
10103,4/10/2022 6:20:32 AM,-1.76
10103,4/10/2022 6:20:36 AM,-1.32
10103,4/10/2022 6:20:40 AM,-1.53
10103,4/10/2022 6:20:44 AM,-1.55
10103,4/10/2022 6:20:48 AM,-1.31
10103,4/10/2022 6:20:52 AM,-1.31
10103,4/10/2022 6:20:56 AM,-1.31
10103,4/10/2022 6:21:00 AM,-1.99
10103,4/10/2022 6:21:04 AM,-1.99
10103,4/10/2022 6:21:08 AM,-1.99
10103,4/10/2022 6:21:12 AM,-1.99
10103,4/10/2022 6:21:16 AM,-1.31
10103,4/10/2022 6:21:20 AM,-1.31
10103,4/10/2022 6:21:24 AM,-0.63
10103,4/10/2022 6:21:28 AM,-1.78
10103,4/10/2022 6:21:32 AM,-1.76
10103,4/10/2022 6:21:36 AM,-1.32
10103,4/10/2022 6:21:40 AM,-1.77
10103,4/10/2022 6:21:44 AM,-1.76
10103,4/10/2022 6:21:48 AM,-1.32
10103,4/10/2022 6:21:52 AM,-1.77
10103,4/10/2022 6:21:56 AM,-1.31
10103,4/10/2022 6:22:00 AM,-1.98
10103,4/10/2022 6:22:04 AM,-1.99
10103,4/10/2022 6:22:08 AM,-1.99
10103,4/10/2022 6:22:12 AM,-1.99
10103,4/10/2022 6:22:16 AM,-2.24
10103,4/10/2022 6:22:20 AM,-1.76
10103,4/10/2022 6:22:24 AM,-1.32
10103,4/10/2022 6:22:28 AM,-1.53
10103,4/10/2022 6:22:32 AM,-1.55
10103,4/10/2022 6:22:36 AM,-1.99
10103,4/10/2022 6:22:40 AM,-1.31
10103,4/10/2022 6:22:44 AM,-2.20
10103,4/10/2022 6:22:48 AM,-2.00
10103,4/10/2022 6:22:52 AM,-2.21
10103,4/10/2022 6:22:56 AM,-1.79
10103,4/10/2022 6:23:00 AM,-1.99
10103,4/10/2022 6:23:04 AM,-1.53
10103,4/10/2022 6:23:08 AM,-1.99
10103,4/10/2022 6:23:12 AM,-1.99
10103,4/10/2022 6:23:16 AM,-1.99
10103,4/10/2022 6:23:20 AM,-2.44
10103,4/10/2022 6:23:24 AM,-2.00
10103,4/10/2022 6:23:28 AM,-1.53
10103,4/10/2022 6:23:32 AM,-1.99
10103,4/10/2022 6:23:36 AM,-2.67
10103,4/10/2022 6:23:40 AM,-1.77
10103,4/10/2022 6:23:44 AM,-1.76
10103,4/10/2022 6:23:48 AM,-1.32
10103,4/10/2022 6:23:52 AM,-1.53
10103,4/10/2022 6:23:56 AM,-1.99
10103,4/10/2022 6:24:00 AM,-1.99
10103,4/10/2022 6:24:04 AM,-1.99
10103,4/10/2022 6:24:08 AM,-1.54
10103,4/10/2022 6:24:12 AM,-1.31
10103,4/10/2022 6:24:16 AM,-1.31
10103,4/10/2022 6:24:20 AM,-1.31
10103,4/10/2022 6:24:24 AM,-1.99
10103,4/10/2022 6:24:28 AM,-1.53
10103,4/10/2022 6:24:32 AM,-1.99
10103,4/10/2022 6:24:36 AM,-1.99
10103,4/10/2022 6:24:40 AM,-1.31
10103,4/10/2022 6:24:44 AM,-1.31
10103,4/10/2022 6:24:48 AM,-1.99
10103,4/10/2022 6:24:52 AM,-1.99
10103,4/10/2022 6:24:56 AM,-1.99
10103,4/10/2022 6:25:00 AM,-1.99
10103,4/10/2022 6:25:04 AM,-1.31
10103,4/10/2022 6:25:08 AM,-1.71
10103,4/10/2022 6:25:12 AM,-1.99
10103,4/10/2022 6:25:16 AM,-1.99
10103,4/10/2022 6:25:20 AM,-1.99
10103,4/10/2022 6:25:24 AM,-1.31
10103,4/10/2022 6:25:28 AM,-0.84
10103,4/10/2022 6:25:32 AM,-1.76
10103,4/10/2022 6:25:36 AM,-2.67
10103,4/10/2022 6:25:40 AM,-1.77
10103,4/10/2022 6:25:44 AM,-1.76
10103,4/10/2022 6:25:48 AM,-1.31
10103,4/10/2022 6:25:52 AM,-2.68
10103,4/10/2022 6:25:56 AM,-2.23
10103,4/10/2022 6:26:00 AM,-1.99
10103,4/10/2022 6:26:04 AM,-1.31
10103,4/10/2022 6:26:08 AM,-1.76
10103,4/10/2022 6:26:12 AM,-1.99
10103,4/10/2022 6:26:16 AM,-1.77
10103,4/10/2022 6:26:20 AM,-1.76
10103,4/10/2022 6:26:24 AM,-1.31
10103,4/10/2022 6:26:28 AM,-1.99
10103,4/10/2022 6:26:32 AM,-2.41
10103,4/10/2022 6:26:36 AM,-1.32
10103,4/10/2022 6:26:40 AM,-1.31
10103,4/10/2022 6:26:44 AM,-1.31
10103,4/10/2022 6:26:48 AM,-1.31
10103,4/10/2022 6:26:52 AM,-1.31
10103,4/10/2022 6:26:56 AM,-1.31
10103,4/10/2022 6:27:00 AM,-2.67
10103,4/10/2022 6:27:04 AM,-1.99
10103,4/10/2022 6:27:08 AM,-1.55
10103,4/10/2022 6:27:12 AM,-1.99
10103,4/10/2022 6:27:16 AM,-2.46
10103,4/10/2022 6:27:20 AM,-1.54
10103,4/10/2022 6:27:24 AM,-1.31
10103,4/10/2022 6:27:28 AM,-1.56
10103,4/10/2022 6:27:32 AM,-1.07
10103,4/10/2022 6:27:36 AM,-1.99
10103,4/10/2022 6:27:40 AM,-1.75
10103,4/10/2022 6:27:44 AM,-1.33
10103,4/10/2022 6:27:48 AM,-1.98
10103,4/10/2022 6:27:52 AM,-1.77
10103,4/10/2022 6:27:56 AM,-1.76
10103,4/10/2022 6:28:00 AM,-1.99
10103,4/10/2022 6:28:04 AM,-1.99
10103,4/10/2022 6:28:08 AM,-1.59
10103,4/10/2022 6:28:12 AM,-1.31
10103,4/10/2022 6:28:16 AM,-2.22
10103,4/10/2022 6:28:20 AM,-2.23
10103,4/10/2022 6:28:24 AM,-1.99
10103,4/10/2022 6:28:28 AM,-1.77
10103,4/10/2022 6:28:32 AM,-1.76
10103,4/10/2022 6:28:36 AM,-1.99
10103,4/10/2022 6:28:40 AM,-1.53
10103,4/10/2022 6:28:44 AM,-1.99
10103,4/10/2022 6:28:48 AM,-1.99
10103,4/10/2022 6:28:52 AM,-1.53
10103,4/10/2022 6:28:56 AM,-1.55
10103,4/10/2022 6:29:00 AM,-1.99
10103,4/10/2022 6:29:04 AM,-1.53
10103,4/10/2022 6:29:08 AM,-1.99
10103,4/10/2022 6:29:12 AM,-1.32
10103,4/10/2022 6:29:16 AM,-1.77
10103,4/10/2022 6:29:20 AM,-1.76
10103,4/10/2022 6:29:24 AM,-1.99
10103,4/10/2022 6:29:28 AM,-1.75
10103,4/10/2022 6:29:32 AM,-2.68
10103,4/10/2022 6:29:36 AM,-0.64
10103,4/10/2022 6:29:40 AM,-1.99
10103,4/10/2022 6:29:44 AM,-1.99
10103,4/10/2022 6:29:48 AM,-1.31
10103,4/10/2022 6:29:52 AM,-1.07
10103,4/10/2022 6:29:56 AM,-1.99
10103,4/10/2022 6:30:00 AM,-1.99
10103,4/10/2022 6:30:04 AM,-1.99
10103,4/10/2022 6:30:08 AM,-1.99
10103,4/10/2022 6:30:12 AM,-1.32
10103,4/10/2022 6:30:16 AM,-1.31
10103,4/10/2022 6:30:20 AM,-2.21
10103,4/10/2022 6:30:24 AM,-1.32
10103,4/10/2022 6:30:28 AM,-1.06
10103,4/10/2022 6:30:32 AM,-1.54
10103,4/10/2022 6:30:36 AM,-2.67
10103,4/10/2022 6:30:40 AM,-1.53
10103,4/10/2022 6:30:44 AM,-1.55
10103,4/10/2022 6:30:48 AM,-2.67
10103,4/10/2022 6:30:52 AM,-2.46
10103,4/10/2022 6:30:56 AM,-1.99
10103,4/10/2022 6:31:00 AM,-1.99
10103,4/10/2022 6:31:04 AM,-2.24
10103,4/10/2022 6:31:08 AM,-2.21
10103,4/10/2022 6:31:12 AM,-1.33
10103,4/10/2022 6:31:16 AM,-1.77
10103,4/10/2022 6:31:20 AM,-2.21
10103,4/10/2022 6:31:24 AM,-2.00
10103,4/10/2022 6:31:28 AM,-1.31
10103,4/10/2022 6:31:32 AM,-0.86
10103,4/10/2022 6:31:36 AM,-1.98
10103,4/10/2022 6:31:40 AM,-1.77
10103,4/10/2022 6:31:44 AM,-1.31
10103,4/10/2022 6:31:48 AM,-2.66
10103,4/10/2022 6:31:52 AM,-1.53
10103,4/10/2022 6:31:56 AM,-1.55
10103,4/10/2022 6:32:00 AM,-1.31
10103,4/10/2022 6:32:04 AM,-0.84
10103,4/10/2022 6:32:08 AM,-1.31
10103,4/10/2022 6:32:12 AM,-2.65
10103,4/10/2022 6:32:16 AM,-1.78
10103,4/10/2022 6:32:20 AM,-1.31
10103,4/10/2022 6:32:24 AM,-1.99
10103,4/10/2022 6:32:28 AM,-2.21
10103,4/10/2022 6:32:32 AM,-2.23
10103,4/10/2022 6:32:36 AM,-1.99
10103,4/10/2022 6:32:40 AM,-1.99
10103,4/10/2022 6:32:44 AM,-1.55
10103,4/10/2022 6:32:48 AM,-1.99
10103,4/10/2022 6:32:52 AM,-2.24
10103,4/10/2022 6:32:56 AM,-1.31
10103,4/10/2022 6:33:00 AM,-1.31
10103,4/10/2022 6:33:04 AM,-0.85
10103,4/10/2022 6:33:08 AM,-2.21
10103,4/10/2022 6:33:12 AM,-1.33
10103,4/10/2022 6:33:16 AM,-1.77
10103,4/10/2022 6:33:20 AM,-1.31
10103,4/10/2022 6:33:24 AM,-1.31
10103,4/10/2022 6:33:28 AM,-1.99
10103,4/10/2022 6:33:32 AM,-1.99
10103,4/10/2022 6:33:36 AM,-1.32
10103,4/10/2022 6:33:40 AM,-1.77
10103,4/10/2022 6:33:44 AM,-1.31
10103,4/10/2022 6:33:48 AM,-0.63
10103,4/10/2022 6:33:52 AM,-1.75
10103,4/10/2022 6:33:56 AM,-1.79
10103,4/10/2022 6:34:00 AM,-1.31
10103,4/10/2022 6:34:04 AM,-1.31
10103,4/10/2022 6:34:08 AM,-2.21
10103,4/10/2022 6:34:12 AM,-2.00
10103,4/10/2022 6:34:16 AM,-1.53
10103,4/10/2022 6:34:20 AM,-1.10
10103,4/10/2022 6:34:24 AM,-1.98
10103,4/10/2022 6:34:28 AM,-1.99
10103,4/10/2022 6:34:32 AM,-1.54
10103,4/10/2022 6:34:36 AM,-1.99
10103,4/10/2022 6:34:40 AM,-1.99
10103,4/10/2022 6:34:44 AM,-2.44
10103,4/10/2022 6:34:48 AM,-2.68
10103,4/10/2022 6:34:52 AM,-2.24
10103,4/10/2022 6:34:56 AM,-1.31
10103,4/10/2022 6:35:00 AM,-1.98
10103,4/10/2022 6:35:04 AM,-1.74
10103,4/10/2022 6:35:08 AM,-1.79
10103,4/10/2022 6:35:12 AM,-1.31
10103,4/10/2022 6:35:16 AM,-1.53
10103,4/10/2022 6:35:20 AM,-1.99
10103,4/10/2022 6:35:24 AM,-1.32
10103,4/10/2022 6:35:28 AM,-2.24
10103,4/10/2022 6:35:32 AM,-1.31
10103,4/10/2022 6:35:36 AM,-1.99
10103,4/10/2022 6:35:40 AM,-1.75
10103,4/10/2022 6:35:44 AM,-2.23
10103,4/10/2022 6:35:48 AM,-1.32
10103,4/10/2022 6:35:52 AM,-1.53
10103,4/10/2022 6:35:56 AM,-1.55
10103,4/10/2022 6:36:00 AM,-1.99
10103,4/10/2022 6:36:04 AM,-1.55
10103,4/10/2022 6:36:08 AM,-1.03
10103,4/10/2022 6:36:12 AM,-1.31
10103,4/10/2022 6:36:16 AM,-1.77
10103,4/10/2022 6:36:20 AM,-2.20
10103,4/10/2022 6:36:24 AM,-2.00
10103,4/10/2022 6:36:28 AM,-2.46
10103,4/10/2022 6:36:32 AM,-2.44
10103,4/10/2022 6:36:36 AM,-2.00
10103,4/10/2022 6:36:40 AM,-1.09
10103,4/10/2022 6:36:44 AM,-1.07
10103,4/10/2022 6:36:48 AM,-1.31
10103,4/10/2022 6:36:52 AM,-1.31
10103,4/10/2022 6:36:56 AM,-1.76
10103,4/10/2022 6:37:00 AM,-1.32
10103,4/10/2022 6:37:04 AM,-2.21
10103,4/10/2022 6:37:08 AM,-1.78
10103,4/10/2022 6:37:12 AM,-1.31
10103,4/10/2022 6:37:16 AM,-1.99
10103,4/10/2022 6:37:20 AM,-1.99
10103,4/10/2022 6:37:24 AM,-1.99
10103,4/10/2022 6:37:28 AM,-1.31
10103,4/10/2022 6:37:32 AM,-2.20
10103,4/10/2022 6:37:36 AM,-2.00
10103,4/10/2022 6:37:40 AM,-1.28
10103,4/10/2022 6:37:44 AM,-1.78
10103,4/10/2022 6:37:48 AM,-1.31
10103,4/10/2022 6:37:52 AM,-1.99
10103,4/10/2022 6:37:56 AM,-2.44
10103,4/10/2022 6:38:00 AM,-2.00
10103,4/10/2022 6:38:04 AM,-1.53
10103,4/10/2022 6:38:08 AM,-1.99
10103,4/10/2022 6:38:12 AM,-1.32
10103,4/10/2022 6:38:16 AM,-2.24
10103,4/10/2022 6:38:20 AM,-1.76
10103,4/10/2022 6:38:24 AM,-2.67
10103,4/10/2022 6:38:28 AM,-1.99
10103,4/10/2022 6:38:32 AM,-1.54
10103,4/10/2022 6:38:36 AM,-1.99
10103,4/10/2022 6:38:40 AM,-1.29
10103,4/10/2022 6:38:44 AM,-2.23
10103,4/10/2022 6:38:48 AM,-1.99
10103,4/10/2022 6:38:52 AM,-2.23
10103,4/10/2022 6:38:56 AM,-1.76
10103,4/10/2022 6:39:00 AM,-1.31
10103,4/10/2022 6:39:04 AM,-1.99
10103,4/10/2022 6:39:08 AM,-1.99
10103,4/10/2022 6:39:12 AM,-0.64
10103,4/10/2022 6:39:16 AM,-2.46
10103,4/10/2022 6:39:20 AM,-1.54
10103,4/10/2022 6:39:24 AM,-1.99
10103,4/10/2022 6:39:28 AM,-1.99
10103,4/10/2022 6:39:32 AM,-1.99
10103,4/10/2022 6:39:36 AM,-2.67
10103,4/10/2022 6:39:40 AM,-1.53
10103,4/10/2022 6:39:44 AM,-1.99
10103,4/10/2022 6:39:48 AM,-1.31
10103,4/10/2022 6:39:52 AM,-1.99
10103,4/10/2022 6:39:56 AM,-1.99
10103,4/10/2022 6:40:00 AM,-1.31
10103,4/10/2022 6:40:04 AM,-1.31
10103,4/10/2022 6:40:08 AM,-1.31
10103,4/10/2022 6:40:12 AM,-1.31
10103,4/10/2022 6:40:16 AM,-1.53
10103,4/10/2022 6:40:20 AM,-1.10
10103,4/10/2022 6:40:24 AM,-1.98
10103,4/10/2022 6:40:28 AM,-1.53
10103,4/10/2022 6:40:32 AM,-1.99
10103,4/10/2022 6:40:36 AM,-1.31
10103,4/10/2022 6:40:40 AM,-1.77
10103,4/10/2022 6:40:44 AM,-1.76
10103,4/10/2022 6:40:48 AM,-1.31
10103,4/10/2022 6:40:52 AM,-1.53
10103,4/10/2022 6:40:56 AM,-1.55
10103,4/10/2022 6:41:00 AM,-1.31
10103,4/10/2022 6:41:04 AM,-1.99
10103,4/10/2022 6:41:08 AM,-1.54
10103,4/10/2022 6:41:12 AM,-1.99
10103,4/10/2022 6:41:16 AM,-1.99
10103,4/10/2022 6:41:20 AM,-1.99
10103,4/10/2022 6:41:24 AM,-1.31
10103,4/10/2022 6:41:28 AM,-1.78
10103,4/10/2022 6:41:32 AM,-1.76
10103,4/10/2022 6:41:36 AM,-1.31
10103,4/10/2022 6:41:40 AM,-1.75
10103,4/10/2022 6:41:44 AM,-2.23
10103,4/10/2022 6:41:48 AM,-1.99
10103,4/10/2022 6:41:52 AM,-1.75
10103,4/10/2022 6:41:56 AM,-1.79
10103,4/10/2022 6:42:00 AM,-1.99
10103,4/10/2022 6:42:04 AM,-1.77
10103,4/10/2022 6:42:08 AM,-1.31
10103,4/10/2022 6:42:12 AM,-1.31
10103,4/10/2022 6:42:16 AM,-1.53
10103,4/10/2022 6:42:20 AM,-1.99
10103,4/10/2022 6:42:24 AM,-2.67
10103,4/10/2022 6:42:28 AM,-2.24
10103,4/10/2022 6:42:32 AM,-1.76
10103,4/10/2022 6:42:36 AM,-1.31
10103,4/10/2022 6:42:40 AM,-1.99
10103,4/10/2022 6:42:44 AM,-2.44
10103,4/10/2022 6:42:48 AM,-2.00
10103,4/10/2022 6:42:52 AM,-1.77
10103,4/10/2022 6:42:56 AM,-1.76
10103,4/10/2022 6:43:00 AM,-1.31
10103,4/10/2022 6:43:04 AM,-2.46
10103,4/10/2022 6:43:08 AM,-1.99
10103,4/10/2022 6:43:12 AM,-1.99
10103,4/10/2022 6:43:16 AM,-1.55
10103,4/10/2022 6:43:20 AM,-1.07
10103,4/10/2022 6:43:24 AM,-1.99
10103,4/10/2022 6:43:28 AM,-1.78
10103,4/10/2022 6:43:32 AM,-1.31
10103,4/10/2022 6:43:36 AM,-2.67
10103,4/10/2022 6:43:40 AM,-1.31
10103,4/10/2022 6:43:44 AM,-1.31
10103,4/10/2022 6:43:48 AM,-0.63
10103,4/10/2022 6:43:52 AM,-2.46
10103,4/10/2022 6:43:56 AM,-1.55
10103,4/10/2022 6:44:00 AM,-1.31
10103,4/10/2022 6:44:04 AM,-2.46
10103,4/10/2022 6:44:08 AM,-1.55
10103,4/10/2022 6:44:12 AM,-1.31
10103,4/10/2022 6:44:16 AM,-1.53
10103,4/10/2022 6:44:20 AM,-1.99
10103,4/10/2022 6:44:24 AM,-1.32
10103,4/10/2022 6:44:28 AM,-2.24
10103,4/10/2022 6:44:32 AM,-1.31
10103,4/10/2022 6:44:36 AM,-2.67
10103,4/10/2022 6:44:40 AM,-1.09
10103,4/10/2022 6:44:44 AM,-1.52
10103,4/10/2022 6:44:48 AM,-2.67
10103,4/10/2022 6:44:52 AM,-1.75
10103,4/10/2022 6:44:56 AM,-1.79
10103,4/10/2022 6:45:00 AM,-2.66
10103,4/10/2022 6:45:04 AM,-1.31
10103,4/10/2022 6:45:08 AM,-1.31
10103,4/10/2022 6:45:12 AM,-1.31
10103,4/10/2022 6:45:16 AM,-1.53
10103,4/10/2022 6:45:20 AM,-1.54
10103,4/10/2022 6:45:24 AM,-1.99
10103,4/10/2022 6:45:28 AM,-1.31
10103,4/10/2022 6:45:32 AM,-1.76
10103,4/10/2022 6:45:36 AM,-1.32
10103,4/10/2022 6:45:40 AM,-1.53
10103,4/10/2022 6:45:44 AM,-1.99
10103,4/10/2022 6:45:48 AM,-1.32
10103,4/10/2022 6:45:52 AM,-1.31
10103,4/10/2022 6:45:56 AM,-1.31
10103,4/10/2022 6:46:00 AM,-1.99
10103,4/10/2022 6:46:04 AM,-1.99
10103,4/10/2022 6:46:08 AM,-1.55
10103,4/10/2022 6:46:12 AM,-1.31
10103,4/10/2022 6:46:16 AM,-1.65
10103,4/10/2022 6:46:20 AM,-1.78
10103,4/10/2022 6:46:24 AM,-1.99
10103,4/10/2022 6:46:28 AM,-1.53
10103,4/10/2022 6:46:32 AM,-1.99
10103,4/10/2022 6:46:36 AM,-1.99
10103,4/10/2022 6:46:40 AM,-0.84
10103,4/10/2022 6:46:44 AM,-1.31
10103,4/10/2022 6:46:48 AM,-1.31
10103,4/10/2022 6:46:52 AM,-1.31
10103,4/10/2022 6:46:56 AM,-1.76
10103,4/10/2022 6:47:00 AM,-1.32
10103,4/10/2022 6:47:04 AM,-1.75
10103,4/10/2022 6:47:08 AM,-2.23
10103,4/10/2022 6:47:12 AM,-2.67
10103,4/10/2022 6:47:16 AM,-1.31
10103,4/10/2022 6:47:20 AM,-1.76
10103,4/10/2022 6:47:24 AM,-1.32
10103,4/10/2022 6:47:28 AM,-1.09
10103,4/10/2022 6:47:32 AM,-1.07
10103,4/10/2022 6:47:36 AM,-1.31
10103,4/10/2022 6:47:40 AM,-1.77
10103,4/10/2022 6:47:44 AM,-2.20
10103,4/10/2022 6:47:48 AM,-2.00
10103,4/10/2022 6:47:52 AM,-2.21
10103,4/10/2022 6:47:56 AM,-1.79
10103,4/10/2022 6:48:00 AM,-1.99
10103,4/10/2022 6:48:04 AM,-2.22
10103,4/10/2022 6:48:08 AM,-2.23
10103,4/10/2022 6:48:12 AM,-1.32
10103,4/10/2022 6:48:16 AM,-1.81
10103,4/10/2022 6:48:20 AM,-0.92
10103,4/10/2022 6:48:24 AM,-1.30
10103,4/10/2022 6:48:28 AM,-2.24
10103,4/10/2022 6:48:32 AM,-1.76
10103,4/10/2022 6:48:36 AM,-1.99
10103,4/10/2022 6:48:40 AM,-2.68
10103,4/10/2022 6:48:44 AM,-2.68
10103,4/10/2022 6:48:48 AM,-1.32
10103,4/10/2022 6:48:52 AM,-1.53
10103,4/10/2022 6:48:56 AM,-1.55
10103,4/10/2022 6:49:00 AM,-0.63
10103,4/10/2022 6:49:04 AM,-2.21
10103,4/10/2022 6:49:08 AM,-1.78
10103,4/10/2022 6:49:12 AM,-1.31
10103,4/10/2022 6:49:16 AM,-1.99
10103,4/10/2022 6:49:20 AM,-1.54
10103,4/10/2022 6:49:24 AM,-1.31
10103,4/10/2022 6:49:28 AM,-1.53
10103,4/10/2022 6:49:32 AM,-1.99
10103,4/10/2022 6:49:36 AM,-1.99
10103,4/10/2022 6:49:40 AM,-1.31
10103,4/10/2022 6:49:44 AM,-1.31
10103,4/10/2022 6:49:48 AM,-1.31
10103,4/10/2022 6:49:52 AM,-1.99
10103,4/10/2022 6:49:56 AM,-1.99
10103,4/10/2022 6:50:00 AM,-2.67
10103,4/10/2022 6:50:04 AM,-1.77
10103,4/10/2022 6:50:08 AM,-2.21
10103,4/10/2022 6:50:12 AM,-1.33
10103,4/10/2022 6:50:16 AM,-1.31
10103,4/10/2022 6:50:20 AM,-1.70
10103,4/10/2022 6:50:24 AM,-1.99
10103,4/10/2022 6:50:28 AM,-1.31
10103,4/10/2022 6:50:32 AM,-2.21
10103,4/10/2022 6:50:36 AM,-1.32
10103,4/10/2022 6:50:40 AM,-1.78
10103,4/10/2022 6:50:44 AM,-1.76
10103,4/10/2022 6:50:48 AM,-1.32
10103,4/10/2022 6:50:52 AM,-1.99
10103,4/10/2022 6:50:56 AM,-1.55
10103,4/10/2022 6:51:00 AM,-1.31
10103,4/10/2022 6:51:04 AM,-1.31
10103,4/10/2022 6:51:08 AM,-1.31
10103,4/10/2022 6:51:12 AM,-1.98
10103,4/10/2022 6:51:16 AM,-1.99
10103,4/10/2022 6:51:20 AM,-1.54
10103,4/10/2022 6:51:24 AM,-1.31
10103,4/10/2022 6:51:28 AM,-1.53
10103,4/10/2022 6:51:32 AM,-1.99
10103,4/10/2022 6:51:36 AM,-1.99
10103,4/10/2022 6:51:40 AM,-2.21
10103,4/10/2022 6:51:44 AM,-2.23
10103,4/10/2022 6:51:48 AM,-1.99
10103,4/10/2022 6:51:52 AM,-1.31
10103,4/10/2022 6:51:56 AM,-1.75
10103,4/10/2022 6:52:00 AM,-1.32
10103,4/10/2022 6:52:04 AM,-1.53
10103,4/10/2022 6:52:08 AM,-2.44
10103,4/10/2022 6:52:12 AM,-1.33
10103,4/10/2022 6:52:16 AM,-2.02
10103,4/10/2022 6:52:20 AM,-1.52
10103,4/10/2022 6:52:24 AM,-1.99
10103,4/10/2022 6:52:28 AM,-2.21
10103,4/10/2022 6:52:32 AM,-2.23
10103,4/10/2022 6:52:36 AM,-1.99
10103,4/10/2022 6:52:40 AM,-1.78
10103,4/10/2022 6:52:44 AM,-1.31
10103,4/10/2022 6:52:48 AM,-1.99
10103,4/10/2022 6:52:52 AM,-1.31
10103,4/10/2022 6:52:56 AM,-1.31
10103,4/10/2022 6:53:00 AM,-1.31
10103,4/10/2022 6:53:04 AM,-1.31
10103,4/10/2022 6:53:08 AM,-1.76
10103,4/10/2022 6:53:12 AM,-1.32
10103,4/10/2022 6:53:16 AM,-1.74
10103,4/10/2022 6:53:20 AM,-2.23
10103,4/10/2022 6:53:24 AM,-1.32
10103,4/10/2022 6:53:28 AM,-1.99
10103,4/10/2022 6:53:32 AM,-1.55
10103,4/10/2022 6:53:36 AM,-1.99
10103,4/10/2022 6:53:40 AM,-1.77
10103,4/10/2022 6:53:44 AM,-1.76
10103,4/10/2022 6:53:48 AM,-1.32
10103,4/10/2022 6:53:52 AM,-1.31
10103,4/10/2022 6:53:56 AM,-1.31
10103,4/10/2022 6:54:00 AM,-1.31
10103,4/10/2022 6:54:04 AM,-1.53
10103,4/10/2022 6:54:08 AM,-1.99
10103,4/10/2022 6:54:12 AM,-1.32
10103,4/10/2022 6:54:16 AM,-1.77
10103,4/10/2022 6:54:20 AM,-1.31
10103,4/10/2022 6:54:24 AM,-1.31
10103,4/10/2022 6:54:28 AM,-1.53
10103,4/10/2022 6:54:32 AM,-1.99
10103,4/10/2022 6:54:36 AM,-1.32
10103,4/10/2022 6:54:40 AM,-1.78
10103,4/10/2022 6:54:44 AM,-1.76
10103,4/10/2022 6:54:48 AM,-1.99
10103,4/10/2022 6:54:52 AM,-1.99
10103,4/10/2022 6:54:56 AM,-1.54
10103,4/10/2022 6:55:00 AM,-2.66
10103,4/10/2022 6:55:04 AM,-2.23
10103,4/10/2022 6:55:08 AM,-1.31
10103,4/10/2022 6:55:12 AM,-1.31
10103,4/10/2022 6:55:16 AM,-2.23
10103,4/10/2022 6:55:20 AM,-1.76
10103,4/10/2022 6:55:24 AM,-1.99
10103,4/10/2022 6:55:28 AM,-2.21
10103,4/10/2022 6:55:32 AM,-2.23
10103,4/10/2022 6:55:36 AM,-1.99
10103,4/10/2022 6:55:40 AM,-1.99
10103,4/10/2022 6:55:44 AM,-1.54
10103,4/10/2022 6:55:48 AM,-2.67
10103,4/10/2022 6:55:52 AM,-1.07
10103,4/10/2022 6:55:56 AM,-1.55
10103,4/10/2022 6:56:00 AM,-1.31
10103,4/10/2022 6:56:04 AM,-1.76
10103,4/10/2022 6:56:08 AM,-2.23
10103,4/10/2022 6:56:12 AM,-2.67
10103,4/10/2022 6:56:16 AM,-1.99
10103,4/10/2022 6:56:20 AM,-1.99
10103,4/10/2022 6:56:24 AM,-1.99
10103,4/10/2022 6:56:28 AM,-1.99
10103,4/10/2022 6:56:32 AM,-1.54
10103,4/10/2022 6:56:36 AM,-2.67
10103,4/10/2022 6:56:40 AM,-1.99
10103,4/10/2022 6:56:44 AM,-1.99
10103,4/10/2022 6:56:48 AM,-1.31
10103,4/10/2022 6:56:52 AM,-1.31
10103,4/10/2022 6:56:56 AM,-1.76
10103,4/10/2022 6:57:00 AM,-1.32
10103,4/10/2022 6:57:04 AM,-2.22
10103,4/10/2022 6:57:08 AM,-2.23
10103,4/10/2022 6:57:12 AM,-1.32
10103,4/10/2022 6:57:16 AM,-1.77
10103,4/10/2022 6:57:20 AM,-1.31
10103,4/10/2022 6:57:24 AM,-1.99
10103,4/10/2022 6:57:28 AM,-1.77
10103,4/10/2022 6:57:32 AM,-2.21
10103,4/10/2022 6:57:36 AM,-1.32
10103,4/10/2022 6:57:40 AM,-2.46
10103,4/10/2022 6:57:44 AM,-1.54
10103,4/10/2022 6:57:48 AM,-2.67
10103,4/10/2022 6:57:52 AM,-1.31
10103,4/10/2022 6:57:56 AM,-1.76
10103,4/10/2022 6:58:00 AM,-2.67
10103,4/10/2022 6:58:04 AM,-1.75
10103,4/10/2022 6:58:08 AM,-2.23
10103,4/10/2022 6:58:12 AM,-1.99
10103,4/10/2022 6:58:16 AM,-1.31
10103,4/10/2022 6:58:20 AM,-1.75
10103,4/10/2022 6:58:24 AM,-1.99
10103,4/10/2022 6:58:28 AM,-1.53
10103,4/10/2022 6:58:32 AM,-1.99
10103,4/10/2022 6:58:36 AM,-1.99
10103,4/10/2022 6:58:40 AM,-1.31
10103,4/10/2022 6:58:44 AM,-2.20
10103,4/10/2022 6:58:48 AM,-2.00
10103,4/10/2022 6:58:52 AM,-1.77
10103,4/10/2022 6:58:56 AM,-1.76
10103,4/10/2022 6:59:00 AM,-1.99
10103,4/10/2022 6:59:04 AM,-1.53
10103,4/10/2022 6:59:08 AM,-1.54
10103,4/10/2022 6:59:12 AM,-2.66
10103,4/10/2022 6:59:16 AM,-2.24
10103,4/10/2022 6:59:20 AM,-2.21
10103,4/10/2022 6:59:24 AM,-1.32
10103,4/10/2022 6:59:28 AM,-1.74
10103,4/10/2022 6:59:32 AM,-2.68
10103,4/10/2022 6:59:36 AM,-1.32
10103,4/10/2022 6:59:40 AM,-1.31
10103,4/10/2022 6:59:44 AM,-1.31
10103,4/10/2022 6:59:48 AM,-1.99
10103,4/10/2022 6:59:52 AM,-1.99
10103,4/10/2022 6:59:56 AM,-2.44
10103,4/10/2022 7:00:00 AM,-2.01
10103,4/10/2022 7:00:04 AM,-1.31
10103,4/10/2022 7:00:08 AM,-1.31
10103,4/10/2022 7:00:12 AM,-1.98
10103,4/10/2022 7:00:16 AM,-2.46
10103,4/10/2022 7:00:20 AM,-1.99
10103,4/10/2022 7:00:24 AM,-0.64
10103,4/10/2022 7:00:28 AM,-2.68
10103,4/10/2022 7:00:32 AM,-1.78
10103,4/10/2022 7:00:36 AM,-0.63
10103,4/10/2022 7:00:40 AM,-2.25
10103,4/10/2022 7:00:44 AM,-1.31
10103,4/10/2022 7:00:48 AM,-1.99
10103,4/10/2022 7:00:52 AM,-1.77
10103,4/10/2022 7:00:56 AM,-1.76
10103,4/10/2022 7:01:00 AM,-1.99
10103,4/10/2022 7:01:04 AM,-1.31
10103,4/10/2022 7:01:08 AM,-1.31
10103,4/10/2022 7:01:12 AM,-1.31
10103,4/10/2022 7:01:16 AM,-1.31
10103,4/10/2022 7:01:20 AM,-1.31
10103,4/10/2022 7:01:24 AM,-1.31
10103,4/10/2022 7:01:28 AM,-1.78
10103,4/10/2022 7:01:32 AM,-1.31
10103,4/10/2022 7:01:36 AM,-1.31
10103,4/10/2022 7:01:40 AM,-1.78
10103,4/10/2022 7:01:44 AM,-1.31
10103,4/10/2022 7:01:48 AM,-1.31
10103,4/10/2022 7:01:52 AM,-1.77
10103,4/10/2022 7:01:56 AM,-2.20
10103,4/10/2022 7:02:00 AM,-0.64
10103,4/10/2022 7:02:04 AM,-1.99
10103,4/10/2022 7:02:08 AM,-1.99
10103,4/10/2022 7:02:12 AM,-1.32
10103,4/10/2022 7:02:16 AM,-1.53
10103,4/10/2022 7:02:20 AM,-1.99
10103,4/10/2022 7:02:24 AM,-1.31
10103,4/10/2022 7:02:28 AM,-1.31
10103,4/10/2022 7:02:32 AM,-1.31
10103,4/10/2022 7:02:36 AM,-2.67
10103,4/10/2022 7:02:40 AM,-1.77
10103,4/10/2022 7:02:44 AM,-2.21
10103,4/10/2022 7:02:48 AM,-1.32
10103,4/10/2022 7:02:52 AM,-1.31
10103,4/10/2022 7:02:56 AM,-1.31
10103,4/10/2022 7:03:00 AM,-1.31
10103,4/10/2022 7:03:04 AM,-1.53
10103,4/10/2022 7:03:08 AM,-1.54
10103,4/10/2022 7:03:12 AM,-1.31
10103,4/10/2022 7:03:16 AM,-1.77
10103,4/10/2022 7:03:20 AM,-1.76
10103,4/10/2022 7:03:24 AM,-1.31
10103,4/10/2022 7:03:28 AM,-0.84
10103,4/10/2022 7:03:32 AM,-1.76
10103,4/10/2022 7:03:36 AM,-1.31
10103,4/10/2022 7:03:40 AM,-1.99
10103,4/10/2022 7:03:44 AM,-1.99
10103,4/10/2022 7:03:48 AM,-1.99
10103,4/10/2022 7:03:52 AM,-1.31
10103,4/10/2022 7:03:56 AM,-0.86
10103,4/10/2022 7:04:00 AM,-1.31
10103,4/10/2022 7:04:04 AM,-1.31
10103,4/10/2022 7:04:08 AM,-1.31
10103,4/10/2022 7:04:12 AM,-2.66
10103,4/10/2022 7:04:16 AM,-1.53
10103,4/10/2022 7:04:20 AM,-1.99
10103,4/10/2022 7:04:24 AM,-1.31
10103,4/10/2022 7:04:28 AM,-0.62
10103,4/10/2022 7:04:32 AM,-1.53
10103,4/10/2022 7:04:36 AM,-1.99
10103,4/10/2022 7:04:40 AM,-0.85
10103,4/10/2022 7:04:44 AM,-1.31
10103,4/10/2022 7:04:48 AM,-1.31
10103,4/10/2022 7:04:52 AM,-1.77
10103,4/10/2022 7:04:56 AM,-1.76
10103,4/10/2022 7:05:00 AM,-1.99
10103,4/10/2022 7:05:04 AM,-1.31
10103,4/10/2022 7:05:08 AM,-2.21
10103,4/10/2022 7:05:12 AM,-1.32
10103,4/10/2022 7:05:16 AM,-1.75
10103,4/10/2022 7:05:20 AM,-1.78
10103,4/10/2022 7:05:24 AM,-2.67
10103,4/10/2022 7:05:28 AM,-1.77
10103,4/10/2022 7:05:32 AM,-1.31
10103,4/10/2022 7:05:36 AM,-1.99
10103,4/10/2022 7:05:40 AM,-1.99
10103,4/10/2022 7:05:44 AM,-1.55
10103,4/10/2022 7:05:48 AM,-1.31
10103,4/10/2022 7:05:52 AM,-1.75
10103,4/10/2022 7:05:56 AM,-2.23
10103,4/10/2022 7:06:00 AM,-1.31
10103,4/10/2022 7:06:04 AM,-1.99
10103,4/10/2022 7:06:08 AM,-2.44
10103,4/10/2022 7:06:12 AM,-1.33
10103,4/10/2022 7:06:16 AM,-1.31
10103,4/10/2022 7:06:20 AM,-1.76
10103,4/10/2022 7:06:24 AM,-1.31
10103,4/10/2022 7:06:28 AM,-1.75
10103,4/10/2022 7:06:32 AM,-1.98
10103,4/10/2022 7:06:36 AM,-1.32
10103,4/10/2022 7:06:40 AM,-1.31
10103,4/10/2022 7:06:44 AM,-1.31
10103,4/10/2022 7:06:48 AM,-1.31
10103,4/10/2022 7:06:52 AM,-1.75
10103,4/10/2022 7:06:56 AM,-2.23
10103,4/10/2022 7:07:00 AM,-1.31
10103,4/10/2022 7:07:04 AM,-2.22
10103,4/10/2022 7:07:08 AM,-1.78
10103,4/10/2022 7:07:12 AM,-2.66
10103,4/10/2022 7:07:16 AM,-2.01
10103,4/10/2022 7:07:20 AM,-1.08
10103,4/10/2022 7:07:24 AM,-1.99
10103,4/10/2022 7:07:28 AM,-1.99
10103,4/10/2022 7:07:32 AM,-1.54
10103,4/10/2022 7:07:36 AM,-1.99
10103,4/10/2022 7:07:40 AM,-1.53
10103,4/10/2022 7:07:44 AM,-1.99
10103,4/10/2022 7:07:48 AM,-1.99
10103,4/10/2022 7:07:52 AM,-1.31
10103,4/10/2022 7:07:56 AM,-1.31
10103,4/10/2022 7:08:00 AM,-1.99
10103,4/10/2022 7:08:04 AM,-2.23
10103,4/10/2022 7:08:08 AM,-1.31
10103,4/10/2022 7:08:12 AM,-1.31
10103,4/10/2022 7:08:16 AM,-1.53
10103,4/10/2022 7:08:20 AM,-1.55
10103,4/10/2022 7:08:24 AM,-1.99
10103,4/10/2022 7:08:28 AM,-1.31
10103,4/10/2022 7:08:32 AM,-1.31
10103,4/10/2022 7:08:36 AM,-1.99
10103,4/10/2022 7:08:40 AM,-1.31
10103,4/10/2022 7:08:44 AM,-1.76
10103,4/10/2022 7:08:48 AM,-1.99
10103,4/10/2022 7:08:52 AM,-1.53
10103,4/10/2022 7:08:56 AM,-1.55
10103,4/10/2022 7:09:00 AM,-1.99
10103,4/10/2022 7:09:04 AM,-2.21
10103,4/10/2022 7:09:08 AM,-2.23
10103,4/10/2022 7:09:12 AM,-1.32
10103,4/10/2022 7:09:16 AM,-1.31
10103,4/10/2022 7:09:20 AM,-1.31
10103,4/10/2022 7:09:24 AM,-2.67
10103,4/10/2022 7:09:28 AM,-1.99
10103,4/10/2022 7:09:32 AM,-1.99
10103,4/10/2022 7:09:36 AM,-1.99
10103,4/10/2022 7:09:40 AM,-2.46
10103,4/10/2022 7:09:44 AM,-2.44
10103,4/10/2022 7:09:48 AM,-1.32
10103,4/10/2022 7:09:52 AM,-1.77
10103,4/10/2022 7:09:56 AM,-1.76
10103,4/10/2022 7:10:00 AM,-1.99
10103,4/10/2022 7:10:04 AM,-1.77
10103,4/10/2022 7:10:08 AM,-1.76
10103,4/10/2022 7:10:12 AM,-1.99
10103,4/10/2022 7:10:16 AM,-1.53
10103,4/10/2022 7:10:20 AM,-1.99
10103,4/10/2022 7:10:24 AM,-2.67
10103,4/10/2022 7:10:28 AM,-1.80
10103,4/10/2022 7:10:32 AM,-1.73
10103,4/10/2022 7:10:36 AM,-1.32
10103,4/10/2022 7:10:40 AM,-1.99
10103,4/10/2022 7:10:44 AM,-1.99
10103,4/10/2022 7:10:48 AM,-1.32
10103,4/10/2022 7:10:52 AM,-1.77
10103,4/10/2022 7:10:56 AM,-1.75
10103,4/10/2022 7:11:00 AM,-1.32
10103,4/10/2022 7:11:04 AM,-2.24
10103,4/10/2022 7:11:08 AM,-1.31
10103,4/10/2022 7:11:12 AM,-1.98
10103,4/10/2022 7:11:16 AM,-1.31
10103,4/10/2022 7:11:20 AM,-1.31
10103,4/10/2022 7:11:24 AM,-1.99
10103,4/10/2022 7:11:28 AM,-1.99
10103,4/10/2022 7:11:32 AM,-1.55
10103,4/10/2022 7:11:36 AM,-1.31
10103,4/10/2022 7:11:40 AM,-1.77
10103,4/10/2022 7:11:44 AM,-1.76
10103,4/10/2022 7:11:48 AM,-1.32
10103,4/10/2022 7:11:52 AM,-1.53
10103,4/10/2022 7:11:56 AM,-1.55
10103,4/10/2022 7:12:00 AM,-1.98
10103,4/10/2022 7:12:04 AM,-1.99
10103,4/10/2022 7:12:08 AM,-1.54
10103,4/10/2022 7:12:12 AM,-1.98
10103,4/10/2022 7:12:16 AM,-1.53
10103,4/10/2022 7:12:20 AM,-1.99
10103,4/10/2022 7:12:24 AM,-1.32
10103,4/10/2022 7:12:28 AM,-1.99
10103,4/10/2022 7:12:32 AM,-1.99
10103,4/10/2022 7:12:36 AM,-1.99
10103,4/10/2022 7:12:40 AM,-1.99
10103,4/10/2022 7:12:44 AM,-1.55
10103,4/10/2022 7:12:48 AM,-1.31
10103,4/10/2022 7:12:52 AM,-1.77
10103,4/10/2022 7:12:56 AM,-1.31
10103,4/10/2022 7:13:00 AM,-1.99
10103,4/10/2022 7:13:04 AM,-1.31
10103,4/10/2022 7:13:08 AM,-1.31
10103,4/10/2022 7:13:12 AM,-1.31
10103,4/10/2022 7:13:16 AM,-2.46
10103,4/10/2022 7:13:20 AM,-1.55
10103,4/10/2022 7:13:24 AM,-1.98
10103,4/10/2022 7:13:28 AM,-1.31
10103,4/10/2022 7:13:32 AM,-1.76
10103,4/10/2022 7:13:36 AM,-1.32
10103,4/10/2022 7:13:40 AM,-1.31
10103,4/10/2022 7:13:44 AM,-1.31
10103,4/10/2022 7:13:48 AM,-1.99
10103,4/10/2022 7:13:52 AM,-1.31
10103,4/10/2022 7:13:56 AM,-1.75
10103,4/10/2022 7:14:00 AM,-1.99
10103,4/10/2022 7:14:04 AM,-1.99
10103,4/10/2022 7:14:08 AM,-2.44
10103,4/10/2022 7:14:12 AM,-2.00
10103,4/10/2022 7:14:16 AM,-0.84
10103,4/10/2022 7:14:20 AM,-1.76
10103,4/10/2022 7:14:24 AM,-1.99
10103,4/10/2022 7:14:28 AM,-1.77
10103,4/10/2022 7:14:32 AM,-2.21
10103,4/10/2022 7:14:36 AM,-1.32
10103,4/10/2022 7:14:40 AM,-1.53
10103,4/10/2022 7:14:44 AM,-2.44
10103,4/10/2022 7:14:48 AM,-2.68
10103,4/10/2022 7:14:52 AM,-1.31
10103,4/10/2022 7:14:56 AM,-1.31
10103,4/10/2022 7:15:00 AM,-2.65
10103,4/10/2022 7:15:04 AM,-1.53
10103,4/10/2022 7:15:08 AM,-1.99
10103,4/10/2022 7:15:12 AM,-1.32
10103,4/10/2022 7:15:16 AM,-1.29
10103,4/10/2022 7:15:20 AM,-1.78
10103,4/10/2022 7:15:24 AM,-1.99
10103,4/10/2022 7:15:28 AM,-1.77
10103,4/10/2022 7:15:32 AM,-1.31
10103,4/10/2022 7:15:36 AM,-1.31
10103,4/10/2022 7:15:40 AM,-2.22
10103,4/10/2022 7:15:44 AM,-1.78
10103,4/10/2022 7:15:48 AM,-1.31
10103,4/10/2022 7:15:52 AM,-1.75
10103,4/10/2022 7:15:56 AM,-2.23
10103,4/10/2022 7:16:00 AM,-1.99
10103,4/10/2022 7:16:04 AM,-1.31
10103,4/10/2022 7:16:08 AM,-1.76
10103,4/10/2022 7:16:12 AM,-2.67
10103,4/10/2022 7:16:16 AM,-1.31
10103,4/10/2022 7:16:20 AM,-1.31
10103,4/10/2022 7:16:24 AM,-1.31
10103,4/10/2022 7:16:28 AM,-1.52
10103,4/10/2022 7:16:32 AM,-1.99
10103,4/10/2022 7:16:36 AM,-1.99
10103,4/10/2022 7:16:40 AM,-2.24
10103,4/10/2022 7:16:44 AM,-1.76
10103,4/10/2022 7:16:48 AM,-1.99
10103,4/10/2022 7:16:52 AM,-1.09
10103,4/10/2022 7:16:56 AM,-0.62
10103,4/10/2022 7:17:00 AM,-1.98
10103,4/10/2022 7:17:04 AM,-1.31
10103,4/10/2022 7:17:08 AM,-1.31
10103,4/10/2022 7:17:12 AM,-1.31
10103,4/10/2022 7:17:16 AM,-1.77
10103,4/10/2022 7:17:20 AM,-1.76
10103,4/10/2022 7:17:24 AM,-1.31
10103,4/10/2022 7:17:28 AM,-1.53
10103,4/10/2022 7:17:32 AM,-1.99
10103,4/10/2022 7:17:36 AM,-1.31
10103,4/10/2022 7:17:40 AM,-1.99
10103,4/10/2022 7:17:44 AM,-1.54
10103,4/10/2022 7:17:48 AM,-1.99
10103,4/10/2022 7:17:52 AM,-2.46
10103,4/10/2022 7:17:56 AM,-1.99
10103,4/10/2022 7:18:00 AM,-1.31
10103,4/10/2022 7:18:04 AM,-1.53
10103,4/10/2022 7:18:08 AM,-1.99
10103,4/10/2022 7:18:12 AM,-1.99
10103,4/10/2022 7:18:16 AM,-2.24
10103,4/10/2022 7:18:20 AM,-1.31
10103,4/10/2022 7:18:24 AM,-2.67
10103,4/10/2022 7:18:28 AM,-1.31
10103,4/10/2022 7:18:32 AM,-0.86
10103,4/10/2022 7:18:36 AM,-1.99
10103,4/10/2022 7:18:40 AM,-1.31
10103,4/10/2022 7:18:44 AM,-1.31
10103,4/10/2022 7:18:48 AM,-1.31
10103,4/10/2022 7:18:52 AM,-1.77
10103,4/10/2022 7:18:56 AM,-1.76
10103,4/10/2022 7:19:00 AM,-0.63
10103,4/10/2022 7:19:04 AM,-1.99
10103,4/10/2022 7:19:08 AM,-2.44
10103,4/10/2022 7:19:12 AM,-2.68
10103,4/10/2022 7:19:16 AM,-1.53
10103,4/10/2022 7:19:20 AM,-1.99
10103,4/10/2022 7:19:24 AM,-1.32
10103,4/10/2022 7:19:28 AM,-1.99
10103,4/10/2022 7:19:32 AM,-2.44
10103,4/10/2022 7:19:36 AM,-1.32
10103,4/10/2022 7:19:40 AM,-2.24
10103,4/10/2022 7:19:44 AM,-1.31
10103,4/10/2022 7:19:48 AM,-1.99
10103,4/10/2022 7:19:52 AM,-1.31
10103,4/10/2022 7:19:56 AM,-1.76
10103,4/10/2022 7:20:00 AM,-3.35
10103,4/10/2022 7:20:04 AM,-1.31
10103,4/10/2022 7:20:08 AM,-1.76
10103,4/10/2022 7:20:12 AM,-1.99
10103,4/10/2022 7:20:16 AM,-2.22
10103,4/10/2022 7:20:20 AM,-1.78
10103,4/10/2022 7:20:24 AM,-1.99
10103,4/10/2022 7:20:28 AM,-1.31
10103,4/10/2022 7:20:32 AM,-0.86
10103,4/10/2022 7:20:36 AM,-1.98
10103,4/10/2022 7:20:40 AM,-1.99
10103,4/10/2022 7:20:44 AM,-1.55
10103,4/10/2022 7:20:48 AM,-1.31
10103,4/10/2022 7:20:52 AM,-2.46
10103,4/10/2022 7:20:56 AM,-1.99
10103,4/10/2022 7:21:00 AM,-1.99
10103,4/10/2022 7:21:04 AM,-1.53
10103,4/10/2022 7:21:08 AM,-1.99
10103,4/10/2022 7:21:12 AM,-1.99
10103,4/10/2022 7:21:16 AM,-1.99
10103,4/10/2022 7:21:20 AM,-1.54
10103,4/10/2022 7:21:24 AM,-1.31
10103,4/10/2022 7:21:28 AM,-1.99
10103,4/10/2022 7:21:32 AM,-2.44
10103,4/10/2022 7:21:36 AM,-2.00
10103,4/10/2022 7:21:40 AM,-2.44
10103,4/10/2022 7:21:44 AM,-2.47
10103,4/10/2022 7:21:48 AM,-2.67
10103,4/10/2022 7:21:52 AM,-1.77
10103,4/10/2022 7:21:56 AM,-1.76
10103,4/10/2022 7:22:00 AM,-0.64
10103,4/10/2022 7:22:04 AM,-1.99
10103,4/10/2022 7:22:08 AM,-1.99
10103,4/10/2022 7:22:12 AM,-1.99
10103,4/10/2022 7:22:16 AM,-1.75
10103,4/10/2022 7:22:20 AM,-2.23
10103,4/10/2022 7:22:24 AM,-1.99
10103,4/10/2022 7:22:28 AM,-1.53
10103,4/10/2022 7:22:32 AM,-1.54
10103,4/10/2022 7:22:36 AM,-1.99
10103,4/10/2022 7:22:40 AM,-1.31
10103,4/10/2022 7:22:44 AM,-1.76
10103,4/10/2022 7:22:48 AM,-2.67
10103,4/10/2022 7:22:52 AM,-1.99
10103,4/10/2022 7:22:56 AM,-1.55
10103,4/10/2022 7:23:00 AM,-1.99
10103,4/10/2022 7:23:04 AM,-1.31
10103,4/10/2022 7:23:08 AM,-1.76
10103,4/10/2022 7:23:12 AM,-1.99
10103,4/10/2022 7:23:16 AM,-1.99
10103,4/10/2022 7:23:20 AM,-1.99
10103,4/10/2022 7:23:24 AM,-2.66
10103,4/10/2022 7:23:28 AM,-1.74
10103,4/10/2022 7:23:32 AM,-1.79
10103,4/10/2022 7:23:36 AM,-1.98
10103,4/10/2022 7:23:40 AM,-1.53
10103,4/10/2022 7:23:44 AM,-1.99
10103,4/10/2022 7:23:48 AM,-1.32
10103,4/10/2022 7:23:52 AM,-1.31
10103,4/10/2022 7:23:56 AM,-1.31
10103,4/10/2022 7:24:00 AM,-1.31
10103,4/10/2022 7:24:04 AM,-1.75
10103,4/10/2022 7:24:08 AM,-2.23
10103,4/10/2022 7:24:12 AM,-1.32
10103,4/10/2022 7:24:16 AM,-2.68
10103,4/10/2022 7:24:20 AM,-1.79
10103,4/10/2022 7:24:24 AM,-1.31
10103,4/10/2022 7:24:28 AM,-1.53
10103,4/10/2022 7:24:32 AM,-1.99
10103,4/10/2022 7:24:36 AM,-2.67
10103,4/10/2022 7:24:40 AM,-2.71
10103,4/10/2022 7:24:44 AM,-1.76
10103,4/10/2022 7:24:48 AM,-1.32
10103,4/10/2022 7:24:52 AM,-2.68
10103,4/10/2022 7:24:56 AM,-2.23
10103,4/10/2022 7:25:00 AM,-1.99
10103,4/10/2022 7:25:04 AM,-1.75
10103,4/10/2022 7:25:08 AM,-2.23
10103,4/10/2022 7:25:12 AM,-1.99
10103,4/10/2022 7:25:16 AM,-1.99
10103,4/10/2022 7:25:20 AM,-1.55
10103,4/10/2022 7:25:24 AM,-1.31
10103,4/10/2022 7:25:28 AM,-1.31
10103,4/10/2022 7:25:32 AM,-1.76
10103,4/10/2022 7:25:36 AM,-1.99
10103,4/10/2022 7:25:40 AM,-1.53
10103,4/10/2022 7:25:44 AM,-1.55
10103,4/10/2022 7:25:48 AM,-2.67
10103,4/10/2022 7:25:52 AM,-1.75
10103,4/10/2022 7:25:56 AM,-2.23
10103,4/10/2022 7:26:00 AM,-1.32
10103,4/10/2022 7:26:04 AM,-1.99
10103,4/10/2022 7:26:08 AM,-1.55
10103,4/10/2022 7:26:12 AM,-1.98
10103,4/10/2022 7:26:16 AM,-1.77
10103,4/10/2022 7:26:20 AM,-1.76
10103,4/10/2022 7:26:24 AM,-2.67
10103,4/10/2022 7:26:28 AM,-1.78
10103,4/10/2022 7:26:32 AM,-1.76
10103,4/10/2022 7:26:36 AM,-1.99
10103,4/10/2022 7:26:40 AM,-1.52
10103,4/10/2022 7:26:44 AM,-1.55
10103,4/10/2022 7:26:48 AM,-2.67
10103,4/10/2022 7:26:52 AM,-1.77
10103,4/10/2022 7:26:56 AM,-1.76
10103,4/10/2022 7:27:00 AM,-1.32
10103,4/10/2022 7:27:04 AM,-1.83
10103,4/10/2022 7:27:08 AM,-2.20
10103,4/10/2022 7:27:12 AM,-2.68
10103,4/10/2022 7:27:16 AM,-2.46
10103,4/10/2022 7:27:20 AM,-1.55
10103,4/10/2022 7:27:24 AM,-1.31
10103,4/10/2022 7:27:28 AM,-2.21
10103,4/10/2022 7:27:32 AM,-2.23
10103,4/10/2022 7:27:36 AM,-1.32
10103,4/10/2022 7:27:40 AM,-1.31
10103,4/10/2022 7:27:44 AM,-1.76
10103,4/10/2022 7:27:48 AM,-1.32
10103,4/10/2022 7:27:52 AM,-1.53
10103,4/10/2022 7:27:56 AM,-1.99
10103,4/10/2022 7:28:00 AM,-1.31
10103,4/10/2022 7:28:04 AM,-1.53
10103,4/10/2022 7:28:08 AM,-1.99
10103,4/10/2022 7:28:12 AM,-1.32
10103,4/10/2022 7:28:16 AM,-2.68
10103,4/10/2022 7:28:20 AM,-2.68
10103,4/10/2022 7:28:24 AM,-1.32
10103,4/10/2022 7:28:28 AM,-1.53
10103,4/10/2022 7:28:32 AM,-1.99
10103,4/10/2022 7:28:36 AM,-1.31
10103,4/10/2022 7:28:40 AM,-1.99
10103,4/10/2022 7:28:44 AM,-1.99
10103,4/10/2022 7:28:48 AM,-1.99
10103,4/10/2022 7:28:52 AM,-1.31
10103,4/10/2022 7:28:56 AM,-1.31
10103,4/10/2022 7:29:00 AM,-2.66
10103,4/10/2022 7:29:04 AM,-2.22
10103,4/10/2022 7:29:08 AM,-2.23
10103,4/10/2022 7:29:12 AM,-0.64
10103,4/10/2022 7:29:16 AM,-1.53
10103,4/10/2022 7:29:20 AM,-2.45
10103,4/10/2022 7:29:24 AM,-2.00
10103,4/10/2022 7:29:28 AM,-1.53
10103,4/10/2022 7:29:32 AM,-1.54
10103,4/10/2022 7:29:36 AM,-1.99
10103,4/10/2022 7:29:40 AM,-1.99
10103,4/10/2022 7:29:44 AM,-1.54
10103,4/10/2022 7:29:48 AM,-1.31
10103,4/10/2022 7:29:52 AM,-1.53
10103,4/10/2022 7:29:56 AM,-1.55
10103,4/10/2022 7:30:00 AM,-0.63
10103,4/10/2022 7:30:04 AM,-1.31
10103,4/10/2022 7:30:08 AM,-1.31
10103,4/10/2022 7:30:12 AM,-2.66
10103,4/10/2022 7:30:16 AM,-1.58
10103,4/10/2022 7:30:20 AM,-1.49
10103,4/10/2022 7:30:24 AM,-2.67
10103,4/10/2022 7:30:28 AM,-1.75
10103,4/10/2022 7:30:32 AM,-1.78
10103,4/10/2022 7:30:36 AM,-1.31
10103,4/10/2022 7:30:40 AM,-1.53
10103,4/10/2022 7:30:44 AM,-1.99
10103,4/10/2022 7:30:48 AM,-1.99
10103,4/10/2022 7:30:52 AM,-1.99
10103,4/10/2022 7:30:56 AM,-1.55
10103,4/10/2022 7:31:00 AM,-1.99
10103,4/10/2022 7:31:04 AM,-1.81
10103,4/10/2022 7:31:08 AM,-1.31
10103,4/10/2022 7:31:12 AM,-1.31
10103,4/10/2022 7:31:16 AM,-2.22
10103,4/10/2022 7:31:20 AM,-1.78
10103,4/10/2022 7:31:24 AM,-1.31
10103,4/10/2022 7:31:28 AM,-1.56
10103,4/10/2022 7:31:32 AM,-1.52
10103,4/10/2022 7:31:36 AM,-0.63
10103,4/10/2022 7:31:40 AM,-1.31
10103,4/10/2022 7:31:44 AM,-1.76
10103,4/10/2022 7:31:48 AM,-1.99
10103,4/10/2022 7:31:52 AM,-2.46
10103,4/10/2022 7:31:56 AM,-1.55
10103,4/10/2022 7:32:00 AM,-1.99
10103,4/10/2022 7:32:04 AM,-1.99
10103,4/10/2022 7:32:08 AM,-2.44
10103,4/10/2022 7:32:12 AM,-2.00
10103,4/10/2022 7:32:16 AM,-2.68
10103,4/10/2022 7:32:20 AM,-1.78
10103,4/10/2022 7:32:24 AM,-1.31
10103,4/10/2022 7:32:28 AM,-1.31
10103,4/10/2022 7:32:32 AM,-1.31
10103,4/10/2022 7:32:36 AM,-1.99
10103,4/10/2022 7:32:40 AM,-2.24
10103,4/10/2022 7:32:44 AM,-2.20
10103,4/10/2022 7:32:48 AM,-0.64
10103,4/10/2022 7:32:52 AM,-1.99
10103,4/10/2022 7:32:56 AM,-1.99
10103,4/10/2022 7:33:00 AM,-1.31
10103,4/10/2022 7:33:04 AM,-2.46
10103,4/10/2022 7:33:08 AM,-1.55
10103,4/10/2022 7:33:12 AM,-1.99
10103,4/10/2022 7:33:16 AM,-1.31
10103,4/10/2022 7:33:20 AM,-0.86
10103,4/10/2022 7:33:24 AM,-1.23
10103,4/10/2022 7:33:28 AM,-1.99
10103,4/10/2022 7:33:32 AM,-1.99
10103,4/10/2022 7:33:36 AM,-1.31
10103,4/10/2022 7:33:40 AM,-1.31
10103,4/10/2022 7:33:44 AM,-0.86
10103,4/10/2022 7:33:48 AM,-1.30
10103,4/10/2022 7:33:52 AM,-1.31
10103,4/10/2022 7:33:56 AM,-1.75
10103,4/10/2022 7:34:00 AM,-2.67
10103,4/10/2022 7:34:04 AM,-1.77
10103,4/10/2022 7:34:08 AM,-1.76
10103,4/10/2022 7:34:12 AM,-1.32
10103,4/10/2022 7:34:16 AM,-1.77
10103,4/10/2022 7:34:20 AM,-1.76
10103,4/10/2022 7:34:24 AM,-1.31
10103,4/10/2022 7:34:28 AM,-1.77
10103,4/10/2022 7:34:32 AM,-0.86
10103,4/10/2022 7:34:36 AM,-1.30
10103,4/10/2022 7:34:40 AM,-1.77
10103,4/10/2022 7:34:44 AM,-1.31
10103,4/10/2022 7:34:48 AM,-1.93
10103,4/10/2022 7:34:52 AM,-1.53
10103,4/10/2022 7:34:56 AM,-1.55
10103,4/10/2022 7:35:00 AM,-1.31
10103,4/10/2022 7:35:04 AM,-1.53
10103,4/10/2022 7:35:08 AM,-1.99
10103,4/10/2022 7:35:12 AM,-0.64
10103,4/10/2022 7:35:16 AM,-1.77
10103,4/10/2022 7:35:20 AM,-1.31
10103,4/10/2022 7:35:24 AM,-1.99
10103,4/10/2022 7:35:28 AM,-2.31
10103,4/10/2022 7:35:32 AM,-1.31
10103,4/10/2022 7:35:36 AM,-1.99
10103,4/10/2022 7:35:40 AM,-2.46
10103,4/10/2022 7:35:44 AM,-2.44
10103,4/10/2022 7:35:48 AM,-1.32
10103,4/10/2022 7:35:52 AM,-1.55
10103,4/10/2022 7:35:56 AM,-1.52
10103,4/10/2022 7:36:00 AM,-1.99
10103,4/10/2022 7:36:04 AM,-0.85
10103,4/10/2022 7:36:08 AM,-1.76
10103,4/10/2022 7:36:12 AM,-1.99
10103,4/10/2022 7:36:16 AM,-1.78
10103,4/10/2022 7:36:20 AM,-1.31
10103,4/10/2022 7:36:24 AM,-1.99
10103,4/10/2022 7:36:28 AM,-1.31
10103,4/10/2022 7:36:32 AM,-1.31
10103,4/10/2022 7:36:36 AM,-2.67
10103,4/10/2022 7:36:40 AM,-1.31
10103,4/10/2022 7:36:44 AM,-1.75
10103,4/10/2022 7:36:48 AM,-1.99
10103,4/10/2022 7:36:52 AM,-1.31
10103,4/10/2022 7:36:56 AM,-1.31
10103,4/10/2022 7:37:00 AM,-1.99
10103,4/10/2022 7:37:04 AM,-1.77
10103,4/10/2022 7:37:08 AM,-1.31
10103,4/10/2022 7:37:12 AM,-1.31
10103,4/10/2022 7:37:16 AM,-1.77
10103,4/10/2022 7:37:20 AM,-1.31
10103,4/10/2022 7:37:24 AM,-1.31
10103,4/10/2022 7:37:28 AM,-0.84
10103,4/10/2022 7:37:32 AM,-0.86
10103,4/10/2022 7:37:36 AM,-1.98
10103,4/10/2022 7:37:40 AM,-1.77
10103,4/10/2022 7:37:44 AM,-0.86
10103,4/10/2022 7:37:48 AM,-1.30
10103,4/10/2022 7:37:52 AM,-1.31
10103,4/10/2022 7:37:56 AM,-1.31
10103,4/10/2022 7:38:00 AM,-1.98
10103,4/10/2022 7:38:04 AM,-1.55
10103,4/10/2022 7:38:08 AM,-1.07
10103,4/10/2022 7:38:12 AM,-1.98
10103,4/10/2022 7:38:16 AM,-1.31
10103,4/10/2022 7:38:20 AM,-1.76
10103,4/10/2022 7:38:24 AM,-1.99
10103,4/10/2022 7:38:28 AM,-1.31
10103,4/10/2022 7:38:32 AM,-1.31
10103,4/10/2022 7:38:36 AM,-2.67
10103,4/10/2022 7:38:40 AM,-1.56
10103,4/10/2022 7:38:44 AM,-1.07
10103,4/10/2022 7:38:48 AM,-1.31
10103,4/10/2022 7:38:52 AM,-1.77
10103,4/10/2022 7:38:56 AM,-1.76
10103,4/10/2022 7:39:00 AM,-1.99
10103,4/10/2022 7:39:04 AM,-1.31
10103,4/10/2022 7:39:08 AM,-1.31
10103,4/10/2022 7:39:12 AM,-1.98
10103,4/10/2022 7:39:16 AM,-1.31
10103,4/10/2022 7:39:20 AM,-1.31
10103,4/10/2022 7:39:24 AM,-2.67
10103,4/10/2022 7:39:28 AM,-1.53
10103,4/10/2022 7:39:32 AM,-1.54
10103,4/10/2022 7:39:36 AM,-1.99
10103,4/10/2022 7:39:40 AM,-1.53
10103,4/10/2022 7:39:44 AM,-1.99
10103,4/10/2022 7:39:48 AM,-1.31
10103,4/10/2022 7:39:52 AM,-1.31
10103,4/10/2022 7:39:56 AM,-1.31
10103,4/10/2022 7:40:00 AM,-1.31
10103,4/10/2022 7:40:04 AM,-1.53
10103,4/10/2022 7:40:08 AM,-1.99
10103,4/10/2022 7:40:12 AM,-2.67
10103,4/10/2022 7:40:16 AM,-0.85
10103,4/10/2022 7:40:20 AM,-1.31
10103,4/10/2022 7:40:24 AM,-1.31
10103,4/10/2022 7:40:28 AM,-1.75
10103,4/10/2022 7:40:32 AM,-2.23
10103,4/10/2022 7:40:36 AM,-1.31
10103,4/10/2022 7:40:40 AM,-2.22
10103,4/10/2022 7:40:44 AM,-2.23
10103,4/10/2022 7:40:48 AM,-1.99
10103,4/10/2022 7:40:52 AM,-0.85
10103,4/10/2022 7:40:56 AM,-1.76
10103,4/10/2022 7:41:00 AM,-0.63
10103,4/10/2022 7:41:04 AM,-1.53
10103,4/10/2022 7:41:08 AM,-1.54
10103,4/10/2022 7:41:12 AM,-1.31
10103,4/10/2022 7:41:16 AM,-1.76
10103,4/10/2022 7:41:20 AM,-2.23
10103,4/10/2022 7:41:24 AM,-0.63
10103,4/10/2022 7:41:28 AM,-1.75
10103,4/10/2022 7:41:32 AM,-2.23
10103,4/10/2022 7:41:36 AM,-1.36
10103,4/10/2022 7:41:40 AM,-1.31
10103,4/10/2022 7:41:44 AM,-1.31
10103,4/10/2022 7:41:48 AM,-1.99
10103,4/10/2022 7:41:52 AM,-1.31
10103,4/10/2022 7:41:56 AM,-2.18
10103,4/10/2022 7:42:00 AM,-2.00
10103,4/10/2022 7:42:04 AM,-1.77
10103,4/10/2022 7:42:08 AM,-1.31
10103,4/10/2022 7:42:12 AM,-1.99
10103,4/10/2022 7:42:16 AM,-1.31
10103,4/10/2022 7:42:20 AM,-2.21
10103,4/10/2022 7:42:24 AM,-2.00
10103,4/10/2022 7:42:28 AM,-1.77
10103,4/10/2022 7:42:32 AM,-1.76
10103,4/10/2022 7:42:36 AM,-1.99
10103,4/10/2022 7:42:40 AM,-1.53
10103,4/10/2022 7:42:44 AM,-1.99
10103,4/10/2022 7:42:48 AM,-1.99
10103,4/10/2022 7:42:52 AM,-1.99
10103,4/10/2022 7:42:56 AM,-1.55
10103,4/10/2022 7:43:00 AM,-1.31
10103,4/10/2022 7:43:04 AM,-1.53
10103,4/10/2022 7:43:08 AM,-1.54
10103,4/10/2022 7:43:12 AM,-1.31
10103,4/10/2022 7:43:16 AM,-1.77
10103,4/10/2022 7:43:20 AM,-1.76
10103,4/10/2022 7:43:24 AM,-1.31
10103,4/10/2022 7:43:28 AM,-1.31
10103,4/10/2022 7:43:32 AM,-1.31
10103,4/10/2022 7:43:36 AM,-1.99
10103,4/10/2022 7:43:40 AM,-2.16
10103,4/10/2022 7:43:44 AM,-1.34
10103,4/10/2022 7:43:48 AM,-1.98
10103,4/10/2022 7:43:52 AM,-2.68
10103,4/10/2022 7:43:56 AM,-2.23
10103,4/10/2022 7:44:00 AM,-1.31
10103,4/10/2022 7:44:04 AM,-1.77
10103,4/10/2022 7:44:08 AM,-0.86
10103,4/10/2022 7:44:12 AM,-0.62
10103,4/10/2022 7:44:16 AM,-1.99
10103,4/10/2022 7:44:20 AM,-1.99
10103,4/10/2022 7:44:24 AM,-1.31
10103,4/10/2022 7:44:28 AM,-2.93
10103,4/10/2022 7:44:32 AM,-1.55
10103,4/10/2022 7:44:36 AM,-1.31
10103,4/10/2022 7:44:40 AM,-1.53
10103,4/10/2022 7:44:44 AM,-1.99
10103,4/10/2022 7:44:48 AM,-1.99
10103,4/10/2022 7:44:52 AM,-1.53
10103,4/10/2022 7:44:56 AM,-1.99
10103,4/10/2022 7:45:00 AM,-1.99
10103,4/10/2022 7:45:04 AM,-1.53
10103,4/10/2022 7:45:08 AM,-2.44
10103,4/10/2022 7:45:12 AM,-2.68
10103,4/10/2022 7:45:16 AM,-1.31
10103,4/10/2022 7:45:20 AM,-1.31
10103,4/10/2022 7:45:24 AM,-1.99
10103,4/10/2022 7:45:28 AM,-1.56
10103,4/10/2022 7:45:32 AM,-1.07
10103,4/10/2022 7:45:36 AM,-1.99
10103,4/10/2022 7:45:40 AM,-1.47
10103,4/10/2022 7:45:44 AM,-1.55
10103,4/10/2022 7:45:48 AM,-1.99
10103,4/10/2022 7:45:52 AM,-1.77
10103,4/10/2022 7:45:56 AM,-1.76
10103,4/10/2022 7:46:00 AM,-1.31
10103,4/10/2022 7:46:04 AM,-2.46
10103,4/10/2022 7:46:08 AM,-1.54
10103,4/10/2022 7:46:12 AM,-1.31
10103,4/10/2022 7:46:16 AM,-1.31
10103,4/10/2022 7:46:20 AM,-2.21
10103,4/10/2022 7:46:24 AM,-0.64
10103,4/10/2022 7:46:28 AM,-2.46
10103,4/10/2022 7:46:32 AM,-1.99
10103,4/10/2022 7:46:36 AM,-1.99
10103,4/10/2022 7:46:40 AM,-2.46
10103,4/10/2022 7:46:44 AM,-1.99
10103,4/10/2022 7:46:48 AM,-1.31
10103,4/10/2022 7:46:52 AM,-1.53
10103,4/10/2022 7:46:56 AM,-1.10
10103,4/10/2022 7:47:00 AM,-1.30
10103,4/10/2022 7:47:04 AM,-1.53
10103,4/10/2022 7:47:08 AM,-1.10
10103,4/10/2022 7:47:12 AM,-1.98
10103,4/10/2022 7:47:16 AM,-1.53
10103,4/10/2022 7:47:20 AM,-1.54
10103,4/10/2022 7:47:24 AM,-2.67
10103,4/10/2022 7:47:28 AM,-1.56
10103,4/10/2022 7:47:32 AM,-1.07
10103,4/10/2022 7:47:36 AM,-0.63
10103,4/10/2022 7:47:40 AM,-1.31
10103,4/10/2022 7:47:44 AM,-0.86
10103,4/10/2022 7:47:48 AM,-0.62
10103,4/10/2022 7:47:52 AM,-1.99
10103,4/10/2022 7:47:56 AM,-1.10
10103,4/10/2022 7:48:00 AM,-1.30
10103,4/10/2022 7:48:04 AM,-1.31
10103,4/10/2022 7:48:08 AM,-1.31
10103,4/10/2022 7:48:12 AM,-1.31
10103,4/10/2022 7:48:16 AM,-1.77
10103,4/10/2022 7:48:20 AM,-1.76
10103,4/10/2022 7:48:24 AM,-1.32
10103,4/10/2022 7:48:28 AM,-1.53
10103,4/10/2022 7:48:32 AM,-1.10
10103,4/10/2022 7:48:36 AM,-1.98
10103,4/10/2022 7:48:40 AM,-1.31
10103,4/10/2022 7:48:44 AM,-1.31
10103,4/10/2022 7:48:48 AM,-1.31
10103,4/10/2022 7:48:52 AM,-1.77
10103,4/10/2022 7:48:56 AM,-1.76
10103,4/10/2022 7:49:00 AM,-1.32
10103,4/10/2022 7:49:04 AM,-1.53
10103,4/10/2022 7:49:08 AM,-1.55
10103,4/10/2022 7:49:12 AM,-1.98
10103,4/10/2022 7:49:16 AM,-1.06
10103,4/10/2022 7:49:20 AM,-1.54
10103,4/10/2022 7:49:24 AM,-1.99
10103,4/10/2022 7:49:28 AM,-1.99
10103,4/10/2022 7:49:32 AM,-1.99
10103,4/10/2022 7:49:36 AM,-0.64
10103,4/10/2022 7:49:40 AM,-1.09
10103,4/10/2022 7:49:44 AM,-1.07
10103,4/10/2022 7:49:48 AM,-1.91
10103,4/10/2022 7:49:52 AM,-1.31
10103,4/10/2022 7:49:56 AM,-1.31
10103,4/10/2022 7:50:00 AM,-1.31
10103,4/10/2022 7:50:04 AM,-1.31
10103,4/10/2022 7:50:08 AM,-1.31
10103,4/10/2022 7:50:12 AM,-1.98
10103,4/10/2022 7:50:16 AM,-1.53
10103,4/10/2022 7:50:20 AM,-1.99
10103,4/10/2022 7:50:24 AM,-1.32
10103,4/10/2022 7:50:28 AM,-1.06
10103,4/10/2022 7:50:32 AM,-1.99
10103,4/10/2022 7:50:36 AM,-1.99
10103,4/10/2022 7:50:40 AM,-1.53
10103,4/10/2022 7:50:44 AM,-1.55
10103,4/10/2022 7:50:48 AM,-2.67
10103,4/10/2022 7:50:52 AM,-1.77
10103,4/10/2022 7:50:56 AM,-1.76
10103,4/10/2022 7:51:00 AM,-1.32
10103,4/10/2022 7:51:04 AM,-1.53
10103,4/10/2022 7:51:08 AM,-1.55
10103,4/10/2022 7:51:12 AM,-1.31
10103,4/10/2022 7:51:16 AM,-1.07
10103,4/10/2022 7:51:20 AM,-1.99
10103,4/10/2022 7:51:24 AM,-1.32
10103,4/10/2022 7:51:28 AM,-1.99
10103,4/10/2022 7:51:32 AM,-1.55
10103,4/10/2022 7:51:36 AM,-1.99
10103,4/10/2022 7:51:40 AM,-1.81
10103,4/10/2022 7:51:44 AM,-1.31
10103,4/10/2022 7:51:48 AM,-1.99
10103,4/10/2022 7:51:52 AM,-1.53
10103,4/10/2022 7:51:56 AM,-1.55
10103,4/10/2022 7:52:00 AM,-1.31
10103,4/10/2022 7:52:04 AM,-1.31
10103,4/10/2022 7:52:08 AM,-1.31
10103,4/10/2022 7:52:12 AM,-1.31
10103,4/10/2022 7:52:16 AM,-1.31
10103,4/10/2022 7:52:20 AM,-1.76
10103,4/10/2022 7:52:24 AM,-1.32
10103,4/10/2022 7:52:28 AM,-1.99
10103,4/10/2022 7:52:32 AM,-1.99
10103,4/10/2022 7:52:36 AM,-1.99
10103,4/10/2022 7:52:40 AM,-1.56
10103,4/10/2022 7:52:44 AM,-0.62
10103,4/10/2022 7:52:48 AM,-1.31
10103,4/10/2022 7:52:52 AM,-1.31
10103,4/10/2022 7:52:56 AM,-1.31
10103,4/10/2022 7:53:00 AM,-1.99
10103,4/10/2022 7:53:04 AM,-1.53
10103,4/10/2022 7:53:08 AM,-1.99
10103,4/10/2022 7:53:12 AM,-1.99
10103,4/10/2022 7:53:16 AM,-1.31
10103,4/10/2022 7:53:20 AM,-1.31
10103,4/10/2022 7:53:24 AM,-1.31
10103,4/10/2022 7:53:28 AM,-1.31
10103,4/10/2022 7:53:32 AM,-1.31
10103,4/10/2022 7:53:36 AM,-0.63
10103,4/10/2022 7:53:40 AM,-1.31
10103,4/10/2022 7:53:44 AM,-1.31
10103,4/10/2022 7:53:48 AM,-0.63
10103,4/10/2022 7:53:52 AM,-1.99
10103,4/10/2022 7:53:56 AM,-1.99
10103,4/10/2022 7:54:00 AM,-1.99
10103,4/10/2022 7:54:04 AM,-1.99
10103,4/10/2022 7:54:08 AM,-1.54
10103,4/10/2022 7:54:12 AM,-1.31
10103,4/10/2022 7:54:16 AM,-0.85
10103,4/10/2022 7:54:20 AM,-1.31
10103,4/10/2022 7:54:24 AM,-1.99
10103,4/10/2022 7:54:28 AM,-1.75
10103,4/10/2022 7:54:32 AM,-2.23
10103,4/10/2022 7:54:36 AM,-1.99
10103,4/10/2022 7:54:40 AM,-1.53
10103,4/10/2022 7:54:44 AM,-1.55
10103,4/10/2022 7:54:48 AM,-1.31
10103,4/10/2022 7:54:52 AM,-1.53
10103,4/10/2022 7:54:56 AM,-1.55
10103,4/10/2022 7:55:00 AM,-1.31
10103,4/10/2022 7:55:04 AM,-1.55
10103,4/10/2022 7:55:08 AM,-1.52
10103,4/10/2022 7:55:12 AM,-1.99
10103,4/10/2022 7:55:16 AM,-1.31
10103,4/10/2022 7:55:20 AM,-1.76
10103,4/10/2022 7:55:24 AM,-2.67
10103,4/10/2022 7:55:28 AM,-1.77
10103,4/10/2022 7:55:32 AM,-2.21
10103,4/10/2022 7:55:36 AM,-1.32
10103,4/10/2022 7:55:40 AM,-2.44
10103,4/10/2022 7:55:44 AM,-2.15
10103,4/10/2022 7:55:48 AM,-1.31
10103,4/10/2022 7:55:52 AM,-1.77
10103,4/10/2022 7:55:56 AM,-1.76
10103,4/10/2022 7:56:00 AM,-1.31
10103,4/10/2022 7:56:04 AM,-1.31
10103,4/10/2022 7:56:08 AM,-1.31
10103,4/10/2022 7:56:12 AM,-1.31
10103,4/10/2022 7:56:16 AM,-1.53
10103,4/10/2022 7:56:20 AM,-2.44
10103,4/10/2022 7:56:24 AM,-1.32
10103,4/10/2022 7:56:28 AM,-2.24
10103,4/10/2022 7:56:32 AM,-0.86
10103,4/10/2022 7:56:36 AM,-1.98
10103,4/10/2022 7:56:40 AM,-1.99
10103,4/10/2022 7:56:44 AM,-1.99
10103,4/10/2022 7:56:48 AM,-1.99
10103,4/10/2022 7:56:52 AM,-2.22
10103,4/10/2022 7:56:56 AM,-2.23
10103,4/10/2022 7:57:00 AM,-1.99
10103,4/10/2022 7:57:04 AM,-1.77
10103,4/10/2022 7:57:08 AM,-1.76
10103,4/10/2022 7:57:12 AM,-1.99
10103,4/10/2022 7:57:16 AM,-1.31
10103,4/10/2022 7:57:20 AM,-1.76
10103,4/10/2022 7:57:24 AM,-1.99
10103,4/10/2022 7:57:28 AM,-1.28
10103,4/10/2022 7:57:32 AM,-2.68
10103,4/10/2022 7:57:36 AM,-2.00
10103,4/10/2022 7:57:40 AM,-1.77
10103,4/10/2022 7:57:44 AM,-1.71
10103,4/10/2022 7:57:48 AM,-1.31
10103,4/10/2022 7:57:52 AM,-1.53
10103,4/10/2022 7:57:56 AM,-1.99
10103,4/10/2022 7:58:00 AM,-1.31
10103,4/10/2022 7:58:04 AM,-1.53
10103,4/10/2022 7:58:08 AM,-1.54
10103,4/10/2022 7:58:12 AM,-1.99
10103,4/10/2022 7:58:16 AM,-1.31
10103,4/10/2022 7:58:20 AM,-2.20
10103,4/10/2022 7:58:24 AM,-1.32
10103,4/10/2022 7:58:28 AM,-1.99
10103,4/10/2022 7:58:32 AM,-1.54
10103,4/10/2022 7:58:36 AM,-1.99
10103,4/10/2022 7:58:40 AM,-1.53
10103,4/10/2022 7:58:44 AM,-1.55
10103,4/10/2022 7:58:48 AM,-1.31
10103,4/10/2022 7:58:52 AM,-1.99
10103,4/10/2022 7:58:56 AM,-1.55
10103,4/10/2022 7:59:00 AM,-1.31
10103,4/10/2022 7:59:04 AM,-1.77
10103,4/10/2022 7:59:08 AM,-1.76
10103,4/10/2022 7:59:12 AM,-1.32
10103,4/10/2022 7:59:16 AM,-1.53
10103,4/10/2022 7:59:20 AM,-2.44
10103,4/10/2022 7:59:24 AM,-1.32
10103,4/10/2022 7:59:28 AM,-1.78
10103,4/10/2022 7:59:32 AM,-1.76
10103,4/10/2022 7:59:36 AM,-1.31
10103,4/10/2022 7:59:40 AM,-1.55
10103,4/10/2022 7:59:44 AM,-1.07
10103,4/10/2022 7:59:48 AM,-2.52
10103,4/10/2022 7:59:52 AM,-1.31
10103,4/10/2022 7:59:56 AM,-1.31
10103,4/10/2022 8:00:00 AM,-1.31
10103,4/10/2022 8:00:04 AM,-1.31
10103,4/10/2022 8:00:08 AM,-1.31
10103,4/10/2022 8:00:12 AM,-1.98
10103,4/10/2022 8:00:16 AM,-1.77
10103,4/10/2022 8:00:20 AM,-1.31
10103,4/10/2022 8:00:24 AM,-1.99
10103,4/10/2022 8:00:28 AM,-1.99
10103,4/10/2022 8:00:32 AM,-1.99
10103,4/10/2022 8:00:36 AM,-1.99
10103,4/10/2022 8:00:40 AM,-1.53
10103,4/10/2022 8:00:44 AM,-1.55
10103,4/10/2022 8:00:48 AM,-1.31
10103,4/10/2022 8:00:52 AM,-1.53
10103,4/10/2022 8:00:56 AM,-1.55
10103,4/10/2022 8:01:00 AM,-1.98
10103,4/10/2022 8:01:04 AM,-2.21
10103,4/10/2022 8:01:08 AM,-2.68
10103,4/10/2022 8:01:12 AM,-2.00
10103,4/10/2022 8:01:16 AM,-1.53
10103,4/10/2022 8:01:20 AM,-1.99
10103,4/10/2022 8:01:24 AM,-1.32
10103,4/10/2022 8:01:28 AM,-1.78
10103,4/10/2022 8:01:32 AM,-1.31
10103,4/10/2022 8:01:36 AM,-1.31
10103,4/10/2022 8:01:40 AM,-1.99
10103,4/10/2022 8:01:44 AM,-1.99
10103,4/10/2022 8:01:48 AM,-0.78
10103,4/10/2022 8:01:52 AM,-1.99
10103,4/10/2022 8:01:56 AM,-1.56
10103,4/10/2022 8:02:00 AM,-0.63
10103,4/10/2022 8:02:04 AM,-1.77
10103,4/10/2022 8:02:08 AM,-1.76
10103,4/10/2022 8:02:12 AM,-2.67
10103,4/10/2022 8:02:16 AM,-1.31
10103,4/10/2022 8:02:20 AM,-1.76
10103,4/10/2022 8:02:24 AM,-1.99
10103,4/10/2022 8:02:28 AM,-1.78
10103,4/10/2022 8:02:32 AM,-1.31
10103,4/10/2022 8:02:36 AM,-1.31
10103,4/10/2022 8:02:40 AM,-1.31
10103,4/10/2022 8:02:44 AM,-1.31
10103,4/10/2022 8:02:48 AM,-1.99
10103,4/10/2022 8:02:52 AM,-1.53
10103,4/10/2022 8:02:56 AM,-1.55
10103,4/10/2022 8:03:00 AM,-1.31
10103,4/10/2022 8:03:04 AM,-2.21
10103,4/10/2022 8:03:08 AM,-2.68
10103,4/10/2022 8:03:12 AM,-2.00
10103,4/10/2022 8:03:16 AM,-2.24
10103,4/10/2022 8:03:20 AM,-1.31
10103,4/10/2022 8:03:24 AM,-1.31
10103,4/10/2022 8:03:28 AM,-1.78
10103,4/10/2022 8:03:32 AM,-1.76
10103,4/10/2022 8:03:36 AM,-1.99
10103,4/10/2022 8:03:40 AM,-1.31
10103,4/10/2022 8:03:44 AM,-1.31
10103,4/10/2022 8:03:48 AM,-1.31
10103,4/10/2022 8:03:52 AM,-1.99
10103,4/10/2022 8:03:56 AM,-2.44
10103,4/10/2022 8:04:00 AM,-1.32
10103,4/10/2022 8:04:04 AM,-2.21
10103,4/10/2022 8:04:08 AM,-2.23
10103,4/10/2022 8:04:12 AM,-1.32
10103,4/10/2022 8:04:16 AM,-1.06
10103,4/10/2022 8:04:20 AM,-1.55
10103,4/10/2022 8:04:24 AM,-1.31
10103,4/10/2022 8:04:28 AM,-1.78
10103,4/10/2022 8:04:32 AM,-2.21
10103,4/10/2022 8:04:36 AM,-1.32
10103,4/10/2022 8:04:40 AM,-2.46
10103,4/10/2022 8:04:44 AM,-1.10
10103,4/10/2022 8:04:48 AM,-1.98
10103,4/10/2022 8:04:52 AM,-1.31
10103,4/10/2022 8:04:56 AM,-1.31
10103,4/10/2022 8:05:00 AM,-1.31
10103,4/10/2022 8:05:04 AM,-1.78
10103,4/10/2022 8:05:08 AM,-1.31
10103,4/10/2022 8:05:12 AM,-1.99
10103,4/10/2022 8:05:16 AM,-1.53
10103,4/10/2022 8:05:20 AM,-2.45
10103,4/10/2022 8:05:24 AM,-2.00
10103,4/10/2022 8:05:28 AM,-1.31
10103,4/10/2022 8:05:32 AM,-1.31
10103,4/10/2022 8:05:36 AM,-1.99
10103,4/10/2022 8:05:40 AM,-1.99
10103,4/10/2022 8:05:44 AM,-2.44
10103,4/10/2022 8:05:48 AM,-2.00
10103,4/10/2022 8:05:52 AM,-1.31
10103,4/10/2022 8:05:56 AM,-1.76
10103,4/10/2022 8:06:00 AM,-1.99
10103,4/10/2022 8:06:04 AM,-2.23
10103,4/10/2022 8:06:08 AM,-1.76
10103,4/10/2022 8:06:12 AM,-1.99
10103,4/10/2022 8:06:16 AM,-1.99
10103,4/10/2022 8:06:20 AM,-1.99
10103,4/10/2022 8:06:24 AM,-2.67
10103,4/10/2022 8:06:28 AM,-1.53
10103,4/10/2022 8:06:32 AM,-1.99
10103,4/10/2022 8:06:36 AM,-1.99
10103,4/10/2022 8:06:40 AM,-1.99
10103,4/10/2022 8:06:44 AM,-2.44
10103,4/10/2022 8:06:48 AM,-2.00
10103,4/10/2022 8:06:52 AM,-2.22
10103,4/10/2022 8:06:56 AM,-2.23
10103,4/10/2022 8:07:00 AM,-1.31
10103,4/10/2022 8:07:04 AM,-1.53
10103,4/10/2022 8:07:08 AM,-1.54
10103,4/10/2022 8:07:12 AM,-1.31
10103,4/10/2022 8:07:16 AM,-1.53
10103,4/10/2022 8:07:20 AM,-1.99
10103,4/10/2022 8:07:24 AM,-2.67
10103,4/10/2022 8:07:28 AM,-1.31
10103,4/10/2022 8:07:32 AM,-1.76
10103,4/10/2022 8:07:36 AM,-1.99
10103,4/10/2022 8:07:40 AM,-1.75
10103,4/10/2022 8:07:44 AM,-2.23
10103,4/10/2022 8:07:48 AM,-1.99
10103,4/10/2022 8:07:52 AM,-1.83
10103,4/10/2022 8:07:56 AM,-1.76
10103,4/10/2022 8:08:00 AM,-1.99
10103,4/10/2022 8:08:04 AM,-1.31
10103,4/10/2022 8:08:08 AM,-1.31
10103,4/10/2022 8:08:12 AM,-2.66
10103,4/10/2022 8:08:16 AM,-1.99
10103,4/10/2022 8:08:20 AM,-1.54
10103,4/10/2022 8:08:24 AM,-2.67
10103,4/10/2022 8:08:28 AM,-1.31
10103,4/10/2022 8:08:32 AM,-2.21
10103,4/10/2022 8:08:36 AM,-2.00
10103,4/10/2022 8:08:40 AM,-1.77
10103,4/10/2022 8:08:44 AM,-2.18
10103,4/10/2022 8:08:48 AM,-1.32
10103,4/10/2022 8:08:52 AM,-1.77
10103,4/10/2022 8:08:56 AM,-1.76
10103,4/10/2022 8:09:00 AM,-0.63
10103,4/10/2022 8:09:04 AM,-1.75
10103,4/10/2022 8:09:08 AM,-1.78
10103,4/10/2022 8:09:12 AM,-0.63
10103,4/10/2022 8:09:16 AM,-1.99
10103,4/10/2022 8:09:20 AM,-1.54
10103,4/10/2022 8:09:24 AM,-1.99
10103,4/10/2022 8:09:28 AM,-1.31
10103,4/10/2022 8:09:32 AM,-0.86
10103,4/10/2022 8:09:36 AM,-1.31
10103,4/10/2022 8:09:40 AM,-1.53
10103,4/10/2022 8:09:44 AM,-2.44
10103,4/10/2022 8:09:48 AM,-1.32
10103,4/10/2022 8:09:52 AM,-2.18
10103,4/10/2022 8:09:56 AM,-2.68
10103,4/10/2022 8:10:00 AM,-2.00
10103,4/10/2022 8:10:04 AM,-1.31
10103,4/10/2022 8:10:08 AM,-1.31
10103,4/10/2022 8:10:12 AM,-1.99
10103,4/10/2022 8:10:16 AM,-2.22
10103,4/10/2022 8:10:20 AM,-1.78
10103,4/10/2022 8:10:24 AM,-1.99
10103,4/10/2022 8:10:28 AM,-1.09
10103,4/10/2022 8:10:32 AM,-1.08
10103,4/10/2022 8:10:36 AM,-1.99
10103,4/10/2022 8:10:40 AM,-1.99
10103,4/10/2022 8:10:44 AM,-1.55
10103,4/10/2022 8:10:48 AM,-1.99
10103,4/10/2022 8:10:52 AM,-0.85
10103,4/10/2022 8:10:56 AM,-1.76
10103,4/10/2022 8:11:00 AM,-1.31
10103,4/10/2022 8:11:04 AM,-2.68
10103,4/10/2022 8:11:08 AM,-2.23
10103,4/10/2022 8:11:12 AM,-1.32
10103,4/10/2022 8:11:16 AM,-1.99
10103,4/10/2022 8:11:20 AM,-1.54
10103,4/10/2022 8:11:24 AM,-1.99
10103,4/10/2022 8:11:28 AM,-1.31
10103,4/10/2022 8:11:32 AM,-1.76
10103,4/10/2022 8:11:36 AM,-1.31
10103,4/10/2022 8:11:40 AM,-1.99
10103,4/10/2022 8:11:44 AM,-1.99
10103,4/10/2022 8:11:48 AM,-2.67
10103,4/10/2022 8:11:52 AM,-1.47
10103,4/10/2022 8:11:56 AM,-1.99
10103,4/10/2022 8:12:00 AM,-1.99
10103,4/10/2022 8:12:04 AM,-1.29
10103,4/10/2022 8:12:08 AM,-1.78
10103,4/10/2022 8:12:12 AM,-2.66
10103,4/10/2022 8:12:16 AM,-1.31
10103,4/10/2022 8:12:20 AM,-1.31
10103,4/10/2022 8:12:24 AM,-1.31
10103,4/10/2022 8:12:28 AM,-2.46
10103,4/10/2022 8:12:32 AM,-1.54
10103,4/10/2022 8:12:36 AM,-1.31
10103,4/10/2022 8:12:40 AM,-1.31
10103,4/10/2022 8:12:44 AM,-1.31
10103,4/10/2022 8:12:48 AM,-2.67
10103,4/10/2022 8:12:52 AM,-1.53
10103,4/10/2022 8:12:56 AM,-1.99
10103,4/10/2022 8:13:00 AM,-1.31
10103,4/10/2022 8:13:04 AM,-1.99
10103,4/10/2022 8:13:08 AM,-1.55
10103,4/10/2022 8:13:12 AM,-2.66
10103,4/10/2022 8:13:16 AM,-2.22
10103,4/10/2022 8:13:20 AM,-1.78
10103,4/10/2022 8:13:24 AM,-1.99
10103,4/10/2022 8:13:28 AM,-1.99
10103,4/10/2022 8:13:32 AM,-1.55
10103,4/10/2022 8:13:36 AM,-1.99
10103,4/10/2022 8:13:40 AM,-1.77
10103,4/10/2022 8:13:44 AM,-1.74
10103,4/10/2022 8:13:48 AM,-3.35
10103,4/10/2022 8:13:52 AM,-1.09
10103,4/10/2022 8:13:56 AM,-1.07
10103,4/10/2022 8:14:00 AM,-2.67
10103,4/10/2022 8:14:04 AM,-1.31
10103,4/10/2022 8:14:08 AM,-1.76
10103,4/10/2022 8:14:12 AM,-1.99
10103,4/10/2022 8:14:16 AM,-1.53
10103,4/10/2022 8:14:20 AM,-1.99
10103,4/10/2022 8:14:24 AM,-1.32
10103,4/10/2022 8:14:28 AM,-1.31
10103,4/10/2022 8:14:32 AM,-1.76
10103,4/10/2022 8:14:36 AM,-1.32
10103,4/10/2022 8:14:40 AM,-1.31
10103,4/10/2022 8:14:44 AM,-1.31
10103,4/10/2022 8:14:48 AM,-1.99
10103,4/10/2022 8:14:52 AM,-1.55
10103,4/10/2022 8:14:56 AM,-1.07
10103,4/10/2022 8:15:00 AM,-1.99
10103,4/10/2022 8:15:04 AM,-1.78
10103,4/10/2022 8:15:08 AM,-1.31
10103,4/10/2022 8:15:12 AM,-1.98
10103,4/10/2022 8:15:16 AM,-1.99
10103,4/10/2022 8:15:20 AM,-1.99
10103,4/10/2022 8:15:24 AM,-1.99
10103,4/10/2022 8:15:28 AM,-2.21
10103,4/10/2022 8:15:32 AM,-1.78
10103,4/10/2022 8:15:36 AM,-1.99
10103,4/10/2022 8:15:40 AM,-1.77
10103,4/10/2022 8:15:44 AM,-1.31
10103,4/10/2022 8:15:48 AM,-1.31
10103,4/10/2022 8:15:52 AM,-1.18
10103,4/10/2022 8:15:56 AM,-2.29
10103,4/10/2022 8:16:00 AM,-1.99
10103,4/10/2022 8:16:04 AM,-1.99
10103,4/10/2022 8:16:08 AM,-1.99
10103,4/10/2022 8:16:12 AM,-1.99
10103,4/10/2022 8:16:16 AM,-1.53
10103,4/10/2022 8:16:20 AM,-1.99
10103,4/10/2022 8:16:24 AM,-1.99
10103,4/10/2022 8:16:28 AM,-2.02
10103,4/10/2022 8:16:32 AM,-1.97
10103,4/10/2022 8:16:36 AM,-2.00
10103,4/10/2022 8:16:40 AM,-2.68
10103,4/10/2022 8:16:44 AM,-2.68
10103,4/10/2022 8:16:48 AM,-2.00
10103,4/10/2022 8:16:52 AM,-1.99
10103,4/10/2022 8:16:56 AM,-1.55
10103,4/10/2022 8:17:00 AM,-1.99
10103,4/10/2022 8:17:04 AM,-1.53
10103,4/10/2022 8:17:08 AM,-1.55
10103,4/10/2022 8:17:12 AM,-1.98
10103,4/10/2022 8:17:16 AM,-1.53
10103,4/10/2022 8:17:20 AM,-1.55
10103,4/10/2022 8:17:24 AM,-1.31
10103,4/10/2022 8:17:28 AM,-2.24
10103,4/10/2022 8:17:32 AM,-1.76
10103,4/10/2022 8:17:36 AM,-2.67
10103,4/10/2022 8:17:40 AM,-1.99
10103,4/10/2022 8:17:44 AM,-1.99
10103,4/10/2022 8:17:48 AM,-1.99
10103,4/10/2022 8:17:52 AM,-2.18
10103,4/10/2022 8:17:56 AM,-1.91
10103,4/10/2022 8:18:00 AM,-2.66
10103,4/10/2022 8:18:04 AM,-2.21
10103,4/10/2022 8:18:08 AM,-2.68
10103,4/10/2022 8:18:12 AM,-2.00
10103,4/10/2022 8:18:16 AM,-1.99
10103,4/10/2022 8:18:20 AM,-1.55
10103,4/10/2022 8:18:24 AM,-1.31
10103,4/10/2022 8:18:28 AM,-1.31
10103,4/10/2022 8:18:32 AM,-1.76
10103,4/10/2022 8:18:36 AM,-1.99
10103,4/10/2022 8:18:40 AM,-1.99
10103,4/10/2022 8:18:44 AM,-1.55
10103,4/10/2022 8:18:48 AM,-1.31
10103,4/10/2022 8:18:52 AM,-2.24
10103,4/10/2022 8:18:56 AM,-1.76
10103,4/10/2022 8:19:00 AM,-1.32
10103,4/10/2022 8:19:04 AM,-1.75
10103,4/10/2022 8:19:08 AM,-2.23
10103,4/10/2022 8:19:12 AM,-1.99
10103,4/10/2022 8:19:16 AM,-1.99
10103,4/10/2022 8:19:20 AM,-1.99
10103,4/10/2022 8:19:24 AM,-1.99
10103,4/10/2022 8:19:28 AM,-1.99
10103,4/10/2022 8:19:32 AM,-1.99
10103,4/10/2022 8:19:36 AM,-1.32
10103,4/10/2022 8:19:40 AM,-1.56
10103,4/10/2022 8:19:44 AM,-1.52
10103,4/10/2022 8:19:48 AM,-1.99
10103,4/10/2022 8:19:52 AM,-2.24
10103,4/10/2022 8:19:56 AM,-1.69
10103,4/10/2022 8:20:00 AM,-1.99
10103,4/10/2022 8:20:04 AM,-1.77
10103,4/10/2022 8:20:08 AM,-1.31
10103,4/10/2022 8:20:12 AM,-1.98
10103,4/10/2022 8:20:16 AM,-1.78
10103,4/10/2022 8:20:20 AM,-1.76
10103,4/10/2022 8:20:24 AM,-1.99
10103,4/10/2022 8:20:28 AM,-1.99
10103,4/10/2022 8:20:32 AM,-1.54
10103,4/10/2022 8:20:36 AM,-1.31
10103,4/10/2022 8:20:40 AM,-1.31
10103,4/10/2022 8:20:44 AM,-1.31
10103,4/10/2022 8:20:48 AM,-1.99
10103,4/10/2022 8:20:52 AM,-1.77
10103,4/10/2022 8:20:56 AM,-1.31
10103,4/10/2022 8:21:00 AM,-1.31
10103,4/10/2022 8:21:04 AM,-1.77
10103,4/10/2022 8:21:08 AM,-1.31
10103,4/10/2022 8:21:12 AM,-2.66
10103,4/10/2022 8:21:16 AM,-1.31
10103,4/10/2022 8:21:20 AM,-2.21
10103,4/10/2022 8:21:24 AM,-2.68
10103,4/10/2022 8:21:28 AM,-1.99
10103,4/10/2022 8:21:32 AM,-1.10
10103,4/10/2022 8:21:36 AM,-0.62
10103,4/10/2022 8:21:40 AM,-1.75
10103,4/10/2022 8:21:44 AM,-1.78
10103,4/10/2022 8:21:48 AM,-1.31
10103,4/10/2022 8:21:52 AM,-1.53
10103,4/10/2022 8:21:56 AM,-1.62
10103,4/10/2022 8:22:00 AM,-2.53
10103,4/10/2022 8:22:04 AM,-1.53
10103,4/10/2022 8:22:08 AM,-1.99
10103,4/10/2022 8:22:12 AM,-1.99
10103,4/10/2022 8:22:16 AM,-1.77
10103,4/10/2022 8:22:20 AM,-1.31
10103,4/10/2022 8:22:24 AM,-1.31
10103,4/10/2022 8:22:28 AM,-1.99
10103,4/10/2022 8:22:32 AM,-1.99
10103,4/10/2022 8:22:36 AM,-1.99
10103,4/10/2022 8:22:40 AM,-1.31
10103,4/10/2022 8:22:44 AM,-1.31
10103,4/10/2022 8:22:48 AM,-2.67
10103,4/10/2022 8:22:52 AM,-1.31
10103,4/10/2022 8:22:56 AM,-1.31
10103,4/10/2022 8:23:00 AM,-1.99
10103,4/10/2022 8:23:04 AM,-2.24
10103,4/10/2022 8:23:08 AM,-1.31
10103,4/10/2022 8:23:12 AM,-1.99
10103,4/10/2022 8:23:16 AM,-1.53
10103,4/10/2022 8:23:20 AM,-1.99
10103,4/10/2022 8:23:24 AM,-1.31
10103,4/10/2022 8:23:28 AM,-1.99
10103,4/10/2022 8:23:32 AM,-1.54
10103,4/10/2022 8:23:36 AM,-1.31
10103,4/10/2022 8:23:40 AM,-1.77
10103,4/10/2022 8:23:44 AM,-1.31
10103,4/10/2022 8:23:48 AM,-1.31
10103,4/10/2022 8:23:52 AM,-1.53
10103,4/10/2022 8:23:56 AM,-1.55
10103,4/10/2022 8:24:00 AM,-1.31
10103,4/10/2022 8:24:04 AM,-1.99
10103,4/10/2022 8:24:08 AM,-1.09
10103,4/10/2022 8:24:12 AM,-1.30
10103,4/10/2022 8:24:16 AM,-1.99
10103,4/10/2022 8:24:20 AM,-1.54
10103,4/10/2022 8:24:24 AM,-1.31
10103,4/10/2022 8:24:28 AM,-1.31
10103,4/10/2022 8:24:32 AM,-1.31
10103,4/10/2022 8:24:36 AM,-1.99
10103,4/10/2022 8:24:40 AM,-1.53
10103,4/10/2022 8:24:44 AM,-1.99
10103,4/10/2022 8:24:48 AM,-1.31
10103,4/10/2022 8:24:52 AM,-1.31
10103,4/10/2022 8:24:56 AM,-0.86
10103,4/10/2022 8:25:00 AM,-1.30
10103,4/10/2022 8:25:04 AM,-1.31
10103,4/10/2022 8:25:08 AM,-1.31
10103,4/10/2022 8:25:12 AM,-1.31
10103,4/10/2022 8:25:16 AM,-1.53
10103,4/10/2022 8:25:20 AM,-1.09
10103,4/10/2022 8:25:24 AM,-1.30
10103,4/10/2022 8:25:28 AM,-2.24
10103,4/10/2022 8:25:32 AM,-1.31
10103,4/10/2022 8:25:36 AM,-0.63
10103,4/10/2022 8:25:40 AM,-1.31
10103,4/10/2022 8:25:44 AM,-2.21
10103,4/10/2022 8:25:48 AM,-1.32
10103,4/10/2022 8:25:52 AM,-1.31
10103,4/10/2022 8:25:56 AM,-1.31
10103,4/10/2022 8:26:00 AM,-1.99
10103,4/10/2022 8:26:04 AM,-1.31
10103,4/10/2022 8:26:08 AM,-1.31
10103,4/10/2022 8:26:12 AM,-1.31
10103,4/10/2022 8:26:16 AM,-1.99
10103,4/10/2022 8:26:20 AM,-1.99
10103,4/10/2022 8:26:24 AM,-1.31
10103,4/10/2022 8:26:28 AM,-1.77
10103,4/10/2022 8:26:32 AM,-1.76
10103,4/10/2022 8:26:36 AM,-1.31
10103,4/10/2022 8:26:40 AM,-1.77
10103,4/10/2022 8:26:44 AM,-0.86
10103,4/10/2022 8:26:48 AM,-1.30
10103,4/10/2022 8:26:52 AM,-1.77
10103,4/10/2022 8:26:56 AM,-1.31
10103,4/10/2022 8:27:00 AM,-1.99
10103,4/10/2022 8:27:04 AM,-2.24
10103,4/10/2022 8:27:08 AM,-1.76
10103,4/10/2022 8:27:12 AM,-1.99
10103,4/10/2022 8:27:16 AM,-1.31
10103,4/10/2022 8:27:20 AM,-1.76
10103,4/10/2022 8:27:24 AM,-1.31
10103,4/10/2022 8:27:28 AM,-1.53
10103,4/10/2022 8:27:32 AM,-1.99
10103,4/10/2022 8:27:36 AM,-1.31
10103,4/10/2022 8:27:40 AM,-1.99
10103,4/10/2022 8:27:44 AM,-1.99
10103,4/10/2022 8:27:48 AM,-1.31
10103,4/10/2022 8:27:52 AM,-1.99
10103,4/10/2022 8:27:56 AM,-1.55
10103,4/10/2022 8:28:00 AM,-2.56
10103,4/10/2022 8:28:04 AM,-1.53
10103,4/10/2022 8:28:08 AM,-2.44
10103,4/10/2022 8:28:12 AM,-1.33
10103,4/10/2022 8:28:16 AM,-1.53
10103,4/10/2022 8:28:20 AM,-1.55
10103,4/10/2022 8:28:24 AM,-1.99
10103,4/10/2022 8:28:28 AM,-1.09
10103,4/10/2022 8:28:32 AM,-1.07
10103,4/10/2022 8:28:36 AM,-2.67
10103,4/10/2022 8:28:40 AM,-1.53
10103,4/10/2022 8:28:44 AM,-1.55
10103,4/10/2022 8:28:48 AM,-1.31
10103,4/10/2022 8:28:52 AM,-1.53
10103,4/10/2022 8:28:56 AM,-2.44
10103,4/10/2022 8:29:00 AM,-2.00
10103,4/10/2022 8:29:04 AM,-1.31
10103,4/10/2022 8:29:08 AM,-0.86
10103,4/10/2022 8:29:12 AM,-1.97
10103,4/10/2022 8:29:16 AM,-1.99
10103,4/10/2022 8:29:20 AM,-1.55
10103,4/10/2022 8:29:24 AM,-1.99
10103,4/10/2022 8:29:28 AM,-1.53
10103,4/10/2022 8:29:32 AM,-1.10
10103,4/10/2022 8:29:36 AM,-0.62
10103,4/10/2022 8:29:40 AM,-2.46
10103,4/10/2022 8:29:44 AM,-1.99
10103,4/10/2022 8:29:48 AM,-2.67
10103,4/10/2022 8:29:52 AM,-1.53
10103,4/10/2022 8:29:56 AM,-1.99
10103,4/10/2022 8:30:00 AM,-1.36
10103,4/10/2022 8:30:04 AM,-1.77
10103,4/10/2022 8:30:08 AM,-1.31
10103,4/10/2022 8:30:12 AM,-1.31
10103,4/10/2022 8:30:16 AM,-1.31
10103,4/10/2022 8:30:20 AM,-1.31
10103,4/10/2022 8:30:24 AM,-1.31
10103,4/10/2022 8:30:28 AM,-2.21
10103,4/10/2022 8:30:32 AM,-2.23
10103,4/10/2022 8:30:36 AM,-1.99
10103,4/10/2022 8:30:40 AM,-1.31
10103,4/10/2022 8:30:44 AM,-1.76
10103,4/10/2022 8:30:48 AM,-1.99
10103,4/10/2022 8:30:52 AM,-2.21
10103,4/10/2022 8:30:56 AM,-1.79
10103,4/10/2022 8:31:00 AM,-1.31
10103,4/10/2022 8:31:04 AM,-1.99
10103,4/10/2022 8:31:08 AM,-1.99
10103,4/10/2022 8:31:12 AM,-1.32
10103,4/10/2022 8:31:16 AM,-1.75
10103,4/10/2022 8:31:20 AM,-2.68
10103,4/10/2022 8:31:24 AM,-1.32
10103,4/10/2022 8:31:28 AM,-2.25
10103,4/10/2022 8:31:32 AM,-1.31
10103,4/10/2022 8:31:36 AM,-1.31
10103,4/10/2022 8:31:40 AM,-1.77
10103,4/10/2022 8:31:44 AM,-1.31
10103,4/10/2022 8:31:48 AM,-2.67
10103,4/10/2022 8:31:52 AM,-1.99
10103,4/10/2022 8:31:56 AM,-1.55
10103,4/10/2022 8:32:00 AM,-1.31
10103,4/10/2022 8:32:04 AM,-2.23
10103,4/10/2022 8:32:08 AM,-1.31
10103,4/10/2022 8:32:12 AM,-0.64
10103,4/10/2022 8:32:16 AM,-1.31
10103,4/10/2022 8:32:20 AM,-1.31
10103,4/10/2022 8:32:24 AM,-1.31
10103,4/10/2022 8:32:28 AM,-1.78
10103,4/10/2022 8:32:32 AM,-2.21
10103,4/10/2022 8:32:36 AM,-1.32
10103,4/10/2022 8:32:40 AM,-1.31
10103,4/10/2022 8:32:44 AM,-1.31
10103,4/10/2022 8:32:48 AM,-1.31
10103,4/10/2022 8:32:52 AM,-1.31
10103,4/10/2022 8:32:56 AM,-1.31
10103,4/10/2022 8:33:00 AM,-1.99
10103,4/10/2022 8:33:04 AM,-1.31
10103,4/10/2022 8:33:08 AM,-1.31
10103,4/10/2022 8:33:12 AM,-1.31
10103,4/10/2022 8:33:16 AM,-1.99
10103,4/10/2022 8:33:20 AM,-1.09
10103,4/10/2022 8:33:24 AM,-1.31
10103,4/10/2022 8:33:28 AM,-1.31
10103,4/10/2022 8:33:32 AM,-1.31
10103,4/10/2022 8:33:36 AM,-1.99
10103,4/10/2022 8:33:40 AM,-1.53
10103,4/10/2022 8:33:44 AM,-1.99
10103,4/10/2022 8:33:48 AM,-0.63
10103,4/10/2022 8:33:52 AM,-1.07
10103,4/10/2022 8:33:56 AM,-1.55
10103,4/10/2022 8:34:00 AM,-1.31
10103,4/10/2022 8:34:04 AM,-2.23
10103,4/10/2022 8:34:08 AM,-1.76
10103,4/10/2022 8:34:12 AM,-1.99
10103,4/10/2022 8:34:16 AM,-1.53
10103,4/10/2022 8:34:20 AM,-1.55
10103,4/10/2022 8:34:24 AM,-1.31
10103,4/10/2022 8:34:28 AM,-1.99
10103,4/10/2022 8:34:32 AM,-1.54
10103,4/10/2022 8:34:36 AM,-1.99
10103,4/10/2022 8:34:40 AM,-1.53
10103,4/10/2022 8:34:44 AM,-1.55
10103,4/10/2022 8:34:48 AM,-0.63
10103,4/10/2022 8:34:52 AM,-1.99
10103,4/10/2022 8:34:56 AM,-1.55
10103,4/10/2022 8:35:00 AM,-2.67
10103,4/10/2022 8:35:04 AM,-1.99
10103,4/10/2022 8:35:08 AM,-1.54
10103,4/10/2022 8:35:12 AM,-2.66
10103,4/10/2022 8:35:16 AM,-1.09
10103,4/10/2022 8:35:20 AM,-1.08
10103,4/10/2022 8:35:24 AM,-1.31
10103,4/10/2022 8:35:28 AM,-1.31
10103,4/10/2022 8:35:32 AM,-1.31
10103,4/10/2022 8:35:36 AM,-1.99
10103,4/10/2022 8:35:40 AM,-1.77
10103,4/10/2022 8:35:44 AM,-1.76
10103,4/10/2022 8:35:48 AM,-1.99
10103,4/10/2022 8:35:52 AM,-1.53
10103,4/10/2022 8:35:56 AM,-1.10
10103,4/10/2022 8:36:00 AM,-2.67
10103,4/10/2022 8:36:04 AM,-1.31
10103,4/10/2022 8:36:08 AM,-1.76
10103,4/10/2022 8:36:12 AM,-2.67
10103,4/10/2022 8:36:16 AM,-2.24
10103,4/10/2022 8:36:20 AM,-0.86
10103,4/10/2022 8:36:24 AM,-1.31
10103,4/10/2022 8:36:28 AM,-1.09
10103,4/10/2022 8:36:32 AM,-1.53
10103,4/10/2022 8:36:36 AM,-1.31
10103,4/10/2022 8:36:40 AM,-1.99
10103,4/10/2022 8:36:44 AM,-1.10
10103,4/10/2022 8:36:48 AM,-1.30
10103,4/10/2022 8:36:52 AM,-1.07
10103,4/10/2022 8:36:56 AM,-1.99
10103,4/10/2022 8:37:00 AM,-1.99
10103,4/10/2022 8:37:04 AM,-1.99
10103,4/10/2022 8:37:08 AM,-1.99
10103,4/10/2022 8:37:12 AM,-1.99
10103,4/10/2022 8:37:16 AM,-1.53
10103,4/10/2022 8:37:20 AM,-1.54
10103,4/10/2022 8:37:24 AM,-1.31
10103,4/10/2022 8:37:28 AM,-1.53
10103,4/10/2022 8:37:32 AM,-1.54
10103,4/10/2022 8:37:36 AM,-1.31
10103,4/10/2022 8:37:40 AM,-0.85
10103,4/10/2022 8:37:44 AM,-1.76
10103,4/10/2022 8:37:48 AM,-1.31
10103,4/10/2022 8:37:52 AM,-0.62
10103,4/10/2022 8:37:56 AM,-1.07
10103,4/10/2022 8:38:00 AM,-1.31
10103,4/10/2022 8:38:04 AM,-1.15
10103,4/10/2022 8:38:08 AM,-1.07
10103,4/10/2022 8:38:12 AM,-1.31
10103,4/10/2022 8:38:16 AM,-1.55
10103,4/10/2022 8:38:20 AM,-1.07
10103,4/10/2022 8:38:24 AM,-1.31
10103,4/10/2022 8:38:28 AM,-1.31
10103,4/10/2022 8:38:32 AM,-1.31
10103,4/10/2022 8:38:36 AM,-1.31
10103,4/10/2022 8:38:40 AM,-1.31
10103,4/10/2022 8:38:44 AM,-1.31
10103,4/10/2022 8:38:48 AM,-1.31
10103,4/10/2022 8:38:52 AM,-1.99
10103,4/10/2022 8:38:56 AM,-2.44
10103,4/10/2022 8:39:00 AM,-1.32
10103,4/10/2022 8:39:04 AM,-0.85
10103,4/10/2022 8:39:08 AM,-1.31
10103,4/10/2022 8:39:12 AM,-1.99
10103,4/10/2022 8:39:16 AM,-1.31
10103,4/10/2022 8:39:20 AM,-1.76
10103,4/10/2022 8:39:24 AM,-1.33
10103,4/10/2022 8:39:28 AM,-1.53
10103,4/10/2022 8:39:32 AM,-1.55
10103,4/10/2022 8:39:36 AM,-1.99
10103,4/10/2022 8:39:40 AM,-1.53
10103,4/10/2022 8:39:44 AM,-1.55
10103,4/10/2022 8:39:48 AM,-1.99
10103,4/10/2022 8:39:52 AM,-1.53
10103,4/10/2022 8:39:56 AM,-1.99
10103,4/10/2022 8:40:00 AM,-1.99
10103,4/10/2022 8:40:04 AM,-1.31
10103,4/10/2022 8:40:08 AM,-1.31
10103,4/10/2022 8:40:12 AM,-0.63
10103,4/10/2022 8:40:16 AM,-1.53
10103,4/10/2022 8:40:20 AM,-1.10
10103,4/10/2022 8:40:24 AM,-1.30
10103,4/10/2022 8:40:28 AM,-1.77
10103,4/10/2022 8:40:32 AM,-1.31
10103,4/10/2022 8:40:36 AM,-1.31
10103,4/10/2022 8:40:40 AM,-1.31
10103,4/10/2022 8:40:44 AM,-1.31
10103,4/10/2022 8:40:48 AM,-0.63
10103,4/10/2022 8:40:52 AM,-1.31
10103,4/10/2022 8:40:56 AM,-1.31
10103,4/10/2022 8:41:00 AM,-1.31
10103,4/10/2022 8:41:04 AM,-1.31
10103,4/10/2022 8:41:08 AM,-1.76
10103,4/10/2022 8:41:12 AM,-1.99
10103,4/10/2022 8:41:16 AM,-1.09
10103,4/10/2022 8:41:20 AM,-1.07
10103,4/10/2022 8:41:24 AM,-2.67
10103,4/10/2022 8:41:28 AM,-1.53
10103,4/10/2022 8:41:32 AM,-1.55
10103,4/10/2022 8:41:36 AM,-1.99
10103,4/10/2022 8:41:40 AM,-1.99
10103,4/10/2022 8:41:44 AM,-1.99
10103,4/10/2022 8:41:48 AM,-0.64
10103,4/10/2022 8:41:52 AM,-1.07
10103,4/10/2022 8:41:56 AM,-1.55
10103,4/10/2022 8:42:00 AM,-1.31
10103,4/10/2022 8:42:04 AM,-1.13
10103,4/10/2022 8:42:08 AM,-1.42
10103,4/10/2022 8:42:12 AM,-1.99
10103,4/10/2022 8:42:16 AM,-2.46
10103,4/10/2022 8:42:20 AM,-1.55
10103,4/10/2022 8:42:24 AM,-1.31
10103,4/10/2022 8:42:28 AM,-1.78
10103,4/10/2022 8:42:32 AM,-1.76
10103,4/10/2022 8:42:36 AM,-1.99
10103,4/10/2022 8:42:40 AM,-1.31
10103,4/10/2022 8:42:44 AM,-1.31
10103,4/10/2022 8:42:48 AM,-1.99
10103,4/10/2022 8:42:52 AM,-1.31
10103,4/10/2022 8:42:56 AM,-1.76
10103,4/10/2022 8:43:00 AM,-1.32
10103,4/10/2022 8:43:04 AM,-1.99
10103,4/10/2022 8:43:08 AM,-1.55
10103,4/10/2022 8:43:12 AM,-1.31
10103,4/10/2022 8:43:16 AM,-1.31
10103,4/10/2022 8:43:20 AM,-1.76
10103,4/10/2022 8:43:24 AM,-1.32
10103,4/10/2022 8:43:28 AM,-1.78
10103,4/10/2022 8:43:32 AM,-1.76
10103,4/10/2022 8:43:36 AM,-1.99
10103,4/10/2022 8:43:40 AM,-2.46
10103,4/10/2022 8:43:44 AM,-1.55
10103,4/10/2022 8:43:48 AM,-1.31
10103,4/10/2022 8:43:52 AM,-1.78
10103,4/10/2022 8:43:56 AM,-1.31
10103,4/10/2022 8:44:00 AM,-1.31
10103,4/10/2022 8:44:04 AM,-1.31
10103,4/10/2022 8:44:08 AM,-1.31
10103,4/10/2022 8:44:12 AM,-1.98
10103,4/10/2022 8:44:16 AM,-1.53
10103,4/10/2022 8:44:20 AM,-1.55
10103,4/10/2022 8:44:24 AM,-1.31
10103,4/10/2022 8:44:28 AM,-1.53
10103,4/10/2022 8:44:32 AM,-1.55
10103,4/10/2022 8:44:36 AM,-1.99
10103,4/10/2022 8:44:40 AM,-1.53
10103,4/10/2022 8:44:44 AM,-1.10
10103,4/10/2022 8:44:48 AM,-0.62
10103,4/10/2022 8:44:52 AM,-1.99
10103,4/10/2022 8:44:56 AM,-1.99
10103,4/10/2022 8:45:00 AM,-0.64
10103,4/10/2022 8:45:04 AM,-1.99
10103,4/10/2022 8:45:08 AM,-1.55
10103,4/10/2022 8:45:12 AM,-2.66
10103,4/10/2022 8:45:16 AM,-1.31
10103,4/10/2022 8:45:20 AM,-0.86
10103,4/10/2022 8:45:24 AM,-1.30
10103,4/10/2022 8:45:28 AM,-1.78
10103,4/10/2022 8:45:32 AM,-1.31
10103,4/10/2022 8:45:36 AM,-1.99
10103,4/10/2022 8:45:40 AM,-1.31
10103,4/10/2022 8:45:44 AM,-1.31
10103,4/10/2022 8:45:48 AM,-1.98
10103,4/10/2022 8:45:52 AM,-1.31
10103,4/10/2022 8:45:56 AM,-1.31
10103,4/10/2022 8:46:00 AM,-1.31
10103,4/10/2022 8:46:04 AM,-1.76
10103,4/10/2022 8:46:08 AM,-2.28
10103,4/10/2022 8:46:12 AM,-1.99
10103,4/10/2022 8:46:16 AM,-1.53
10103,4/10/2022 8:46:20 AM,-1.54
10103,4/10/2022 8:46:24 AM,-1.99
10103,4/10/2022 8:46:28 AM,-1.31
10103,4/10/2022 8:46:32 AM,-1.76
10103,4/10/2022 8:46:36 AM,-1.99
10103,4/10/2022 8:46:40 AM,-1.31
10103,4/10/2022 8:46:44 AM,-1.31
10103,4/10/2022 8:46:48 AM,-1.99
10103,4/10/2022 8:46:52 AM,-1.31
10103,4/10/2022 8:46:56 AM,-1.76
10103,4/10/2022 8:47:00 AM,-1.99
10103,4/10/2022 8:47:04 AM,-1.75
10103,4/10/2022 8:47:08 AM,-1.78
10103,4/10/2022 8:47:12 AM,-2.66
10103,4/10/2022 8:47:16 AM,-1.31
10103,4/10/2022 8:47:20 AM,-1.31
10103,4/10/2022 8:47:24 AM,-1.99
10103,4/10/2022 8:47:28 AM,-1.53
10103,4/10/2022 8:47:32 AM,-2.44
10103,4/10/2022 8:47:36 AM,-1.32
10103,4/10/2022 8:47:40 AM,-1.53
10103,4/10/2022 8:47:44 AM,-1.54
10103,4/10/2022 8:47:48 AM,-0.63
10103,4/10/2022 8:47:52 AM,-1.77
10103,4/10/2022 8:47:56 AM,-1.31
10103,4/10/2022 8:48:00 AM,-1.31
10103,4/10/2022 8:48:04 AM,-1.31
10103,4/10/2022 8:48:08 AM,-1.71
10103,4/10/2022 8:48:12 AM,-1.99
10103,4/10/2022 8:48:16 AM,-1.06
10103,4/10/2022 8:48:20 AM,-1.10
10103,4/10/2022 8:48:24 AM,-1.30
10103,4/10/2022 8:48:28 AM,-1.99
10103,4/10/2022 8:48:32 AM,-1.99
10103,4/10/2022 8:48:36 AM,-2.68
10103,4/10/2022 8:48:40 AM,-1.07
10103,4/10/2022 8:48:44 AM,-1.99
10103,4/10/2022 8:48:48 AM,-1.31
10103,4/10/2022 8:48:52 AM,-1.77
10103,4/10/2022 8:48:56 AM,-1.31
10103,4/10/2022 8:49:00 AM,-1.31
10103,4/10/2022 8:49:04 AM,-1.31
10103,4/10/2022 8:49:08 AM,-1.31
10103,4/10/2022 8:49:12 AM,-1.99
10103,4/10/2022 8:49:16 AM,-1.31
10103,4/10/2022 8:49:20 AM,-1.31
10103,4/10/2022 8:49:24 AM,-1.99
10103,4/10/2022 8:49:28 AM,-1.99
10103,4/10/2022 8:49:32 AM,-1.99
10103,4/10/2022 8:49:36 AM,-1.99
10103,4/10/2022 8:49:40 AM,-1.31
10103,4/10/2022 8:49:44 AM,-0.86
10103,4/10/2022 8:49:48 AM,-1.99
10103,4/10/2022 8:49:52 AM,-2.23
10103,4/10/2022 8:49:56 AM,-2.21
10103,4/10/2022 8:50:00 AM,-2.00
10103,4/10/2022 8:50:04 AM,-1.77
10103,4/10/2022 8:50:08 AM,-2.21
10103,4/10/2022 8:50:12 AM,-1.32
10103,4/10/2022 8:50:16 AM,-1.77
10103,4/10/2022 8:50:20 AM,-1.73
10103,4/10/2022 8:50:24 AM,-1.99
10103,4/10/2022 8:50:28 AM,-2.21
10103,4/10/2022 8:50:32 AM,-1.78
10103,4/10/2022 8:50:36 AM,-1.99
10103,4/10/2022 8:50:40 AM,-1.99
10103,4/10/2022 8:50:44 AM,-1.55
10103,4/10/2022 8:50:48 AM,-1.31
10103,4/10/2022 8:50:52 AM,-1.53
10103,4/10/2022 8:50:56 AM,-1.55
10103,4/10/2022 8:51:00 AM,-1.99
10103,4/10/2022 8:51:04 AM,-1.29
10103,4/10/2022 8:51:08 AM,-2.23
10103,4/10/2022 8:51:12 AM,-1.32
10103,4/10/2022 8:51:16 AM,-1.77
10103,4/10/2022 8:51:20 AM,-1.31
10103,4/10/2022 8:51:24 AM,-0.63
10103,4/10/2022 8:51:28 AM,-1.31
10103,4/10/2022 8:51:32 AM,-1.31
10103,4/10/2022 8:51:36 AM,-1.99
10103,4/10/2022 8:51:40 AM,-1.77
10103,4/10/2022 8:51:44 AM,-1.76
10103,4/10/2022 8:51:48 AM,-1.99
10103,4/10/2022 8:51:52 AM,-1.75
10103,4/10/2022 8:51:56 AM,-1.79
10103,4/10/2022 8:52:00 AM,-1.99
10103,4/10/2022 8:52:04 AM,-1.31
10103,4/10/2022 8:52:08 AM,-1.76
10103,4/10/2022 8:52:12 AM,-1.32
10103,4/10/2022 8:52:16 AM,-1.31
10103,4/10/2022 8:52:20 AM,-1.76
10103,4/10/2022 8:52:24 AM,-1.31
10103,4/10/2022 8:52:28 AM,-1.77
10103,4/10/2022 8:52:32 AM,-1.31
10103,4/10/2022 8:52:36 AM,-1.99
10103,4/10/2022 8:52:40 AM,-1.77
10103,4/10/2022 8:52:44 AM,-2.21
10103,4/10/2022 8:52:48 AM,-2.00
10103,4/10/2022 8:52:52 AM,-1.31
10103,4/10/2022 8:52:56 AM,-1.31
10103,4/10/2022 8:53:00 AM,-1.31
10103,4/10/2022 8:53:04 AM,-1.09
10103,4/10/2022 8:53:08 AM,-1.52
10103,4/10/2022 8:53:12 AM,-1.32
10103,4/10/2022 8:53:16 AM,-1.99
10103,4/10/2022 8:53:20 AM,-2.44
10103,4/10/2022 8:53:24 AM,-1.32
10103,4/10/2022 8:53:28 AM,-1.78
10103,4/10/2022 8:53:32 AM,-2.20
10103,4/10/2022 8:53:36 AM,-1.32
10103,4/10/2022 8:53:40 AM,-1.53
10103,4/10/2022 8:53:44 AM,-1.54
10103,4/10/2022 8:53:48 AM,-1.31
10103,4/10/2022 8:53:52 AM,-1.31
10103,4/10/2022 8:53:56 AM,-1.76
10103,4/10/2022 8:54:00 AM,-0.64
10103,4/10/2022 8:54:04 AM,-1.53
10103,4/10/2022 8:54:08 AM,-2.44
10103,4/10/2022 8:54:12 AM,-2.68
10103,4/10/2022 8:54:16 AM,-1.77
10103,4/10/2022 8:54:20 AM,-1.76
10103,4/10/2022 8:54:24 AM,-1.31
10103,4/10/2022 8:54:28 AM,-2.68
10103,4/10/2022 8:54:32 AM,-1.78
10103,4/10/2022 8:54:36 AM,-1.99
10103,4/10/2022 8:54:40 AM,-2.46
10103,4/10/2022 8:54:44 AM,-2.44
10103,4/10/2022 8:54:48 AM,-1.32
10103,4/10/2022 8:54:52 AM,-1.53
10103,4/10/2022 8:54:56 AM,-2.44
10103,4/10/2022 8:55:00 AM,-2.00
10103,4/10/2022 8:55:04 AM,-0.85
10103,4/10/2022 8:55:08 AM,-1.76
10103,4/10/2022 8:55:12 AM,-1.99
10103,4/10/2022 8:55:16 AM,-1.31
10103,4/10/2022 8:55:20 AM,-1.31
10103,4/10/2022 8:55:24 AM,-2.67
10103,4/10/2022 8:55:28 AM,-1.78
10103,4/10/2022 8:55:32 AM,-1.76
10103,4/10/2022 8:55:36 AM,-1.99
10103,4/10/2022 8:55:40 AM,-2.24
10103,4/10/2022 8:55:44 AM,-2.21
10103,4/10/2022 8:55:48 AM,-2.00
10103,4/10/2022 8:55:52 AM,-1.31
10103,4/10/2022 8:55:56 AM,-1.76
10103,4/10/2022 8:56:00 AM,-1.99
10103,4/10/2022 8:56:04 AM,-1.77
10103,4/10/2022 8:56:08 AM,-1.76
10103,4/10/2022 8:56:12 AM,-2.58
10103,4/10/2022 8:56:16 AM,-1.31
10103,4/10/2022 8:56:20 AM,-1.31
10103,4/10/2022 8:56:24 AM,-1.31
10103,4/10/2022 8:56:28 AM,-1.31
10103,4/10/2022 8:56:32 AM,-1.31
10103,4/10/2022 8:56:36 AM,-1.98
10103,4/10/2022 8:56:40 AM,-1.78
10103,4/10/2022 8:56:44 AM,-1.75
10103,4/10/2022 8:56:48 AM,-1.32
10103,4/10/2022 8:56:52 AM,-1.75
10103,4/10/2022 8:56:56 AM,-2.68
10103,4/10/2022 8:57:00 AM,-1.32
10103,4/10/2022 8:57:04 AM,-1.07
10103,4/10/2022 8:57:08 AM,-1.99
10103,4/10/2022 8:57:12 AM,-1.99
10103,4/10/2022 8:57:16 AM,-1.99
10103,4/10/2022 8:57:20 AM,-1.55
10103,4/10/2022 8:57:24 AM,-0.63
10103,4/10/2022 8:57:28 AM,-1.99
10103,4/10/2022 8:57:32 AM,-1.55
10103,4/10/2022 8:57:36 AM,-1.31
10103,4/10/2022 8:57:40 AM,-1.31
10103,4/10/2022 8:57:44 AM,-1.31
10103,4/10/2022 8:57:48 AM,-1.99
10103,4/10/2022 8:57:52 AM,-1.53
10103,4/10/2022 8:57:56 AM,-1.99
10103,4/10/2022 8:58:00 AM,-1.99
10103,4/10/2022 8:58:04 AM,-2.46
10103,4/10/2022 8:58:08 AM,-1.54
10103,4/10/2022 8:58:12 AM,-1.99
10103,4/10/2022 8:58:16 AM,-1.31
10103,4/10/2022 8:58:20 AM,-1.76
10103,4/10/2022 8:58:24 AM,-1.31
10103,4/10/2022 8:58:28 AM,-1.09
10103,4/10/2022 8:58:32 AM,-1.98
10103,4/10/2022 8:58:36 AM,-1.32
10103,4/10/2022 8:58:40 AM,-1.53
10103,4/10/2022 8:58:44 AM,-1.55
10103,4/10/2022 8:58:48 AM,-1.99
10103,4/10/2022 8:58:52 AM,-1.31
10103,4/10/2022 8:58:56 AM,-1.31
10103,4/10/2022 8:59:00 AM,-1.31
10103,4/10/2022 8:59:04 AM,-1.53
10103,4/10/2022 8:59:08 AM,-1.54
10103,4/10/2022 8:59:12 AM,-1.31
10103,4/10/2022 8:59:16 AM,-1.99
10103,4/10/2022 8:59:20 AM,-1.54
10103,4/10/2022 8:59:24 AM,-1.31
10103,4/10/2022 8:59:28 AM,-1.99
10103,4/10/2022 8:59:32 AM,-1.54
10103,4/10/2022 8:59:36 AM,-1.99
10103,4/10/2022 8:59:40 AM,-1.99
10103,4/10/2022 8:59:44 AM,-1.99
10103,4/10/2022 8:59:48 AM,-1.31
10103,4/10/2022 8:59:52 AM,-1.09
10103,4/10/2022 8:59:56 AM,-1.07
10103,4/10/2022 9:00:00 AM,-1.99
10103,4/10/2022 9:00:04 AM,-1.99
10103,4/10/2022 9:00:08 AM,-1.54
10103,4/10/2022 9:00:12 AM,-1.31
10103,4/10/2022 9:00:16 AM,-2.16
10103,4/10/2022 9:00:20 AM,-1.78
10103,4/10/2022 9:00:24 AM,-1.31
10103,4/10/2022 9:00:28 AM,-1.51
10103,4/10/2022 9:00:32 AM,-1.58
10103,4/10/2022 9:00:36 AM,-1.31
10103,4/10/2022 9:00:40 AM,-2.21
10103,4/10/2022 9:00:44 AM,-1.33
10103,4/10/2022 9:00:48 AM,-1.99
10103,4/10/2022 9:00:52 AM,-1.31
10103,4/10/2022 9:00:56 AM,-2.21
10103,4/10/2022 9:01:00 AM,-2.00
10103,4/10/2022 9:01:04 AM,-1.31
10103,4/10/2022 9:01:08 AM,-1.31
10103,4/10/2022 9:01:12 AM,-2.66
10103,4/10/2022 9:01:16 AM,-2.23
10103,4/10/2022 9:01:20 AM,-0.41
10103,4/10/2022 9:01:24 AM,-1.30
10103,4/10/2022 9:01:28 AM,-1.74
10103,4/10/2022 9:01:32 AM,-1.78
10103,4/10/2022 9:01:36 AM,-1.31
10103,4/10/2022 9:01:40 AM,-1.77
10103,4/10/2022 9:01:44 AM,-1.31
10103,4/10/2022 9:01:48 AM,-0.63
10103,4/10/2022 9:01:52 AM,-1.31
10103,4/10/2022 9:01:56 AM,-1.31
10103,4/10/2022 9:02:00 AM,-0.63
10103,4/10/2022 9:02:04 AM,-1.09
10103,4/10/2022 9:02:08 AM,-0.62
10103,4/10/2022 9:02:12 AM,-1.30
10103,4/10/2022 9:02:16 AM,-1.55
10103,4/10/2022 9:02:20 AM,-1.52
10103,4/10/2022 9:02:24 AM,-1.31
10103,4/10/2022 9:02:28 AM,-1.99
10103,4/10/2022 9:02:32 AM,-1.99
10103,4/10/2022 9:02:36 AM,-1.31
10103,4/10/2022 9:02:40 AM,-1.31
10103,4/10/2022 9:02:44 AM,-1.31
10103,4/10/2022 9:02:48 AM,-1.99
10103,4/10/2022 9:02:52 AM,-1.31
10103,4/10/2022 9:02:56 AM,-1.31
10103,4/10/2022 9:03:00 AM,-1.99
10103,4/10/2022 9:03:04 AM,-1.99
10103,4/10/2022 9:03:08 AM,-1.99
10103,4/10/2022 9:03:12 AM,-1.32
10103,4/10/2022 9:03:16 AM,-1.09
10103,4/10/2022 9:03:20 AM,-1.52
10103,4/10/2022 9:03:24 AM,-1.31
10103,4/10/2022 9:03:28 AM,-1.53
10103,4/10/2022 9:03:32 AM,-1.55
10103,4/10/2022 9:03:36 AM,-1.31
10103,4/10/2022 9:03:40 AM,-1.99
10103,4/10/2022 9:03:44 AM,-1.55
10103,4/10/2022 9:03:48 AM,-1.31
10103,4/10/2022 9:03:52 AM,-1.31
10103,4/10/2022 9:03:56 AM,-1.31
10103,4/10/2022 9:04:00 AM,-1.99
10103,4/10/2022 9:04:04 AM,-2.22
10103,4/10/2022 9:04:08 AM,-1.33
10103,4/10/2022 9:04:12 AM,-1.93
10103,4/10/2022 9:04:16 AM,-1.55
10103,4/10/2022 9:04:20 AM,-1.52
10103,4/10/2022 9:04:24 AM,-1.99
10103,4/10/2022 9:04:28 AM,-1.53
10103,4/10/2022 9:04:32 AM,-1.54
10103,4/10/2022 9:04:36 AM,-1.31
10103,4/10/2022 9:04:40 AM,-1.31
10103,4/10/2022 9:04:44 AM,-1.31
10103,4/10/2022 9:04:48 AM,-2.67
10103,4/10/2022 9:04:52 AM,-1.53
10103,4/10/2022 9:04:56 AM,-1.99
10103,4/10/2022 9:05:00 AM,-1.32
10103,4/10/2022 9:05:04 AM,-1.77
10103,4/10/2022 9:05:08 AM,-1.31
10103,4/10/2022 9:05:12 AM,-1.31
10103,4/10/2022 9:05:16 AM,-2.22
10103,4/10/2022 9:05:20 AM,-2.23
10103,4/10/2022 9:05:24 AM,-2.67
10103,4/10/2022 9:05:28 AM,-1.53
10103,4/10/2022 9:05:32 AM,-1.10
10103,4/10/2022 9:05:36 AM,-1.98
10103,4/10/2022 9:05:40 AM,-2.21
10103,4/10/2022 9:05:44 AM,-2.23
10103,4/10/2022 9:05:48 AM,-1.99
10103,4/10/2022 9:05:52 AM,-1.77
10103,4/10/2022 9:05:56 AM,-1.76
10103,4/10/2022 9:06:00 AM,-1.99
10103,4/10/2022 9:06:04 AM,-1.31
10103,4/10/2022 9:06:08 AM,-1.31
10103,4/10/2022 9:06:12 AM,-1.98
10103,4/10/2022 9:06:16 AM,-2.18
10103,4/10/2022 9:06:20 AM,-2.29
10103,4/10/2022 9:06:24 AM,-2.67
10103,4/10/2022 9:06:28 AM,-2.46
10103,4/10/2022 9:06:32 AM,-1.99
10103,4/10/2022 9:06:36 AM,-1.99
10103,4/10/2022 9:06:40 AM,-1.99
10103,4/10/2022 9:06:44 AM,-1.55
10103,4/10/2022 9:06:48 AM,-1.31
10103,4/10/2022 9:06:52 AM,-1.31
10103,4/10/2022 9:06:56 AM,-1.75
10103,4/10/2022 9:07:00 AM,-1.99
10103,4/10/2022 9:07:04 AM,-1.78
10103,4/10/2022 9:07:08 AM,-1.75
10103,4/10/2022 9:07:12 AM,-1.32
10103,4/10/2022 9:07:16 AM,-1.53
10103,4/10/2022 9:07:20 AM,-1.55
10103,4/10/2022 9:07:24 AM,-0.63
10103,4/10/2022 9:07:28 AM,-1.53
10103,4/10/2022 9:07:32 AM,-1.55
10103,4/10/2022 9:07:36 AM,-1.31
10103,4/10/2022 9:07:40 AM,-1.53
10103,4/10/2022 9:07:44 AM,-2.44
10103,4/10/2022 9:07:48 AM,-2.00
10103,4/10/2022 9:07:52 AM,-1.77
10103,4/10/2022 9:07:56 AM,-1.31
10103,4/10/2022 9:08:00 AM,-1.31
10103,4/10/2022 9:08:04 AM,-2.21
10103,4/10/2022 9:08:08 AM,-2.68
10103,4/10/2022 9:08:12 AM,-2.00
10103,4/10/2022 9:08:16 AM,-1.67
10103,4/10/2022 9:08:20 AM,-1.91
10103,4/10/2022 9:08:24 AM,-1.99
10103,4/10/2022 9:08:28 AM,-1.31
10103,4/10/2022 9:08:32 AM,-1.31
10103,4/10/2022 9:08:36 AM,-1.31
10103,4/10/2022 9:08:40 AM,-1.31
10103,4/10/2022 9:08:44 AM,-1.31
10103,4/10/2022 9:08:48 AM,-1.31
10103,4/10/2022 9:08:52 AM,-1.77
10103,4/10/2022 9:08:56 AM,-1.31
10103,4/10/2022 9:09:00 AM,-1.31
10103,4/10/2022 9:09:04 AM,-1.99
10103,4/10/2022 9:09:08 AM,-1.55
10103,4/10/2022 9:09:12 AM,-1.98
10103,4/10/2022 9:09:16 AM,-1.53
10103,4/10/2022 9:09:20 AM,-1.99
10103,4/10/2022 9:09:24 AM,-1.32
10103,4/10/2022 9:09:28 AM,-1.78
10103,4/10/2022 9:09:32 AM,-0.86
10103,4/10/2022 9:09:36 AM,-2.65
10103,4/10/2022 9:09:40 AM,-1.99
10103,4/10/2022 9:09:44 AM,-1.55
10103,4/10/2022 9:09:48 AM,-1.99
10103,4/10/2022 9:09:52 AM,-1.31
10103,4/10/2022 9:09:56 AM,-1.75
10103,4/10/2022 9:10:00 AM,-1.32
10103,4/10/2022 9:10:04 AM,-1.77
10103,4/10/2022 9:10:08 AM,-1.76
10103,4/10/2022 9:10:12 AM,-1.32
10103,4/10/2022 9:10:16 AM,-1.77
10103,4/10/2022 9:10:20 AM,-1.31
10103,4/10/2022 9:10:24 AM,-1.92
10103,4/10/2022 9:10:28 AM,-1.06
10103,4/10/2022 9:10:32 AM,-1.55
10103,4/10/2022 9:10:36 AM,-1.31
10103,4/10/2022 9:10:40 AM,-1.53
10103,4/10/2022 9:10:44 AM,-1.99
10103,4/10/2022 9:10:48 AM,-1.32
10103,4/10/2022 9:10:52 AM,-1.55
10103,4/10/2022 9:10:56 AM,-0.62
10103,4/10/2022 9:11:00 AM,-1.31
10103,4/10/2022 9:11:04 AM,-2.22
10103,4/10/2022 9:11:08 AM,-1.33
10103,4/10/2022 9:11:12 AM,-1.30
10103,4/10/2022 9:11:16 AM,-2.01
10103,4/10/2022 9:11:20 AM,-1.08
10103,4/10/2022 9:11:24 AM,-1.31
10103,4/10/2022 9:11:28 AM,-2.68
10103,4/10/2022 9:11:32 AM,-1.78
10103,4/10/2022 9:11:36 AM,-2.67
10103,4/10/2022 9:11:40 AM,-1.31
10103,4/10/2022 9:11:44 AM,-1.31
10103,4/10/2022 9:11:48 AM,-1.99
10103,4/10/2022 9:11:52 AM,-1.77
10103,4/10/2022 9:11:56 AM,-1.31
10103,4/10/2022 9:12:00 AM,-1.31
10103,4/10/2022 9:12:04 AM,-1.31
10103,4/10/2022 9:12:08 AM,-1.76
10103,4/10/2022 9:12:12 AM,-2.67
10103,4/10/2022 9:12:16 AM,-1.31
10103,4/10/2022 9:12:20 AM,-1.31
10103,4/10/2022 9:12:24 AM,-1.31
10103,4/10/2022 9:12:28 AM,-1.29
10103,4/10/2022 9:12:32 AM,-2.23
10103,4/10/2022 9:12:36 AM,-1.99
10103,4/10/2022 9:12:40 AM,-1.31
10103,4/10/2022 9:12:44 AM,-1.31
10103,4/10/2022 9:12:48 AM,-1.31
10103,4/10/2022 9:12:52 AM,-1.99
10103,4/10/2022 9:12:56 AM,-1.55
10103,4/10/2022 9:13:00 AM,-1.31
10103,4/10/2022 9:13:04 AM,-1.77
10103,4/10/2022 9:13:08 AM,-2.21
10103,4/10/2022 9:13:12 AM,-0.65
10103,4/10/2022 9:13:16 AM,-1.09
10103,4/10/2022 9:13:20 AM,-1.08
10103,4/10/2022 9:13:24 AM,-1.99
10103,4/10/2022 9:13:28 AM,-1.99
10103,4/10/2022 9:13:32 AM,-1.54
10103,4/10/2022 9:13:36 AM,-1.31
10103,4/10/2022 9:13:40 AM,-1.99
10103,4/10/2022 9:13:44 AM,-1.54
10103,4/10/2022 9:13:48 AM,-1.31
10103,4/10/2022 9:13:52 AM,-1.31
10103,4/10/2022 9:13:56 AM,-0.86
10103,4/10/2022 9:14:00 AM,-1.99
10103,4/10/2022 9:14:04 AM,-1.77
10103,4/10/2022 9:14:08 AM,-1.76
10103,4/10/2022 9:14:12 AM,-1.99
10103,4/10/2022 9:14:16 AM,-1.53
10103,4/10/2022 9:14:20 AM,-1.54
10103,4/10/2022 9:14:24 AM,-1.31
10103,4/10/2022 9:14:28 AM,-1.77
10103,4/10/2022 9:14:32 AM,-1.76
10103,4/10/2022 9:14:36 AM,-1.31
10103,4/10/2022 9:14:40 AM,-1.77
10103,4/10/2022 9:14:44 AM,-1.76
10103,4/10/2022 9:14:48 AM,-1.31
10103,4/10/2022 9:14:52 AM,-1.31
10103,4/10/2022 9:14:56 AM,-1.76
10103,4/10/2022 9:15:00 AM,-1.99
10103,4/10/2022 9:15:04 AM,-1.99
10103,4/10/2022 9:15:08 AM,-1.99
10103,4/10/2022 9:15:12 AM,-1.32
10103,4/10/2022 9:15:16 AM,-2.22
10103,4/10/2022 9:15:20 AM,-1.78
10103,4/10/2022 9:15:24 AM,-1.31
10103,4/10/2022 9:15:28 AM,-1.99
10103,4/10/2022 9:15:32 AM,-1.54
10103,4/10/2022 9:15:36 AM,-2.67
10103,4/10/2022 9:15:40 AM,-1.53
10103,4/10/2022 9:15:44 AM,-1.99
10103,4/10/2022 9:15:48 AM,-1.99
10103,4/10/2022 9:15:52 AM,-1.31
10103,4/10/2022 9:15:56 AM,-1.31
10103,4/10/2022 9:16:00 AM,-1.31
10103,4/10/2022 9:16:04 AM,-2.68
10103,4/10/2022 9:16:08 AM,-2.23
10103,4/10/2022 9:16:12 AM,-2.67
10103,4/10/2022 9:16:16 AM,-1.53
10103,4/10/2022 9:16:20 AM,-1.55
10103,4/10/2022 9:16:24 AM,-1.99
10103,4/10/2022 9:16:28 AM,-1.19
10103,4/10/2022 9:16:32 AM,-1.07
10103,4/10/2022 9:16:36 AM,-1.31
10103,4/10/2022 9:16:40 AM,-1.99
10103,4/10/2022 9:16:44 AM,-1.55
10103,4/10/2022 9:16:48 AM,-1.99
10103,4/10/2022 9:16:52 AM,-1.53
10103,4/10/2022 9:16:56 AM,-1.99
10103,4/10/2022 9:17:00 AM,-2.67
10103,4/10/2022 9:17:04 AM,-1.07
10103,4/10/2022 9:17:08 AM,-1.99
10103,4/10/2022 9:17:12 AM,-1.32
10103,4/10/2022 9:17:16 AM,-1.55
10103,4/10/2022 9:17:20 AM,-1.97
10103,4/10/2022 9:17:24 AM,-2.68
10103,4/10/2022 9:17:28 AM,-1.09
10103,4/10/2022 9:17:32 AM,-1.07
10103,4/10/2022 9:17:36 AM,-1.31
10103,4/10/2022 9:17:40 AM,-2.46
10103,4/10/2022 9:17:44 AM,-1.99
10103,4/10/2022 9:17:48 AM,-1.99
10103,4/10/2022 9:17:52 AM,-1.09
10103,4/10/2022 9:17:56 AM,-1.52
10103,4/10/2022 9:18:00 AM,-1.31
10103,4/10/2022 9:18:04 AM,-2.24
10103,4/10/2022 9:18:08 AM,-1.31
10103,4/10/2022 9:18:12 AM,-1.31
10103,4/10/2022 9:18:16 AM,-0.85
10103,4/10/2022 9:18:20 AM,-2.21
10103,4/10/2022 9:18:24 AM,-2.00
10103,4/10/2022 9:18:28 AM,-1.28
10103,4/10/2022 9:18:32 AM,-1.78
10103,4/10/2022 9:18:36 AM,-1.31
10103,4/10/2022 9:18:40 AM,-1.99
10103,4/10/2022 9:18:44 AM,-1.54
10103,4/10/2022 9:18:48 AM,-1.31
10103,4/10/2022 9:18:52 AM,-1.31
10103,4/10/2022 9:18:56 AM,-1.31
10103,4/10/2022 9:19:00 AM,-2.67
10103,4/10/2022 9:19:04 AM,-1.31
10103,4/10/2022 9:19:08 AM,-1.31
10103,4/10/2022 9:19:12 AM,-2.66
10103,4/10/2022 9:19:16 AM,-1.53
10103,4/10/2022 9:19:20 AM,-1.99
10103,4/10/2022 9:19:24 AM,-1.32
10103,4/10/2022 9:19:28 AM,-1.78
10103,4/10/2022 9:19:32 AM,-1.31
10103,4/10/2022 9:19:36 AM,-0.63
10103,4/10/2022 9:19:40 AM,-2.21
10103,4/10/2022 9:19:44 AM,-2.23
10103,4/10/2022 9:19:48 AM,-1.99
10103,4/10/2022 9:19:52 AM,-1.53
10103,4/10/2022 9:19:56 AM,-1.55
10103,4/10/2022 9:20:00 AM,-1.99
10103,4/10/2022 9:20:04 AM,-1.31
10103,4/10/2022 9:20:08 AM,-2.21
10103,4/10/2022 9:20:12 AM,-1.33
10103,4/10/2022 9:20:16 AM,-1.53
10103,4/10/2022 9:20:20 AM,-1.55
10103,4/10/2022 9:20:24 AM,-1.99
10103,4/10/2022 9:20:28 AM,-1.62
10103,4/10/2022 9:20:32 AM,-1.43
10103,4/10/2022 9:20:36 AM,-1.99
10103,4/10/2022 9:20:40 AM,-1.99
10103,4/10/2022 9:20:44 AM,-1.55
10103,4/10/2022 9:20:48 AM,-2.67
10103,4/10/2022 9:20:52 AM,-1.53
10103,4/10/2022 9:20:56 AM,-1.10
10103,4/10/2022 9:21:00 AM,-1.30
10103,4/10/2022 9:21:04 AM,-2.21
10103,4/10/2022 9:21:08 AM,-2.23
10103,4/10/2022 9:21:12 AM,-1.32
10103,4/10/2022 9:21:16 AM,-1.31
10103,4/10/2022 9:21:20 AM,-1.31
10103,4/10/2022 9:21:24 AM,-1.31
10103,4/10/2022 9:21:28 AM,-1.78
10103,4/10/2022 9:21:32 AM,-1.31
10103,4/10/2022 9:21:36 AM,-1.99
10103,4/10/2022 9:21:40 AM,-2.21
10103,4/10/2022 9:21:44 AM,-2.23
10103,4/10/2022 9:21:48 AM,-1.99
10103,4/10/2022 9:21:52 AM,-1.53
10103,4/10/2022 9:21:56 AM,-1.55
10103,4/10/2022 9:22:00 AM,-1.31
10103,4/10/2022 9:22:04 AM,-1.99
10103,4/10/2022 9:22:08 AM,-1.99
10103,4/10/2022 9:22:12 AM,-1.32
10103,4/10/2022 9:22:16 AM,-1.99
10103,4/10/2022 9:22:20 AM,-1.55
10103,4/10/2022 9:22:24 AM,-1.99
10103,4/10/2022 9:22:28 AM,-2.02
10103,4/10/2022 9:22:32 AM,-1.07
10103,4/10/2022 9:22:36 AM,-1.31
10103,4/10/2022 9:22:40 AM,-1.53
10103,4/10/2022 9:22:44 AM,-1.55
10103,4/10/2022 9:22:48 AM,-1.31
10103,4/10/2022 9:22:52 AM,-1.77
10103,4/10/2022 9:22:56 AM,-1.76
10103,4/10/2022 9:23:00 AM,-1.32
10103,4/10/2022 9:23:04 AM,-1.31
10103,4/10/2022 9:23:08 AM,-1.31
10103,4/10/2022 9:23:12 AM,-1.31
10103,4/10/2022 9:23:16 AM,-1.31
10103,4/10/2022 9:23:20 AM,-1.31
10103,4/10/2022 9:23:24 AM,-1.31
10103,4/10/2022 9:23:28 AM,-1.53
10103,4/10/2022 9:23:32 AM,-1.55
10103,4/10/2022 9:23:36 AM,-1.31
10103,4/10/2022 9:23:40 AM,-2.21
10103,4/10/2022 9:23:44 AM,-2.23
10103,4/10/2022 9:23:48 AM,-1.31
10103,4/10/2022 9:23:52 AM,-1.75
10103,4/10/2022 9:23:56 AM,-2.23
10103,4/10/2022 9:24:00 AM,-0.64
10103,4/10/2022 9:24:04 AM,-1.53
10103,4/10/2022 9:24:08 AM,-1.99
10103,4/10/2022 9:24:12 AM,-1.32
10103,4/10/2022 9:24:16 AM,-1.99
10103,4/10/2022 9:24:20 AM,-1.55
10103,4/10/2022 9:24:24 AM,-1.31
10103,4/10/2022 9:24:28 AM,-1.99
10103,4/10/2022 9:24:32 AM,-2.45
10103,4/10/2022 9:24:36 AM,-2.00
10103,4/10/2022 9:24:40 AM,-1.53
10103,4/10/2022 9:24:44 AM,-1.54
10103,4/10/2022 9:24:48 AM,-2.67
10103,4/10/2022 9:24:52 AM,-1.77
10103,4/10/2022 9:24:56 AM,-1.31
10103,4/10/2022 9:25:00 AM,-1.99
10103,4/10/2022 9:25:04 AM,-1.07
10103,4/10/2022 9:25:08 AM,-1.99
10103,4/10/2022 9:25:12 AM,-1.32
10103,4/10/2022 9:25:16 AM,-1.99
10103,4/10/2022 9:25:20 AM,-1.54
10103,4/10/2022 9:25:24 AM,-2.67
10103,4/10/2022 9:25:28 AM,-1.77
10103,4/10/2022 9:25:32 AM,-1.76
10103,4/10/2022 9:25:36 AM,-1.31
10103,4/10/2022 9:25:40 AM,-1.31
10103,4/10/2022 9:25:44 AM,-1.76
10103,4/10/2022 9:25:48 AM,-2.67
10103,4/10/2022 9:25:52 AM,-1.99
10103,4/10/2022 9:25:56 AM,-1.99
10103,4/10/2022 9:26:00 AM,-0.63
10103,4/10/2022 9:26:04 AM,-2.23
10103,4/10/2022 9:26:08 AM,-1.31
10103,4/10/2022 9:26:12 AM,-1.31
10103,4/10/2022 9:26:16 AM,-1.53
10103,4/10/2022 9:26:20 AM,-1.99
10103,4/10/2022 9:26:24 AM,-1.99
10103,4/10/2022 9:26:28 AM,-1.31
10103,4/10/2022 9:26:32 AM,-1.31
10103,4/10/2022 9:26:36 AM,-1.31
10103,4/10/2022 9:26:40 AM,-1.52
10103,4/10/2022 9:26:44 AM,-1.56
10103,4/10/2022 9:26:48 AM,-1.31
10103,4/10/2022 9:26:52 AM,-2.22
10103,4/10/2022 9:26:56 AM,-2.23
10103,4/10/2022 9:27:00 AM,-1.32
10103,4/10/2022 9:27:04 AM,-2.46
10103,4/10/2022 9:27:08 AM,-1.99
10103,4/10/2022 9:27:12 AM,-1.99
10103,4/10/2022 9:27:16 AM,-1.77
10103,4/10/2022 9:27:20 AM,-1.31
10103,4/10/2022 9:27:24 AM,-1.99
10103,4/10/2022 9:27:28 AM,-1.77
10103,4/10/2022 9:27:32 AM,-1.76
10103,4/10/2022 9:27:36 AM,-1.99
10103,4/10/2022 9:27:40 AM,-2.24
10103,4/10/2022 9:27:44 AM,-1.76
10103,4/10/2022 9:27:48 AM,-1.99
10103,4/10/2022 9:27:52 AM,-1.07
10103,4/10/2022 9:27:56 AM,-1.55
10103,4/10/2022 9:28:00 AM,-1.31
10103,4/10/2022 9:28:04 AM,-1.31
10103,4/10/2022 9:28:08 AM,-1.76
10103,4/10/2022 9:28:12 AM,-1.32
10103,4/10/2022 9:28:16 AM,-1.99
10103,4/10/2022 9:28:20 AM,-1.99
10103,4/10/2022 9:28:24 AM,-1.31
10103,4/10/2022 9:28:28 AM,-1.77
10103,4/10/2022 9:28:32 AM,-1.76
10103,4/10/2022 9:28:36 AM,-1.31
10103,4/10/2022 9:28:40 AM,-1.77
10103,4/10/2022 9:28:44 AM,-1.76
10103,4/10/2022 9:28:48 AM,-1.31
10103,4/10/2022 9:28:52 AM,-1.53
10103,4/10/2022 9:28:56 AM,-1.55
10103,4/10/2022 9:29:00 AM,-1.99
10103,4/10/2022 9:29:04 AM,-0.85
10103,4/10/2022 9:29:08 AM,-1.31
10103,4/10/2022 9:29:12 AM,-1.31
10103,4/10/2022 9:29:16 AM,-2.22
10103,4/10/2022 9:29:20 AM,-1.78
10103,4/10/2022 9:29:24 AM,-1.99
10103,4/10/2022 9:29:28 AM,-1.99
10103,4/10/2022 9:29:32 AM,-2.44
10103,4/10/2022 9:29:36 AM,-2.00
10103,4/10/2022 9:29:40 AM,-1.31
10103,4/10/2022 9:29:44 AM,-1.31
10103,4/10/2022 9:29:48 AM,-2.67
10103,4/10/2022 9:29:52 AM,-1.78
10103,4/10/2022 9:29:56 AM,-2.18
10103,4/10/2022 9:30:00 AM,-1.32
10103,4/10/2022 9:30:04 AM,-1.99
10103,4/10/2022 9:30:08 AM,-1.54
10103,4/10/2022 9:30:12 AM,-2.66
10103,4/10/2022 9:30:16 AM,-1.31
10103,4/10/2022 9:30:20 AM,-1.76
10103,4/10/2022 9:30:24 AM,-1.99
10103,4/10/2022 9:30:28 AM,-1.31
10103,4/10/2022 9:30:32 AM,-1.31
10103,4/10/2022 9:30:36 AM,-1.31
10103,4/10/2022 9:30:40 AM,-1.99
10103,4/10/2022 9:30:44 AM,-1.10
10103,4/10/2022 9:30:48 AM,-1.30
10103,4/10/2022 9:30:52 AM,-1.99
10103,4/10/2022 9:30:56 AM,-1.55
10103,4/10/2022 9:31:00 AM,-1.31
10103,4/10/2022 9:31:04 AM,-1.31
10103,4/10/2022 9:31:08 AM,-1.31
10103,4/10/2022 9:31:12 AM,-1.31
10103,4/10/2022 9:31:16 AM,-1.75
10103,4/10/2022 9:31:20 AM,-1.78
10103,4/10/2022 9:31:24 AM,-1.31
10103,4/10/2022 9:31:28 AM,-1.53
10103,4/10/2022 9:31:32 AM,-1.99
10103,4/10/2022 9:31:36 AM,-1.99
10103,4/10/2022 9:31:40 AM,-1.99
10103,4/10/2022 9:31:44 AM,-1.99
10103,4/10/2022 9:31:48 AM,-1.31
10103,4/10/2022 9:31:52 AM,-1.31
10103,4/10/2022 9:31:56 AM,-0.86
10103,4/10/2022 9:32:00 AM,-0.62
10103,4/10/2022 9:32:04 AM,-1.07
10103,4/10/2022 9:32:08 AM,-1.54
10103,4/10/2022 9:32:12 AM,-1.98
10103,4/10/2022 9:32:16 AM,-2.68
10103,4/10/2022 9:32:20 AM,-2.68
10103,4/10/2022 9:32:24 AM,-1.32
10103,4/10/2022 9:32:28 AM,-1.53
10103,4/10/2022 9:32:32 AM,-1.10
10103,4/10/2022 9:32:36 AM,-1.30
10103,4/10/2022 9:32:40 AM,-1.99
10103,4/10/2022 9:32:44 AM,-1.55
10103,4/10/2022 9:32:48 AM,-2.66
10103,4/10/2022 9:32:52 AM,-1.31
10103,4/10/2022 9:32:56 AM,-1.31
10103,4/10/2022 9:33:00 AM,-1.99
10103,4/10/2022 9:33:04 AM,-2.21
10103,4/10/2022 9:33:08 AM,-2.68
10103,4/10/2022 9:33:12 AM,-3.35
10103,4/10/2022 9:33:16 AM,-2.68
10103,4/10/2022 9:33:20 AM,-2.68
10103,4/10/2022 9:33:24 AM,-2.00
10103,4/10/2022 9:33:28 AM,-1.74
10103,4/10/2022 9:33:32 AM,-1.78
10103,4/10/2022 9:33:36 AM,-1.31
10103,4/10/2022 9:33:40 AM,-1.99
10103,4/10/2022 9:33:44 AM,-2.44
10103,4/10/2022 9:33:48 AM,-2.00
10103,4/10/2022 9:33:52 AM,-1.99
10103,4/10/2022 9:33:56 AM,-1.99
10103,4/10/2022 9:34:00 AM,-1.32
10103,4/10/2022 9:34:04 AM,-1.77
10103,4/10/2022 9:34:08 AM,-1.31
10103,4/10/2022 9:34:12 AM,-1.31
10103,4/10/2022 9:34:16 AM,-1.31
10103,4/10/2022 9:34:20 AM,-1.31
10103,4/10/2022 9:34:24 AM,-1.99
10103,4/10/2022 9:34:28 AM,-1.56
10103,4/10/2022 9:34:32 AM,-1.07
10103,4/10/2022 9:34:36 AM,-0.63
10103,4/10/2022 9:34:40 AM,-1.99
10103,4/10/2022 9:34:44 AM,-1.55
10103,4/10/2022 9:34:48 AM,-1.99
10103,4/10/2022 9:34:52 AM,-1.99
10103,4/10/2022 9:34:56 AM,-1.99
10103,4/10/2022 9:35:00 AM,-1.32
10103,4/10/2022 9:35:04 AM,-1.56
10103,4/10/2022 9:35:08 AM,-1.07
10103,4/10/2022 9:35:12 AM,-2.65
10103,4/10/2022 9:35:16 AM,-1.83
10103,4/10/2022 9:35:20 AM,-1.31
10103,4/10/2022 9:35:24 AM,-1.99
10103,4/10/2022 9:35:28 AM,-1.31
10103,4/10/2022 9:35:32 AM,-1.76
10103,4/10/2022 9:35:36 AM,-2.67
10103,4/10/2022 9:35:40 AM,-1.77
10103,4/10/2022 9:35:44 AM,-1.76
10103,4/10/2022 9:35:48 AM,-1.99
10103,4/10/2022 9:35:52 AM,-2.21
10103,4/10/2022 9:35:56 AM,-1.79
10103,4/10/2022 9:36:00 AM,-0.64
10103,4/10/2022 9:36:04 AM,-1.99
10103,4/10/2022 9:36:08 AM,-2.44
10103,4/10/2022 9:36:12 AM,-2.00
10103,4/10/2022 9:36:16 AM,-1.53
10103,4/10/2022 9:36:20 AM,-1.55
10103,4/10/2022 9:36:24 AM,-1.99
10103,4/10/2022 9:36:28 AM,-1.31
10103,4/10/2022 9:36:32 AM,-1.76
10103,4/10/2022 9:36:36 AM,-1.32
10103,4/10/2022 9:36:40 AM,-1.99
10103,4/10/2022 9:36:44 AM,-1.59
10103,4/10/2022 9:36:48 AM,-1.99
10103,4/10/2022 9:36:52 AM,-0.84
10103,4/10/2022 9:36:56 AM,-1.74
10103,4/10/2022 9:37:00 AM,-1.32
10103,4/10/2022 9:37:04 AM,-2.21
10103,4/10/2022 9:37:08 AM,-1.78
10103,4/10/2022 9:37:12 AM,-1.99
10103,4/10/2022 9:37:16 AM,-1.31
10103,4/10/2022 9:37:20 AM,-1.76
10103,4/10/2022 9:37:24 AM,-1.99
10103,4/10/2022 9:37:28 AM,-1.99
10103,4/10/2022 9:37:32 AM,-1.99
10103,4/10/2022 9:37:36 AM,-1.99
10103,4/10/2022 9:37:40 AM,-1.31
10103,4/10/2022 9:37:44 AM,-1.76
10103,4/10/2022 9:37:48 AM,-1.31
10103,4/10/2022 9:37:52 AM,-1.53
10103,4/10/2022 9:37:56 AM,-1.55
10103,4/10/2022 9:38:00 AM,-1.31
10103,4/10/2022 9:38:04 AM,-2.24
10103,4/10/2022 9:38:08 AM,-1.31
10103,4/10/2022 9:38:12 AM,-1.98
10103,4/10/2022 9:38:16 AM,-1.53
10103,4/10/2022 9:38:20 AM,-1.55
10103,4/10/2022 9:38:24 AM,-2.67
10103,4/10/2022 9:38:28 AM,-1.99
10103,4/10/2022 9:38:32 AM,-1.99
10103,4/10/2022 9:38:36 AM,-1.99
10103,4/10/2022 9:38:40 AM,-1.53
10103,4/10/2022 9:38:44 AM,-1.99
10103,4/10/2022 9:38:48 AM,-1.99
10103,4/10/2022 9:38:52 AM,-1.99
10103,4/10/2022 9:38:56 AM,-1.55
10103,4/10/2022 9:39:00 AM,-1.31
10103,4/10/2022 9:39:04 AM,-2.46
10103,4/10/2022 9:39:08 AM,-1.99
10103,4/10/2022 9:39:12 AM,-1.99
10103,4/10/2022 9:39:16 AM,-2.24
10103,4/10/2022 9:39:20 AM,-1.31
10103,4/10/2022 9:39:24 AM,-1.99
10103,4/10/2022 9:39:28 AM,-1.31
10103,4/10/2022 9:39:32 AM,-1.76
10103,4/10/2022 9:39:36 AM,-1.99
10103,4/10/2022 9:39:40 AM,-1.53
10103,4/10/2022 9:39:44 AM,-1.99
10103,4/10/2022 9:39:48 AM,-1.32
10103,4/10/2022 9:39:52 AM,-1.77
10103,4/10/2022 9:39:56 AM,-1.75
10103,4/10/2022 9:40:00 AM,-1.32
10103,4/10/2022 9:40:04 AM,-1.78
10103,4/10/2022 9:40:08 AM,-1.76
10103,4/10/2022 9:40:12 AM,-1.32
10103,4/10/2022 9:40:16 AM,-1.77
10103,4/10/2022 9:40:20 AM,-2.20
10103,4/10/2022 9:40:24 AM,-1.32
10103,4/10/2022 9:40:28 AM,-1.53
10103,4/10/2022 9:40:32 AM,-2.44
10103,4/10/2022 9:40:36 AM,-1.32
10103,4/10/2022 9:40:40 AM,-1.99
10103,4/10/2022 9:40:44 AM,-1.99
10103,4/10/2022 9:40:48 AM,-1.99
10103,4/10/2022 9:40:52 AM,-1.77
10103,4/10/2022 9:40:56 AM,-2.21
10103,4/10/2022 9:41:00 AM,-2.00
10103,4/10/2022 9:41:04 AM,-2.68
10103,4/10/2022 9:41:08 AM,-2.23
10103,4/10/2022 9:41:12 AM,-2.67
10103,4/10/2022 9:41:16 AM,-1.30
10103,4/10/2022 9:41:20 AM,-2.68
10103,4/10/2022 9:41:24 AM,-1.32
10103,4/10/2022 9:41:28 AM,-1.28
10103,4/10/2022 9:41:32 AM,-1.78
10103,4/10/2022 9:41:36 AM,-1.99
10103,4/10/2022 9:41:40 AM,-2.46
10103,4/10/2022 9:41:44 AM,-1.99
10103,4/10/2022 9:41:48 AM,-1.99
10103,4/10/2022 9:41:52 AM,-1.99
10103,4/10/2022 9:41:56 AM,-1.99
10103,4/10/2022 9:42:00 AM,-1.99
10103,4/10/2022 9:42:04 AM,-2.22
10103,4/10/2022 9:42:08 AM,-2.23
10103,4/10/2022 9:42:12 AM,-2.67
10103,4/10/2022 9:42:16 AM,-1.75
10103,4/10/2022 9:42:20 AM,-2.68
10103,4/10/2022 9:42:24 AM,-1.32
10103,4/10/2022 9:42:28 AM,-2.46
10103,4/10/2022 9:42:32 AM,-2.45
10103,4/10/2022 9:42:36 AM,-0.64
10103,4/10/2022 9:42:40 AM,-1.99
10103,4/10/2022 9:42:44 AM,-1.99
10103,4/10/2022 9:42:48 AM,-1.99
10103,4/10/2022 9:42:52 AM,-2.46
10103,4/10/2022 9:42:56 AM,-1.55
10103,4/10/2022 9:43:00 AM,-1.31
10103,4/10/2022 9:43:04 AM,-2.22
10103,4/10/2022 9:43:08 AM,-1.78
10103,4/10/2022 9:43:12 AM,-2.66
10103,4/10/2022 9:43:16 AM,-1.53
10103,4/10/2022 9:43:20 AM,-1.99
10103,4/10/2022 9:43:24 AM,-1.99
10103,4/10/2022 9:43:28 AM,-1.77
10103,4/10/2022 9:43:32 AM,-1.76
10103,4/10/2022 9:43:36 AM,-0.63
10103,4/10/2022 9:43:40 AM,-1.99
10103,4/10/2022 9:43:44 AM,-1.54
10103,4/10/2022 9:43:48 AM,-1.31
10103,4/10/2022 9:43:52 AM,-1.99
10103,4/10/2022 9:43:56 AM,-1.99
10103,4/10/2022 9:44:00 AM,-1.31
10103,4/10/2022 9:44:04 AM,-1.53
10103,4/10/2022 9:44:08 AM,-1.99
10103,4/10/2022 9:44:12 AM,-2.67
10103,4/10/2022 9:44:16 AM,-1.99
10103,4/10/2022 9:44:20 AM,-1.54
10103,4/10/2022 9:44:24 AM,-1.99
10103,4/10/2022 9:44:28 AM,-1.53
10103,4/10/2022 9:44:32 AM,-1.99
10103,4/10/2022 9:44:36 AM,-1.99
10103,4/10/2022 9:44:40 AM,-1.31
10103,4/10/2022 9:44:44 AM,-1.31
10103,4/10/2022 9:44:48 AM,-1.31
10103,4/10/2022 9:44:52 AM,-1.77
10103,4/10/2022 9:44:56 AM,-1.31
10103,4/10/2022 9:45:00 AM,-1.99
10103,4/10/2022 9:45:04 AM,-1.99
10103,4/10/2022 9:45:08 AM,-1.55
10103,4/10/2022 9:45:12 AM,-1.31
10103,4/10/2022 9:45:16 AM,-2.35
10103,4/10/2022 9:45:20 AM,-1.76
10103,4/10/2022 9:45:24 AM,-1.99
10103,4/10/2022 9:45:28 AM,-1.52
10103,4/10/2022 9:45:32 AM,-1.99
10103,4/10/2022 9:45:36 AM,-1.32
10103,4/10/2022 9:45:40 AM,-1.53
10103,4/10/2022 9:45:44 AM,-1.99
10103,4/10/2022 9:45:48 AM,-1.99
10103,4/10/2022 9:45:52 AM,-2.21
10103,4/10/2022 9:45:56 AM,-1.79
10103,4/10/2022 9:46:00 AM,-1.99
10103,4/10/2022 9:46:04 AM,-1.07
10103,4/10/2022 9:46:08 AM,-1.54
10103,4/10/2022 9:46:12 AM,-1.31
10103,4/10/2022 9:46:16 AM,-1.31
10103,4/10/2022 9:46:20 AM,-1.76
10103,4/10/2022 9:46:24 AM,-2.67
10103,4/10/2022 9:46:28 AM,-1.77
10103,4/10/2022 9:46:32 AM,-1.76
10103,4/10/2022 9:46:36 AM,-1.99
10103,4/10/2022 9:46:40 AM,-1.99
10103,4/10/2022 9:46:44 AM,-2.44
10103,4/10/2022 9:46:48 AM,-2.00
10103,4/10/2022 9:46:52 AM,-0.95
10103,4/10/2022 9:46:56 AM,-1.55
10103,4/10/2022 9:47:00 AM,-0.63
10103,4/10/2022 9:47:04 AM,-1.99
10103,4/10/2022 9:47:08 AM,-1.55
10103,4/10/2022 9:47:12 AM,-2.66
10103,4/10/2022 9:47:16 AM,-1.99
10103,4/10/2022 9:47:20 AM,-1.54
10103,4/10/2022 9:47:24 AM,-1.99
10103,4/10/2022 9:47:28 AM,-1.78
10103,4/10/2022 9:47:32 AM,-1.31
10103,4/10/2022 9:47:36 AM,-1.99
10103,4/10/2022 9:47:40 AM,-2.70
10103,4/10/2022 9:47:44 AM,-1.31
10103,4/10/2022 9:47:48 AM,-2.67
10103,4/10/2022 9:47:52 AM,-1.75
10103,4/10/2022 9:47:56 AM,-2.23
10103,4/10/2022 9:48:00 AM,-1.99
10103,4/10/2022 9:48:04 AM,-1.99
10103,4/10/2022 9:48:08 AM,-1.55
10103,4/10/2022 9:48:12 AM,-1.98
10103,4/10/2022 9:48:16 AM,-1.31
10103,4/10/2022 9:48:20 AM,-1.76
10103,4/10/2022 9:48:24 AM,-1.32
10103,4/10/2022 9:48:28 AM,-1.99
10103,4/10/2022 9:48:32 AM,-1.99
10103,4/10/2022 9:48:36 AM,-1.99
10103,4/10/2022 9:48:40 AM,-1.99
10103,4/10/2022 9:48:44 AM,-1.99
10103,4/10/2022 9:48:48 AM,-2.67
10103,4/10/2022 9:48:52 AM,-1.77
10103,4/10/2022 9:48:56 AM,-1.76
10103,4/10/2022 9:49:00 AM,-1.99
10103,4/10/2022 9:49:04 AM,-1.53
10103,4/10/2022 9:49:08 AM,-1.99
10103,4/10/2022 9:49:12 AM,-1.99
10103,4/10/2022 9:49:16 AM,-0.85
10103,4/10/2022 9:49:20 AM,-1.76
10103,4/10/2022 9:49:24 AM,-1.99
10103,4/10/2022 9:49:28 AM,-1.99
10103,4/10/2022 9:49:32 AM,-1.99
10103,4/10/2022 9:49:36 AM,-1.99
10103,4/10/2022 9:49:40 AM,-1.77
10103,4/10/2022 9:49:44 AM,-2.20
10103,4/10/2022 9:49:48 AM,-2.00
10103,4/10/2022 9:49:52 AM,-1.06
10103,4/10/2022 9:49:56 AM,-1.55
10103,4/10/2022 9:50:00 AM,-1.31
10103,4/10/2022 9:50:04 AM,-1.99
10103,4/10/2022 9:50:08 AM,-1.55
10103,4/10/2022 9:50:12 AM,-0.63
10103,4/10/2022 9:50:16 AM,-1.53
10103,4/10/2022 9:50:20 AM,-1.55
10103,4/10/2022 9:50:24 AM,-1.99
10103,4/10/2022 9:50:28 AM,-2.46
10103,4/10/2022 9:50:32 AM,-1.99
10103,4/10/2022 9:50:36 AM,-1.99
10103,4/10/2022 9:50:40 AM,-2.43
10103,4/10/2022 9:50:44 AM,-2.47
10103,4/10/2022 9:50:48 AM,-1.99
10103,4/10/2022 9:50:52 AM,-1.75
10103,4/10/2022 9:50:56 AM,-1.79
10103,4/10/2022 9:51:00 AM,-1.99
10103,4/10/2022 9:51:04 AM,-1.78
10103,4/10/2022 9:51:08 AM,-1.31
10103,4/10/2022 9:51:12 AM,-1.31
10103,4/10/2022 9:51:16 AM,-1.31
10103,4/10/2022 9:51:20 AM,-1.76
10103,4/10/2022 9:51:24 AM,-1.31
10103,4/10/2022 9:51:28 AM,-1.99
10103,4/10/2022 9:51:32 AM,-1.99
10103,4/10/2022 9:51:36 AM,-1.99
10103,4/10/2022 9:51:40 AM,-1.77
10103,4/10/2022 9:51:44 AM,-1.31
10103,4/10/2022 9:51:48 AM,-1.31
10103,4/10/2022 9:51:52 AM,-1.31
10103,4/10/2022 9:51:56 AM,-1.31
10103,4/10/2022 9:52:00 AM,-1.99
10103,4/10/2022 9:52:04 AM,-1.53
10103,4/10/2022 9:52:08 AM,-1.09
10103,4/10/2022 9:52:12 AM,-1.88
10103,4/10/2022 9:52:16 AM,-1.31
10103,4/10/2022 9:52:20 AM,-1.31
10103,4/10/2022 9:52:24 AM,-1.99
10103,4/10/2022 9:52:28 AM,-1.99
10103,4/10/2022 9:52:32 AM,-1.99
10103,4/10/2022 9:52:36 AM,-1.99
10103,4/10/2022 9:52:40 AM,-1.53
10103,4/10/2022 9:52:44 AM,-1.55
10103,4/10/2022 9:52:48 AM,-1.99
10103,4/10/2022 9:52:52 AM,-1.77
10103,4/10/2022 9:52:56 AM,-1.31
10103,4/10/2022 9:53:00 AM,-1.31
10103,4/10/2022 9:53:04 AM,-1.99
10103,4/10/2022 9:53:08 AM,-1.99
10103,4/10/2022 9:53:12 AM,-1.99
10103,4/10/2022 9:53:16 AM,-1.31
10103,4/10/2022 9:53:20 AM,-2.21
10103,4/10/2022 9:53:24 AM,-1.32
10103,4/10/2022 9:53:28 AM,-0.84
10103,4/10/2022 9:53:32 AM,-2.21
10103,4/10/2022 9:53:36 AM,-2.00
10103,4/10/2022 9:53:40 AM,-1.77
10103,4/10/2022 9:53:44 AM,-1.76
10103,4/10/2022 9:53:48 AM,-1.31
10103,4/10/2022 9:53:52 AM,-1.75
10103,4/10/2022 9:53:56 AM,-2.23
10103,4/10/2022 9:54:00 AM,-1.31
10103,4/10/2022 9:54:04 AM,-1.31
10103,4/10/2022 9:54:08 AM,-1.31
10103,4/10/2022 9:54:12 AM,-1.99
10103,4/10/2022 9:54:16 AM,-1.79
10103,4/10/2022 9:54:20 AM,-1.74
10103,4/10/2022 9:54:24 AM,-1.31
10103,4/10/2022 9:54:28 AM,-1.99
10103,4/10/2022 9:54:32 AM,-1.99
10103,4/10/2022 9:54:36 AM,-1.99
10103,4/10/2022 9:54:40 AM,-1.77
10103,4/10/2022 9:54:44 AM,-1.31
10103,4/10/2022 9:54:48 AM,-1.31
10103,4/10/2022 9:54:52 AM,-1.09
10103,4/10/2022 9:54:56 AM,-1.07
10103,4/10/2022 9:55:00 AM,-1.31
10103,4/10/2022 9:55:04 AM,-2.24
10103,4/10/2022 9:55:08 AM,-1.76
10103,4/10/2022 9:55:12 AM,-1.99
10103,4/10/2022 9:55:16 AM,-2.52
10103,4/10/2022 9:55:20 AM,-1.54
10103,4/10/2022 9:55:24 AM,-2.67
10103,4/10/2022 9:55:28 AM,-1.99
10103,4/10/2022 9:55:32 AM,-1.54
10103,4/10/2022 9:55:36 AM,-2.67
10103,4/10/2022 9:55:40 AM,-1.75
10103,4/10/2022 9:55:44 AM,-2.23
10103,4/10/2022 9:55:48 AM,-1.99
10103,4/10/2022 9:55:52 AM,-1.77
10103,4/10/2022 9:55:56 AM,-1.31
10103,4/10/2022 9:56:00 AM,-1.99
10103,4/10/2022 9:56:04 AM,-1.77
10103,4/10/2022 9:56:08 AM,-1.76
10103,4/10/2022 9:56:12 AM,-1.32
10103,4/10/2022 9:56:16 AM,-1.53
10103,4/10/2022 9:56:20 AM,-1.55
10103,4/10/2022 9:56:24 AM,-2.67
10103,4/10/2022 9:56:28 AM,-1.53
10103,4/10/2022 9:56:32 AM,-1.99
10103,4/10/2022 9:56:36 AM,-1.31
10103,4/10/2022 9:56:40 AM,-1.53
10103,4/10/2022 9:56:44 AM,-2.44
10103,4/10/2022 9:56:48 AM,-1.32
10103,4/10/2022 9:56:52 AM,-1.77
10103,4/10/2022 9:56:56 AM,-1.31
10103,4/10/2022 9:57:00 AM,-1.31
10103,4/10/2022 9:57:04 AM,-2.46
10103,4/10/2022 9:57:08 AM,-2.44
10103,4/10/2022 9:57:12 AM,-1.33
10103,4/10/2022 9:57:16 AM,-2.24
10103,4/10/2022 9:57:20 AM,-1.76
10103,4/10/2022 9:57:24 AM,-1.32
10103,4/10/2022 9:57:28 AM,-1.31
10103,4/10/2022 9:57:32 AM,-1.76
10103,4/10/2022 9:57:36 AM,-1.31
10103,4/10/2022 9:57:40 AM,-1.53
10103,4/10/2022 9:57:44 AM,-2.44
10103,4/10/2022 9:57:48 AM,-2.68
10103,4/10/2022 9:57:52 AM,-2.24
10103,4/10/2022 9:57:56 AM,-1.76
10103,4/10/2022 9:58:00 AM,-1.99
10103,4/10/2022 9:58:04 AM,-1.53
10103,4/10/2022 9:58:08 AM,-1.55
10103,4/10/2022 9:58:12 AM,-2.66
10103,4/10/2022 9:58:16 AM,-2.31
10103,4/10/2022 9:58:20 AM,-1.31
10103,4/10/2022 9:58:24 AM,-1.98
10103,4/10/2022 9:58:28 AM,-1.53
10103,4/10/2022 9:58:32 AM,-1.55
10103,4/10/2022 9:58:36 AM,-1.99
10103,4/10/2022 9:58:40 AM,-2.71
10103,4/10/2022 9:58:44 AM,-1.76
10103,4/10/2022 9:58:48 AM,-1.99
10103,4/10/2022 9:58:52 AM,-1.99
10103,4/10/2022 9:58:56 AM,-1.99
10103,4/10/2022 9:59:00 AM,-1.32
10103,4/10/2022 9:59:04 AM,-2.92
10103,4/10/2022 9:59:08 AM,-2.44
10103,4/10/2022 9:59:12 AM,-2.00
10103,4/10/2022 9:59:16 AM,-1.53
10103,4/10/2022 9:59:20 AM,-1.54
10103,4/10/2022 9:59:24 AM,-1.31
10103,4/10/2022 9:59:28 AM,-1.99
10103,4/10/2022 9:59:32 AM,-1.55
10103,4/10/2022 9:59:36 AM,-1.99
10103,4/10/2022 9:59:40 AM,-1.99
10103,4/10/2022 9:59:44 AM,-1.55
10103,4/10/2022 9:59:48 AM,-1.99
10103,4/10/2022 9:59:52 AM,-1.53
10103,4/10/2022 9:59:56 AM,-1.55
10103,4/10/2022 10:00:00 AM,-1.31
10103,4/10/2022 10:00:04 AM,-1.31
10103,4/10/2022 10:00:08 AM,-1.76
10103,4/10/2022 10:00:12 AM,-1.99
10103,4/10/2022 10:00:16 AM,-2.24
10103,4/10/2022 10:00:20 AM,-1.31
10103,4/10/2022 10:00:24 AM,-1.99
10103,4/10/2022 10:00:28 AM,-2.24
10103,4/10/2022 10:00:32 AM,-2.21
10103,4/10/2022 10:00:36 AM,-2.00
10103,4/10/2022 10:00:40 AM,-1.53
10103,4/10/2022 10:00:44 AM,-1.99
10103,4/10/2022 10:00:48 AM,-1.32
10103,4/10/2022 10:00:52 AM,-1.99
10103,4/10/2022 10:00:56 AM,-1.61
10103,4/10/2022 10:01:00 AM,-1.99
10103,4/10/2022 10:01:04 AM,-1.53
10103,4/10/2022 10:01:08 AM,-2.44
10103,4/10/2022 10:01:12 AM,-2.01
10103,4/10/2022 10:01:16 AM,-1.99
10103,4/10/2022 10:01:20 AM,-1.55
10103,4/10/2022 10:01:24 AM,-1.99
10103,4/10/2022 10:01:28 AM,-1.78
10103,4/10/2022 10:01:32 AM,-2.20
10103,4/10/2022 10:01:36 AM,-2.68
10103,4/10/2022 10:01:40 AM,-2.24
10103,4/10/2022 10:01:44 AM,-1.31
10103,4/10/2022 10:01:48 AM,-1.99
10103,4/10/2022 10:01:52 AM,-1.31
10103,4/10/2022 10:01:56 AM,-1.75
10103,4/10/2022 10:02:00 AM,-2.67
10103,4/10/2022 10:02:04 AM,-2.46
10103,4/10/2022 10:02:08 AM,-1.99
10103,4/10/2022 10:02:12 AM,-0.64
10103,4/10/2022 10:02:16 AM,-1.99
10103,4/10/2022 10:02:20 AM,-2.44
10103,4/10/2022 10:02:24 AM,-0.64
10103,4/10/2022 10:02:28 AM,-1.78
10103,4/10/2022 10:02:32 AM,-1.76
10103,4/10/2022 10:02:36 AM,-0.64
10103,4/10/2022 10:02:40 AM,-1.09
10103,4/10/2022 10:02:44 AM,-1.96
10103,4/10/2022 10:02:48 AM,-1.32
10103,4/10/2022 10:02:52 AM,-1.77
10103,4/10/2022 10:02:56 AM,-1.76
10103,4/10/2022 10:03:00 AM,-1.31
10103,4/10/2022 10:03:04 AM,-2.21
10103,4/10/2022 10:03:08 AM,-2.23
10103,4/10/2022 10:03:12 AM,-1.99
10103,4/10/2022 10:03:16 AM,-1.09
10103,4/10/2022 10:03:20 AM,-1.52
10103,4/10/2022 10:03:24 AM,-0.64
10103,4/10/2022 10:03:28 AM,-1.56
10103,4/10/2022 10:03:32 AM,-1.52
10103,4/10/2022 10:03:36 AM,-1.32
10103,4/10/2022 10:03:40 AM,-1.09
10103,4/10/2022 10:03:44 AM,-1.07
10103,4/10/2022 10:03:48 AM,-1.31
10103,4/10/2022 10:03:52 AM,-1.31
10103,4/10/2022 10:03:56 AM,-1.31
10103,4/10/2022 10:04:00 AM,-2.67
10103,4/10/2022 10:04:04 AM,-1.31
10103,4/10/2022 10:04:08 AM,-1.31
10103,4/10/2022 10:04:12 AM,-1.99
10103,4/10/2022 10:04:16 AM,-1.99
10103,4/10/2022 10:04:20 AM,-1.99
10103,4/10/2022 10:04:24 AM,-1.31
10103,4/10/2022 10:04:28 AM,-1.31
10103,4/10/2022 10:04:32 AM,-1.31
10103,4/10/2022 10:04:36 AM,-1.31
10103,4/10/2022 10:04:40 AM,-1.99
10103,4/10/2022 10:04:44 AM,-1.54
10103,4/10/2022 10:04:48 AM,-1.31
10103,4/10/2022 10:04:52 AM,-0.62
10103,4/10/2022 10:04:56 AM,-1.52
10103,4/10/2022 10:05:00 AM,-1.99
10103,4/10/2022 10:05:04 AM,-2.01
10103,4/10/2022 10:05:08 AM,-1.53
10103,4/10/2022 10:05:12 AM,-2.67
10103,4/10/2022 10:05:16 AM,-1.99
10103,4/10/2022 10:05:20 AM,-1.54
10103,4/10/2022 10:05:24 AM,-1.31
10103,4/10/2022 10:05:28 AM,-2.68
10103,4/10/2022 10:05:32 AM,-2.23
10103,4/10/2022 10:05:36 AM,-2.67
10103,4/10/2022 10:05:40 AM,-1.77
10103,4/10/2022 10:05:44 AM,-1.76
10103,4/10/2022 10:05:48 AM,-1.99
10103,4/10/2022 10:05:52 AM,-1.31
10103,4/10/2022 10:05:56 AM,-1.76
10103,4/10/2022 10:06:00 AM,-1.99
10103,4/10/2022 10:06:04 AM,-1.77
10103,4/10/2022 10:06:08 AM,-1.31
10103,4/10/2022 10:06:12 AM,-1.99
10103,4/10/2022 10:06:16 AM,-1.99
10103,4/10/2022 10:06:20 AM,-2.44
10103,4/10/2022 10:06:24 AM,-2.68
10103,4/10/2022 10:06:28 AM,-1.53
10103,4/10/2022 10:06:32 AM,-1.54
10103,4/10/2022 10:06:36 AM,-1.99
10103,4/10/2022 10:06:40 AM,-1.99
10103,4/10/2022 10:06:44 AM,-1.99
10103,4/10/2022 10:06:48 AM,-2.67
10103,4/10/2022 10:06:52 AM,-1.53
10103,4/10/2022 10:06:56 AM,-1.55
10103,4/10/2022 10:07:00 AM,-0.67
10103,4/10/2022 10:07:04 AM,-2.46
10103,4/10/2022 10:07:08 AM,-1.54
10103,4/10/2022 10:07:12 AM,-1.31
10103,4/10/2022 10:07:16 AM,-1.99
10103,4/10/2022 10:07:20 AM,-1.99
10103,4/10/2022 10:07:24 AM,-1.99
10103,4/10/2022 10:07:28 AM,-1.99
10103,4/10/2022 10:07:32 AM,-1.99
10103,4/10/2022 10:07:36 AM,-1.99
10103,4/10/2022 10:07:40 AM,-1.99
10103,4/10/2022 10:07:44 AM,-1.99
10103,4/10/2022 10:07:48 AM,-2.67
10103,4/10/2022 10:07:52 AM,-1.99
10103,4/10/2022 10:07:56 AM,-1.55
10103,4/10/2022 10:08:00 AM,-1.99
10103,4/10/2022 10:08:04 AM,-1.53
10103,4/10/2022 10:08:08 AM,-1.54
10103,4/10/2022 10:08:12 AM,-1.31
10103,4/10/2022 10:08:16 AM,-2.22
10103,4/10/2022 10:08:20 AM,-1.79
10103,4/10/2022 10:08:24 AM,-1.31
10103,4/10/2022 10:08:28 AM,-2.21
10103,4/10/2022 10:08:32 AM,-2.68
10103,4/10/2022 10:08:36 AM,-1.32
10103,4/10/2022 10:08:40 AM,-1.53
10103,4/10/2022 10:08:44 AM,-2.44
10103,4/10/2022 10:08:48 AM,-2.00
10103,4/10/2022 10:08:52 AM,-1.77
10103,4/10/2022 10:08:56 AM,-2.21
10103,4/10/2022 10:09:00 AM,-2.00
10103,4/10/2022 10:09:04 AM,-1.31
10103,4/10/2022 10:09:08 AM,-1.76
10103,4/10/2022 10:09:12 AM,-1.99
10103,4/10/2022 10:09:16 AM,-1.99
10103,4/10/2022 10:09:20 AM,-1.99
10103,4/10/2022 10:09:24 AM,-1.31
10103,4/10/2022 10:09:28 AM,-1.31
10103,4/10/2022 10:09:32 AM,-1.76
10103,4/10/2022 10:09:36 AM,-1.99
10103,4/10/2022 10:09:40 AM,-1.77
10103,4/10/2022 10:09:44 AM,-1.31
10103,4/10/2022 10:09:48 AM,-1.31
10103,4/10/2022 10:09:52 AM,-1.83
10103,4/10/2022 10:09:56 AM,-1.76
10103,4/10/2022 10:10:00 AM,-1.99
10103,4/10/2022 10:10:04 AM,-1.53
10103,4/10/2022 10:10:08 AM,-1.99
10103,4/10/2022 10:10:12 AM,-1.32
10103,4/10/2022 10:10:16 AM,-1.75
10103,4/10/2022 10:10:20 AM,-1.78
10103,4/10/2022 10:10:24 AM,-1.99
10103,4/10/2022 10:10:28 AM,-2.25
10103,4/10/2022 10:10:32 AM,-1.31
10103,4/10/2022 10:10:36 AM,-1.31
10103,4/10/2022 10:10:40 AM,-1.77
10103,4/10/2022 10:10:44 AM,-1.31
10103,4/10/2022 10:10:48 AM,-2.67
10103,4/10/2022 10:10:52 AM,-1.31
10103,4/10/2022 10:10:56 AM,-1.31
10103,4/10/2022 10:11:00 AM,-1.99
10103,4/10/2022 10:11:04 AM,-1.99
10103,4/10/2022 10:11:08 AM,-1.10
10103,4/10/2022 10:11:12 AM,-1.19
10103,4/10/2022 10:11:16 AM,-1.77
10103,4/10/2022 10:11:20 AM,-1.76
10103,4/10/2022 10:11:24 AM,-1.32
10103,4/10/2022 10:11:28 AM,-1.74
10103,4/10/2022 10:11:32 AM,-1.80
10103,4/10/2022 10:11:36 AM,-1.99
10103,4/10/2022 10:11:40 AM,-1.53
10103,4/10/2022 10:11:44 AM,-1.55
10103,4/10/2022 10:11:48 AM,-1.99
10103,4/10/2022 10:11:52 AM,-1.31
10103,4/10/2022 10:11:56 AM,-2.20
10103,4/10/2022 10:12:00 AM,-2.00
10103,4/10/2022 10:12:04 AM,-2.46
10103,4/10/2022 10:12:08 AM,-2.44
10103,4/10/2022 10:12:12 AM,-2.68
10103,4/10/2022 10:12:16 AM,-1.24
10103,4/10/2022 10:12:20 AM,-2.68
10103,4/10/2022 10:12:24 AM,-2.00
10103,4/10/2022 10:12:28 AM,-2.47
10103,4/10/2022 10:12:32 AM,-1.55
10103,4/10/2022 10:12:36 AM,-1.31
10103,4/10/2022 10:12:40 AM,-1.53
10103,4/10/2022 10:12:44 AM,-1.99
10103,4/10/2022 10:12:48 AM,-2.67
10103,4/10/2022 10:12:52 AM,-1.31
10103,4/10/2022 10:12:56 AM,-1.76
10103,4/10/2022 10:13:00 AM,-2.67
10103,4/10/2022 10:13:04 AM,-1.53
10103,4/10/2022 10:13:08 AM,-1.99
10103,4/10/2022 10:13:12 AM,-1.99
10103,4/10/2022 10:13:16 AM,-1.99
10103,4/10/2022 10:13:20 AM,-1.10
10103,4/10/2022 10:13:24 AM,-1.98
10103,4/10/2022 10:13:28 AM,-1.57
10103,4/10/2022 10:13:32 AM,-1.51
10103,4/10/2022 10:13:36 AM,-1.32
10103,4/10/2022 10:13:40 AM,-1.99
10103,4/10/2022 10:13:44 AM,-1.99
10103,4/10/2022 10:13:48 AM,-1.99
10103,4/10/2022 10:13:52 AM,-1.99
10103,4/10/2022 10:13:56 AM,-2.44
10103,4/10/2022 10:14:00 AM,-2.00
10103,4/10/2022 10:14:04 AM,-1.77
10103,4/10/2022 10:14:08 AM,-0.86
10103,4/10/2022 10:14:12 AM,-1.97
10103,4/10/2022 10:14:16 AM,-1.53
10103,4/10/2022 10:14:20 AM,-1.99
10103,4/10/2022 10:14:24 AM,-1.99
10103,4/10/2022 10:14:28 AM,-1.99
10103,4/10/2022 10:14:32 AM,-1.99
10103,4/10/2022 10:14:36 AM,-1.99
10103,4/10/2022 10:14:40 AM,-2.24
10103,4/10/2022 10:14:44 AM,-1.31
10103,4/10/2022 10:14:48 AM,-1.31
10103,4/10/2022 10:14:52 AM,-2.46
10103,4/10/2022 10:14:56 AM,-1.99
10103,4/10/2022 10:15:00 AM,-1.99
10103,4/10/2022 10:15:04 AM,-1.77
10103,4/10/2022 10:15:08 AM,-1.31
10103,4/10/2022 10:15:12 AM,-1.98
10103,4/10/2022 10:15:16 AM,-1.99
10103,4/10/2022 10:15:20 AM,-1.59
10103,4/10/2022 10:15:24 AM,-1.99
10103,4/10/2022 10:15:28 AM,-2.21
10103,4/10/2022 10:15:32 AM,-2.24
10103,4/10/2022 10:15:36 AM,-1.99
10103,4/10/2022 10:15:40 AM,-1.75
10103,4/10/2022 10:15:44 AM,-2.23
10103,4/10/2022 10:15:48 AM,-1.32
10103,4/10/2022 10:15:52 AM,-1.53
10103,4/10/2022 10:15:56 AM,-2.44
10103,4/10/2022 10:16:00 AM,-2.68
10103,4/10/2022 10:16:04 AM,-1.31
10103,4/10/2022 10:16:08 AM,-1.76
10103,4/10/2022 10:16:12 AM,-1.99
10103,4/10/2022 10:16:16 AM,-1.53
10103,4/10/2022 10:16:20 AM,-1.55
10103,4/10/2022 10:16:24 AM,-1.99
10103,4/10/2022 10:16:28 AM,-2.93
10103,4/10/2022 10:16:32 AM,-1.99
10103,4/10/2022 10:16:36 AM,-1.99
10103,4/10/2022 10:16:40 AM,-1.99
10103,4/10/2022 10:16:44 AM,-1.99
10103,4/10/2022 10:16:48 AM,-2.68
10103,4/10/2022 10:16:52 AM,-1.31
10103,4/10/2022 10:16:56 AM,-2.21
10103,4/10/2022 10:17:00 AM,-2.00
10103,4/10/2022 10:17:04 AM,-1.49
10103,4/10/2022 10:17:08 AM,-1.99
10103,4/10/2022 10:17:12 AM,-1.99
10103,4/10/2022 10:17:16 AM,-1.99
10103,4/10/2022 10:17:20 AM,-1.99
10103,4/10/2022 10:17:24 AM,-1.31
10103,4/10/2022 10:17:28 AM,-1.31
10103,4/10/2022 10:17:32 AM,-1.76
10103,4/10/2022 10:17:36 AM,-1.99
10103,4/10/2022 10:17:40 AM,-1.75
10103,4/10/2022 10:17:44 AM,-2.68
10103,4/10/2022 10:17:48 AM,-1.32
10103,4/10/2022 10:17:52 AM,-1.31
10103,4/10/2022 10:17:56 AM,-1.76
10103,4/10/2022 10:18:00 AM,-1.31
10103,4/10/2022 10:18:04 AM,-1.99
10103,4/10/2022 10:18:08 AM,-1.54
10103,4/10/2022 10:18:12 AM,-1.99
10103,4/10/2022 10:18:16 AM,-1.77
10103,4/10/2022 10:18:20 AM,-1.76
10103,4/10/2022 10:18:24 AM,-0.63
10103,4/10/2022 10:18:28 AM,-1.99
10103,4/10/2022 10:18:32 AM,-1.54
10103,4/10/2022 10:18:36 AM,-1.99
10103,4/10/2022 10:18:40 AM,-1.31
10103,4/10/2022 10:18:44 AM,-1.76
10103,4/10/2022 10:18:48 AM,-1.99
10103,4/10/2022 10:18:52 AM,-1.53
10103,4/10/2022 10:18:56 AM,-1.99
10103,4/10/2022 10:19:00 AM,-1.31
10103,4/10/2022 10:19:04 AM,-1.77
10103,4/10/2022 10:19:08 AM,-1.76
10103,4/10/2022 10:19:12 AM,-1.99
10103,4/10/2022 10:19:16 AM,-1.53
10103,4/10/2022 10:19:20 AM,-1.99
10103,4/10/2022 10:19:24 AM,-1.99
10103,4/10/2022 10:19:28 AM,-2.24
10103,4/10/2022 10:19:32 AM,-1.31
10103,4/10/2022 10:19:36 AM,-1.99
10103,4/10/2022 10:19:40 AM,-2.24
10103,4/10/2022 10:19:44 AM,-1.76
10103,4/10/2022 10:19:48 AM,-1.31
10103,4/10/2022 10:19:52 AM,-1.77
10103,4/10/2022 10:19:56 AM,-1.31
10103,4/10/2022 10:20:00 AM,-1.99
10103,4/10/2022 10:20:04 AM,-1.77
10103,4/10/2022 10:20:08 AM,-1.76
10103,4/10/2022 10:20:12 AM,-1.99
10103,4/10/2022 10:20:16 AM,-1.53
10103,4/10/2022 10:20:20 AM,-2.44
10103,4/10/2022 10:20:24 AM,-1.32
10103,4/10/2022 10:20:28 AM,-1.99
10103,4/10/2022 10:20:32 AM,-1.54
10103,4/10/2022 10:20:36 AM,-1.99
10103,4/10/2022 10:20:40 AM,-1.99
10103,4/10/2022 10:20:44 AM,-2.44
10103,4/10/2022 10:20:48 AM,-2.00
10103,4/10/2022 10:20:52 AM,-1.99
10103,4/10/2022 10:20:56 AM,-1.99
10103,4/10/2022 10:21:00 AM,-1.31
10103,4/10/2022 10:21:04 AM,-1.99
10103,4/10/2022 10:21:08 AM,-1.99
10103,4/10/2022 10:21:12 AM,-1.32
10103,4/10/2022 10:21:16 AM,-1.53
10103,4/10/2022 10:21:20 AM,-1.99
10103,4/10/2022 10:21:24 AM,-1.99
10103,4/10/2022 10:21:28 AM,-2.21
10103,4/10/2022 10:21:32 AM,-2.23
10103,4/10/2022 10:21:36 AM,-1.31
10103,4/10/2022 10:21:40 AM,-1.99
10103,4/10/2022 10:21:44 AM,-1.99
10103,4/10/2022 10:21:48 AM,-1.99
10103,4/10/2022 10:21:52 AM,-1.99
10103,4/10/2022 10:21:56 AM,-1.99
10103,4/10/2022 10:22:00 AM,-1.31
10103,4/10/2022 10:22:04 AM,-1.99
10103,4/10/2022 10:22:08 AM,-1.99
10103,4/10/2022 10:22:12 AM,-1.99
10103,4/10/2022 10:22:16 AM,-1.53
10103,4/10/2022 10:22:20 AM,-1.99
10103,4/10/2022 10:22:24 AM,-1.99
10103,4/10/2022 10:22:28 AM,-1.31
10103,4/10/2022 10:22:32 AM,-1.76
10103,4/10/2022 10:22:36 AM,-2.67
10103,4/10/2022 10:22:40 AM,-1.75
10103,4/10/2022 10:22:44 AM,-1.78
10103,4/10/2022 10:22:48 AM,-1.99
10103,4/10/2022 10:22:52 AM,-1.07
10103,4/10/2022 10:22:56 AM,-1.99
10103,4/10/2022 10:23:00 AM,-2.67
10103,4/10/2022 10:23:04 AM,-2.24
10103,4/10/2022 10:23:08 AM,-1.76
10103,4/10/2022 10:23:12 AM,-2.67
10103,4/10/2022 10:23:16 AM,-1.53
10103,4/10/2022 10:23:20 AM,-1.99
10103,4/10/2022 10:23:24 AM,-1.31
10103,4/10/2022 10:23:28 AM,-2.46
10103,4/10/2022 10:23:32 AM,-1.99
10103,4/10/2022 10:23:36 AM,-1.99
10103,4/10/2022 10:23:40 AM,-2.44
10103,4/10/2022 10:23:44 AM,-2.02
10103,4/10/2022 10:23:48 AM,-1.99
10103,4/10/2022 10:23:52 AM,-1.53
10103,4/10/2022 10:23:56 AM,-1.99
10103,4/10/2022 10:24:00 AM,-1.99
10103,4/10/2022 10:24:04 AM,-1.31
10103,4/10/2022 10:24:08 AM,-2.20
10103,4/10/2022 10:24:12 AM,-2.01
10103,4/10/2022 10:24:16 AM,-1.06
10103,4/10/2022 10:24:20 AM,-2.44
10103,4/10/2022 10:24:24 AM,-1.32
10103,4/10/2022 10:24:28 AM,-1.99
10103,4/10/2022 10:24:32 AM,-1.54
10103,4/10/2022 10:24:36 AM,-0.63
10103,4/10/2022 10:24:40 AM,-1.77
10103,4/10/2022 10:24:44 AM,-2.20
10103,4/10/2022 10:24:48 AM,-2.00
10103,4/10/2022 10:24:52 AM,-1.99
10103,4/10/2022 10:24:56 AM,-2.44
10103,4/10/2022 10:25:00 AM,-2.68
10103,4/10/2022 10:25:04 AM,-1.99
10103,4/10/2022 10:25:08 AM,-1.99
10103,4/10/2022 10:25:12 AM,-2.67
10103,4/10/2022 10:25:16 AM,-1.31
10103,4/10/2022 10:25:20 AM,-1.71
10103,4/10/2022 10:25:24 AM,-1.32
10103,4/10/2022 10:25:28 AM,-1.53
10103,4/10/2022 10:25:32 AM,-1.99
10103,4/10/2022 10:25:36 AM,-1.99
10103,4/10/2022 10:25:40 AM,-2.46
10103,4/10/2022 10:25:44 AM,-1.99
10103,4/10/2022 10:25:48 AM,-1.99
10103,4/10/2022 10:25:52 AM,-1.53
10103,4/10/2022 10:25:56 AM,-1.99
10103,4/10/2022 10:26:00 AM,-1.99
10103,4/10/2022 10:26:04 AM,-1.53
10103,4/10/2022 10:26:08 AM,-2.44
10103,4/10/2022 10:26:12 AM,-2.00
10103,4/10/2022 10:26:16 AM,-1.53
10103,4/10/2022 10:26:20 AM,-1.55
10103,4/10/2022 10:26:24 AM,-1.31
10103,4/10/2022 10:26:28 AM,-1.99
10103,4/10/2022 10:26:32 AM,-1.99
10103,4/10/2022 10:26:36 AM,-1.99
10103,4/10/2022 10:26:40 AM,-1.78
10103,4/10/2022 10:26:44 AM,-1.75
10103,4/10/2022 10:26:48 AM,-1.32
10103,4/10/2022 10:26:52 AM,-1.77
10103,4/10/2022 10:26:56 AM,-2.20
10103,4/10/2022 10:27:00 AM,-1.32
10103,4/10/2022 10:27:04 AM,-1.53
10103,4/10/2022 10:27:08 AM,-1.99
10103,4/10/2022 10:27:12 AM,-1.99
10103,4/10/2022 10:27:16 AM,-1.99
10103,4/10/2022 10:27:20 AM,-1.99
10103,4/10/2022 10:27:24 AM,-1.99
10103,4/10/2022 10:27:28 AM,-1.99
10103,4/10/2022 10:27:32 AM,-2.44
10103,4/10/2022 10:27:36 AM,-2.00
10103,4/10/2022 10:27:40 AM,-2.21
10103,4/10/2022 10:27:44 AM,-2.68
10103,4/10/2022 10:27:48 AM,-1.34
10103,4/10/2022 10:27:52 AM,-2.21
10103,4/10/2022 10:27:56 AM,-2.23
10103,4/10/2022 10:28:00 AM,-2.67
10103,4/10/2022 10:28:04 AM,-1.99
10103,4/10/2022 10:28:08 AM,-2.44
10103,4/10/2022 10:28:12 AM,-2.00
10103,4/10/2022 10:28:16 AM,-1.78
10103,4/10/2022 10:28:20 AM,-1.76
10103,4/10/2022 10:28:24 AM,-1.32
10103,4/10/2022 10:28:28 AM,-1.78
10103,4/10/2022 10:28:32 AM,-1.31
10103,4/10/2022 10:28:36 AM,-1.99
10103,4/10/2022 10:28:40 AM,-2.68
10103,4/10/2022 10:28:44 AM,-2.23
10103,4/10/2022 10:28:48 AM,-1.32
10103,4/10/2022 10:28:52 AM,-1.53
10103,4/10/2022 10:28:56 AM,-1.99
10103,4/10/2022 10:29:00 AM,-1.99
10103,4/10/2022 10:29:04 AM,-1.99
10103,4/10/2022 10:29:08 AM,-2.44
10103,4/10/2022 10:29:12 AM,-1.33
10103,4/10/2022 10:29:16 AM,-1.99
10103,4/10/2022 10:29:20 AM,-1.55
10103,4/10/2022 10:29:24 AM,-1.99
10103,4/10/2022 10:29:28 AM,-1.78
10103,4/10/2022 10:29:32 AM,-1.76
10103,4/10/2022 10:29:36 AM,-1.99
10103,4/10/2022 10:29:40 AM,-2.68
10103,4/10/2022 10:29:44 AM,-2.23
10103,4/10/2022 10:29:48 AM,-1.99
10103,4/10/2022 10:29:52 AM,-1.75
10103,4/10/2022 10:29:56 AM,-2.23
10103,4/10/2022 10:30:00 AM,-2.67
10103,4/10/2022 10:30:04 AM,-1.77
10103,4/10/2022 10:30:08 AM,-2.21
10103,4/10/2022 10:30:12 AM,-2.68
10103,4/10/2022 10:30:16 AM,-2.46
10103,4/10/2022 10:30:20 AM,-1.99
10103,4/10/2022 10:30:24 AM,-2.67
10103,4/10/2022 10:30:28 AM,-1.99
10103,4/10/2022 10:30:32 AM,-1.99
10103,4/10/2022 10:30:36 AM,-1.99
10103,4/10/2022 10:30:40 AM,-1.31
10103,4/10/2022 10:30:44 AM,-1.76
10103,4/10/2022 10:30:48 AM,-1.99
10103,4/10/2022 10:30:52 AM,-1.99
10103,4/10/2022 10:30:56 AM,-1.99
10103,4/10/2022 10:31:00 AM,-1.31
10103,4/10/2022 10:31:04 AM,-2.46
10103,4/10/2022 10:31:08 AM,-1.99
10103,4/10/2022 10:31:12 AM,-2.57
10103,4/10/2022 10:31:16 AM,-1.99
10103,4/10/2022 10:31:20 AM,-2.90
10103,4/10/2022 10:31:24 AM,-1.32
10103,4/10/2022 10:31:28 AM,-2.24
10103,4/10/2022 10:31:32 AM,-1.31
10103,4/10/2022 10:31:36 AM,-2.67
10103,4/10/2022 10:31:40 AM,-1.99
10103,4/10/2022 10:31:44 AM,-1.99
10103,4/10/2022 10:31:48 AM,-2.68
10103,4/10/2022 10:31:52 AM,-1.99
10103,4/10/2022 10:31:56 AM,-1.99
10103,4/10/2022 10:32:00 AM,-1.31
10103,4/10/2022 10:32:04 AM,-2.68
10103,4/10/2022 10:32:08 AM,-2.23
10103,4/10/2022 10:32:12 AM,-1.99
10103,4/10/2022 10:32:16 AM,-1.99
10103,4/10/2022 10:32:20 AM,-2.44
10103,4/10/2022 10:32:24 AM,-2.00
10103,4/10/2022 10:32:28 AM,-1.77
10103,4/10/2022 10:32:32 AM,-1.76
10103,4/10/2022 10:32:36 AM,-1.32
10103,4/10/2022 10:32:40 AM,-1.99
10103,4/10/2022 10:32:44 AM,-1.99
10103,4/10/2022 10:32:48 AM,-1.99
10103,4/10/2022 10:32:52 AM,-1.99
10103,4/10/2022 10:32:56 AM,-2.44
10103,4/10/2022 10:33:00 AM,-1.32
10103,4/10/2022 10:33:04 AM,-1.99
10103,4/10/2022 10:33:08 AM,-1.54
10103,4/10/2022 10:33:12 AM,-1.31
10103,4/10/2022 10:33:16 AM,-1.76
10103,4/10/2022 10:33:20 AM,-1.78
10103,4/10/2022 10:33:24 AM,-1.31
10103,4/10/2022 10:33:28 AM,-1.53
10103,4/10/2022 10:33:32 AM,-1.99
10103,4/10/2022 10:33:36 AM,-1.99
10103,4/10/2022 10:33:40 AM,-2.92
10103,4/10/2022 10:33:44 AM,-2.44
10103,4/10/2022 10:33:48 AM,-2.07
10103,4/10/2022 10:33:52 AM,-1.75
10103,4/10/2022 10:33:56 AM,-2.23
10103,4/10/2022 10:34:00 AM,-1.99
10103,4/10/2022 10:34:04 AM,-2.46
10103,4/10/2022 10:34:08 AM,-1.99
10103,4/10/2022 10:34:12 AM,-1.99
10103,4/10/2022 10:34:16 AM,-2.22
10103,4/10/2022 10:34:20 AM,-2.23
10103,4/10/2022 10:34:24 AM,-1.31
10103,4/10/2022 10:34:28 AM,-1.31
10103,4/10/2022 10:34:32 AM,-1.76
10103,4/10/2022 10:34:36 AM,-2.67
10103,4/10/2022 10:34:40 AM,-2.21
10103,4/10/2022 10:34:44 AM,-2.68
10103,4/10/2022 10:34:48 AM,-2.00
10103,4/10/2022 10:34:52 AM,-2.46
10103,4/10/2022 10:34:56 AM,-1.99
10103,4/10/2022 10:35:00 AM,-1.99
10103,4/10/2022 10:35:04 AM,-1.77
10103,4/10/2022 10:35:08 AM,-1.76
10103,4/10/2022 10:35:12 AM,-1.99
10103,4/10/2022 10:35:16 AM,-1.53
10103,4/10/2022 10:35:20 AM,-1.99
10103,4/10/2022 10:35:24 AM,-3.35
10103,4/10/2022 10:35:28 AM,-1.53
10103,4/10/2022 10:35:32 AM,-1.99
10103,4/10/2022 10:35:36 AM,-1.32
10103,4/10/2022 10:35:40 AM,-1.75
10103,4/10/2022 10:35:44 AM,-2.23
10103,4/10/2022 10:35:48 AM,-1.99
10103,4/10/2022 10:35:52 AM,-1.77
10103,4/10/2022 10:35:56 AM,-2.65
10103,4/10/2022 10:36:00 AM,-2.01
10103,4/10/2022 10:36:04 AM,-2.68
10103,4/10/2022 10:36:08 AM,-1.78
10103,4/10/2022 10:36:12 AM,-1.99
10103,4/10/2022 10:36:16 AM,-2.21
10103,4/10/2022 10:36:20 AM,-2.23
10103,4/10/2022 10:36:24 AM,-1.31
10103,4/10/2022 10:36:28 AM,-1.53
10103,4/10/2022 10:36:32 AM,-1.99
10103,4/10/2022 10:36:36 AM,-2.67
10103,4/10/2022 10:36:40 AM,-1.78
10103,4/10/2022 10:36:44 AM,-1.76
10103,4/10/2022 10:36:48 AM,-1.31
10103,4/10/2022 10:36:52 AM,-2.68
10103,4/10/2022 10:36:56 AM,-2.25
10103,4/10/2022 10:37:00 AM,-1.99
10103,4/10/2022 10:37:04 AM,-1.53
10103,4/10/2022 10:37:08 AM,-1.99
10103,4/10/2022 10:37:12 AM,-1.99
10103,4/10/2022 10:37:16 AM,-0.94
10103,4/10/2022 10:37:20 AM,-1.54
10103,4/10/2022 10:37:24 AM,-1.99
10103,4/10/2022 10:37:28 AM,-1.99
10103,4/10/2022 10:37:32 AM,-2.89
10103,4/10/2022 10:37:36 AM,-1.33
10103,4/10/2022 10:37:40 AM,-1.99
10103,4/10/2022 10:37:44 AM,-1.99
10103,4/10/2022 10:37:48 AM,-1.33
10103,4/10/2022 10:37:52 AM,-1.99
10103,4/10/2022 10:37:56 AM,-2.44
10103,4/10/2022 10:38:00 AM,-2.68
10103,4/10/2022 10:38:04 AM,-1.75
10103,4/10/2022 10:38:08 AM,-2.23
10103,4/10/2022 10:38:12 AM,-2.67
10103,4/10/2022 10:38:16 AM,-1.77
10103,4/10/2022 10:38:20 AM,-2.21
10103,4/10/2022 10:38:24 AM,-2.00
10103,4/10/2022 10:38:28 AM,-1.99
10103,4/10/2022 10:38:32 AM,-1.99
10103,4/10/2022 10:38:36 AM,-1.99
10103,4/10/2022 10:38:40 AM,-1.53
10103,4/10/2022 10:38:44 AM,-1.99
10103,4/10/2022 10:38:48 AM,-1.99
10103,4/10/2022 10:38:52 AM,-1.31
10103,4/10/2022 10:38:56 AM,-1.76
10103,4/10/2022 10:39:00 AM,-1.99
10103,4/10/2022 10:39:04 AM,-1.99
10103,4/10/2022 10:39:08 AM,-1.55
10103,4/10/2022 10:39:12 AM,-1.31
10103,4/10/2022 10:39:16 AM,-1.53
10103,4/10/2022 10:39:20 AM,-1.99
10103,4/10/2022 10:39:24 AM,-1.99
10103,4/10/2022 10:39:28 AM,-1.99
10103,4/10/2022 10:39:32 AM,-1.99
10103,4/10/2022 10:39:36 AM,-1.99
10103,4/10/2022 10:39:40 AM,-1.53
10103,4/10/2022 10:39:44 AM,-1.99
10103,4/10/2022 10:39:48 AM,-1.99
10103,4/10/2022 10:39:52 AM,-2.35
10103,4/10/2022 10:39:56 AM,-1.75
10103,4/10/2022 10:40:00 AM,-2.67
10103,4/10/2022 10:40:04 AM,-1.99
10103,4/10/2022 10:40:08 AM,-1.99
10103,4/10/2022 10:40:12 AM,-3.34
10103,4/10/2022 10:40:16 AM,-1.99
10103,4/10/2022 10:40:20 AM,-1.99
10103,4/10/2022 10:40:24 AM,-1.32
10103,4/10/2022 10:40:28 AM,-1.78
10103,4/10/2022 10:40:32 AM,-1.31
10103,4/10/2022 10:40:36 AM,-1.99
10103,4/10/2022 10:40:40 AM,-2.46
10103,4/10/2022 10:40:44 AM,-2.44
10103,4/10/2022 10:40:48 AM,-2.00
10103,4/10/2022 10:40:52 AM,-1.99
10103,4/10/2022 10:40:56 AM,-1.99
10103,4/10/2022 10:41:00 AM,-2.67
10103,4/10/2022 10:41:04 AM,-1.99
10103,4/10/2022 10:41:08 AM,-2.44
10103,4/10/2022 10:41:12 AM,-2.00
10103,4/10/2022 10:41:16 AM,-1.50
10103,4/10/2022 10:41:20 AM,-1.99
10103,4/10/2022 10:41:24 AM,-1.99
10103,4/10/2022 10:41:28 AM,-1.99
10103,4/10/2022 10:41:32 AM,-2.44
10103,4/10/2022 10:41:36 AM,-2.00
10103,4/10/2022 10:41:40 AM,-2.93
10103,4/10/2022 10:41:44 AM,-2.44
10103,4/10/2022 10:41:48 AM,-2.00
10103,4/10/2022 10:41:52 AM,-1.99
10103,4/10/2022 10:41:56 AM,-2.44
10103,4/10/2022 10:42:00 AM,-1.33
10103,4/10/2022 10:42:04 AM,-1.53
10103,4/10/2022 10:42:08 AM,-1.99
10103,4/10/2022 10:42:12 AM,-1.99
10103,4/10/2022 10:42:16 AM,-1.99
10103,4/10/2022 10:42:20 AM,-2.44
10103,4/10/2022 10:42:24 AM,-2.00
10103,4/10/2022 10:42:28 AM,-1.99
10103,4/10/2022 10:42:32 AM,-1.54
10103,4/10/2022 10:42:36 AM,-1.31
10103,4/10/2022 10:42:40 AM,-1.99
10103,4/10/2022 10:42:44 AM,-1.99
10103,4/10/2022 10:42:48 AM,-2.65
10103,4/10/2022 10:42:52 AM,-3.14
10103,4/10/2022 10:42:56 AM,-2.68
10103,4/10/2022 10:43:00 AM,-2.00
10103,4/10/2022 10:43:04 AM,-2.68
10103,4/10/2022 10:43:08 AM,-2.23
10103,4/10/2022 10:43:12 AM,-3.35
10103,4/10/2022 10:43:16 AM,-2.22
10103,4/10/2022 10:43:20 AM,-1.78
10103,4/10/2022 10:43:24 AM,-1.31
10103,4/10/2022 10:43:28 AM,-1.99
10103,4/10/2022 10:43:32 AM,-2.44
10103,4/10/2022 10:43:36 AM,-2.68
10103,4/10/2022 10:43:40 AM,-2.22
10103,4/10/2022 10:43:44 AM,-2.23
10103,4/10/2022 10:43:48 AM,-1.99
10103,4/10/2022 10:43:52 AM,-1.99
10103,4/10/2022 10:43:56 AM,-2.44
10103,4/10/2022 10:44:00 AM,-1.32
10103,4/10/2022 10:44:04 AM,-1.99
10103,4/10/2022 10:44:08 AM,-2.90
10103,4/10/2022 10:44:12 AM,-2.69
10103,4/10/2022 10:44:16 AM,-1.99
10103,4/10/2022 10:44:20 AM,-1.54
10103,4/10/2022 10:44:24 AM,-2.67
10103,4/10/2022 10:44:28 AM,-2.46
10103,4/10/2022 10:44:32 AM,-1.54
10103,4/10/2022 10:44:36 AM,-1.31
10103,4/10/2022 10:44:40 AM,-1.99
10103,4/10/2022 10:44:44 AM,-1.99
10103,4/10/2022 10:44:48 AM,-1.99
10103,4/10/2022 10:44:52 AM,-1.99
10103,4/10/2022 10:44:56 AM,-1.99
10103,4/10/2022 10:45:00 AM,-1.31
10103,4/10/2022 10:45:04 AM,-1.77
10103,4/10/2022 10:45:08 AM,-1.31
10103,4/10/2022 10:45:12 AM,-1.31
10103,4/10/2022 10:45:16 AM,-1.81
10103,4/10/2022 10:45:20 AM,-2.10
10103,4/10/2022 10:45:24 AM,-2.68
10103,4/10/2022 10:45:28 AM,-2.68
10103,4/10/2022 10:45:32 AM,-2.68
10103,4/10/2022 10:45:36 AM,-1.32
10103,4/10/2022 10:45:40 AM,-2.46
10103,4/10/2022 10:45:44 AM,-1.99
10103,4/10/2022 10:45:48 AM,-1.99
10103,4/10/2022 10:45:52 AM,-1.99
10103,4/10/2022 10:45:56 AM,-1.99
10103,4/10/2022 10:46:00 AM,-1.99
10103,4/10/2022 10:46:04 AM,-1.99
10103,4/10/2022 10:46:08 AM,-2.44
10103,4/10/2022 10:46:12 AM,-2.00
10103,4/10/2022 10:46:16 AM,-2.68
10103,4/10/2022 10:46:20 AM,-2.23
10103,4/10/2022 10:46:24 AM,-1.99
10103,4/10/2022 10:46:28 AM,-1.99
10103,4/10/2022 10:46:32 AM,-2.44
10103,4/10/2022 10:46:36 AM,-2.00
10103,4/10/2022 10:46:40 AM,-1.77
10103,4/10/2022 10:46:44 AM,-1.76
10103,4/10/2022 10:46:48 AM,-1.31
10103,4/10/2022 10:46:52 AM,-2.68
10103,4/10/2022 10:46:56 AM,-2.23
10103,4/10/2022 10:47:00 AM,-1.31
10103,4/10/2022 10:47:04 AM,-1.75
10103,4/10/2022 10:47:08 AM,-1.78
10103,4/10/2022 10:47:12 AM,-2.66
10103,4/10/2022 10:47:16 AM,-1.99
10103,4/10/2022 10:47:20 AM,-2.80
10103,4/10/2022 10:47:24 AM,-2.70
10103,4/10/2022 10:47:28 AM,-1.99
10103,4/10/2022 10:47:32 AM,-2.44
10103,4/10/2022 10:47:36 AM,-2.00
10103,4/10/2022 10:47:40 AM,-1.77
10103,4/10/2022 10:47:44 AM,-1.76
10103,4/10/2022 10:47:48 AM,-1.99
10103,4/10/2022 10:47:52 AM,-2.92
10103,4/10/2022 10:47:56 AM,-2.44
10103,4/10/2022 10:48:00 AM,-2.00
10103,4/10/2022 10:48:04 AM,-1.77
10103,4/10/2022 10:48:08 AM,-1.76
10103,4/10/2022 10:48:12 AM,-2.67
10103,4/10/2022 10:48:16 AM,-2.21
10103,4/10/2022 10:48:20 AM,-2.68
10103,4/10/2022 10:48:24 AM,-3.36
10103,4/10/2022 10:48:28 AM,-2.46
10103,4/10/2022 10:48:32 AM,-1.99
10103,4/10/2022 10:48:36 AM,-2.67
10103,4/10/2022 10:48:40 AM,-1.99
10103,4/10/2022 10:48:44 AM,-2.44
10103,4/10/2022 10:48:48 AM,-2.00
10103,4/10/2022 10:48:52 AM,-3.14
10103,4/10/2022 10:48:56 AM,-2.23
10103,4/10/2022 10:49:00 AM,-1.99
10103,4/10/2022 10:49:04 AM,-2.68
10103,4/10/2022 10:49:08 AM,-1.78
10103,4/10/2022 10:49:12 AM,-2.66
10103,4/10/2022 10:49:16 AM,-1.99
10103,4/10/2022 10:49:20 AM,-2.44
10103,4/10/2022 10:49:24 AM,-2.00
10103,4/10/2022 10:49:28 AM,-1.53
10103,4/10/2022 10:49:32 AM,-2.44
10103,4/10/2022 10:49:36 AM,-2.00
10103,4/10/2022 10:49:40 AM,-1.77
10103,4/10/2022 10:49:44 AM,-2.21
10103,4/10/2022 10:49:48 AM,-1.32
10103,4/10/2022 10:49:52 AM,-2.32
10103,4/10/2022 10:49:56 AM,-2.47
10103,4/10/2022 10:50:00 AM,-1.32
10103,4/10/2022 10:50:04 AM,-1.74
10103,4/10/2022 10:50:08 AM,-2.68
10103,4/10/2022 10:50:12 AM,-2.68
10103,4/10/2022 10:50:16 AM,-2.46
10103,4/10/2022 10:50:20 AM,-2.44
10103,4/10/2022 10:50:24 AM,-2.68
10103,4/10/2022 10:50:28 AM,-2.21
10103,4/10/2022 10:50:32 AM,-2.68
10103,4/10/2022 10:50:36 AM,-2.00
10103,4/10/2022 10:50:40 AM,-1.78
10103,4/10/2022 10:50:44 AM,-1.76
10103,4/10/2022 10:50:48 AM,-2.68
10103,4/10/2022 10:50:52 AM,-2.46
10103,4/10/2022 10:50:56 AM,-2.89
10103,4/10/2022 10:51:00 AM,-2.68
10103,4/10/2022 10:51:04 AM,-2.46
10103,4/10/2022 10:51:08 AM,-1.99
10103,4/10/2022 10:51:12 AM,-2.67
10103,4/10/2022 10:51:16 AM,-1.99
10103,4/10/2022 10:51:20 AM,-1.99
10103,4/10/2022 10:51:24 AM,-1.99
10103,4/10/2022 10:51:28 AM,-1.53
10103,4/10/2022 10:51:32 AM,-1.55
10103,4/10/2022 10:51:36 AM,-1.99
10103,4/10/2022 10:51:40 AM,-2.46
10103,4/10/2022 10:51:44 AM,-1.55
10103,4/10/2022 10:51:48 AM,-1.99
10103,4/10/2022 10:51:52 AM,-1.99
10103,4/10/2022 10:51:56 AM,-2.44
10103,4/10/2022 10:52:00 AM,-2.68
10103,4/10/2022 10:52:04 AM,-2.46
10103,4/10/2022 10:52:08 AM,-1.99
10103,4/10/2022 10:52:12 AM,-1.99
10103,4/10/2022 10:52:16 AM,-1.99
10103,4/10/2022 10:52:20 AM,-1.99
10103,4/10/2022 10:52:24 AM,-2.67
10103,4/10/2022 10:52:28 AM,-2.24
10103,4/10/2022 10:52:32 AM,-1.76
10103,4/10/2022 10:52:36 AM,-1.99
10103,4/10/2022 10:52:40 AM,-2.46
10103,4/10/2022 10:52:44 AM,-1.99
10103,4/10/2022 10:52:48 AM,-1.99
10103,4/10/2022 10:52:52 AM,-2.46
10103,4/10/2022 10:52:56 AM,-2.44
10103,4/10/2022 10:53:00 AM,-2.00
10103,4/10/2022 10:53:04 AM,-1.99
10103,4/10/2022 10:53:08 AM,-1.99
10103,4/10/2022 10:53:12 AM,-1.99
10103,4/10/2022 10:53:16 AM,-1.77
10103,4/10/2022 10:53:20 AM,-1.76
10103,4/10/2022 10:53:24 AM,-1.99
10103,4/10/2022 10:53:28 AM,-1.99
10103,4/10/2022 10:53:32 AM,-2.44
10103,4/10/2022 10:53:36 AM,-2.00
10103,4/10/2022 10:53:40 AM,-1.99
10103,4/10/2022 10:53:44 AM,-2.44
10103,4/10/2022 10:53:48 AM,-2.00
10103,4/10/2022 10:53:52 AM,-1.99
10103,4/10/2022 10:53:56 AM,-1.99
10103,4/10/2022 10:54:00 AM,-1.32
10103,4/10/2022 10:54:04 AM,-2.68
10103,4/10/2022 10:54:08 AM,-1.78
10103,4/10/2022 10:54:12 AM,-2.66
10103,4/10/2022 10:54:16 AM,-1.99
10103,4/10/2022 10:54:20 AM,-1.55
10103,4/10/2022 10:54:24 AM,-1.99
10103,4/10/2022 10:54:28 AM,-1.31
10103,4/10/2022 10:54:32 AM,-2.21
10103,4/10/2022 10:54:36 AM,-2.68
10103,4/10/2022 10:54:40 AM,-2.21
10103,4/10/2022 10:54:44 AM,-2.23
10103,4/10/2022 10:54:48 AM,-1.99
10103,4/10/2022 10:54:52 AM,-2.22
10103,4/10/2022 10:54:56 AM,-2.23
10103,4/10/2022 10:55:00 AM,-2.68
10103,4/10/2022 10:55:04 AM,-1.53
10103,4/10/2022 10:55:08 AM,-2.44
10103,4/10/2022 10:55:12 AM,-2.68
10103,4/10/2022 10:55:16 AM,-2.22
10103,4/10/2022 10:55:20 AM,-2.23
10103,4/10/2022 10:55:24 AM,-1.39
10103,4/10/2022 10:55:28 AM,-2.24
10103,4/10/2022 10:55:32 AM,-2.21
10103,4/10/2022 10:55:36 AM,-1.32
10103,4/10/2022 10:55:40 AM,-1.99
10103,4/10/2022 10:55:44 AM,-1.99
10103,4/10/2022 10:55:48 AM,-2.67
10103,4/10/2022 10:55:52 AM,-2.68
10103,4/10/2022 10:55:56 AM,-2.23
10103,4/10/2022 10:56:00 AM,-1.99
10103,4/10/2022 10:56:04 AM,-1.99
10103,4/10/2022 10:56:08 AM,-2.45
10103,4/10/2022 10:56:12 AM,-1.32
10103,4/10/2022 10:56:16 AM,-1.99
10103,4/10/2022 10:56:20 AM,-1.99
10103,4/10/2022 10:56:24 AM,-1.99
10103,4/10/2022 10:56:28 AM,-1.99
10103,4/10/2022 10:56:32 AM,-1.99
10103,4/10/2022 10:56:36 AM,-1.99
10103,4/10/2022 10:56:40 AM,-2.68
10103,4/10/2022 10:56:44 AM,-2.68
10103,4/10/2022 10:56:48 AM,-2.00
10103,4/10/2022 10:56:52 AM,-2.22
10103,4/10/2022 10:56:56 AM,-2.23
10103,4/10/2022 10:57:00 AM,-1.99
10103,4/10/2022 10:57:04 AM,-2.46
10103,4/10/2022 10:57:08 AM,-2.89
10103,4/10/2022 10:57:12 AM,-1.33
10103,4/10/2022 10:57:16 AM,-2.46
10103,4/10/2022 10:57:20 AM,-1.99
10103,4/10/2022 10:57:24 AM,-1.99
10103,4/10/2022 10:57:28 AM,-2.21
10103,4/10/2022 10:57:32 AM,-2.23
10103,4/10/2022 10:57:36 AM,-1.99
10103,4/10/2022 10:57:40 AM,-2.21
10103,4/10/2022 10:57:44 AM,-2.23
10103,4/10/2022 10:57:48 AM,-2.67
10103,4/10/2022 10:57:52 AM,-2.46
10103,4/10/2022 10:57:56 AM,-2.44
10103,4/10/2022 10:58:00 AM,-2.68
10103,4/10/2022 10:58:04 AM,-2.23
10103,4/10/2022 10:58:08 AM,-2.21
10103,4/10/2022 10:58:12 AM,-2.68
10103,4/10/2022 10:58:16 AM,-1.99
10103,4/10/2022 10:58:20 AM,-1.99
10103,4/10/2022 10:58:24 AM,-3.35
10103,4/10/2022 10:58:28 AM,-2.46
10103,4/10/2022 10:58:32 AM,-1.09
10103,4/10/2022 10:58:36 AM,-1.98
10103,4/10/2022 10:58:40 AM,-1.99
10103,4/10/2022 10:58:44 AM,-1.99
10103,4/10/2022 10:58:48 AM,-1.99
10103,4/10/2022 10:58:52 AM,-1.53
10103,4/10/2022 10:58:56 AM,-1.99
10103,4/10/2022 10:59:00 AM,-2.67
10103,4/10/2022 10:59:04 AM,-1.77
10103,4/10/2022 10:59:08 AM,-1.76
10103,4/10/2022 10:59:12 AM,-2.67
10103,4/10/2022 10:59:16 AM,-2.92
10103,4/10/2022 10:59:20 AM,-2.44
10103,4/10/2022 10:59:24 AM,-2.68
10103,4/10/2022 10:59:28 AM,-1.53
10103,4/10/2022 10:59:32 AM,-1.99
10103,4/10/2022 10:59:36 AM,-2.67
10103,4/10/2022 10:59:40 AM,-2.21
10103,4/10/2022 10:59:44 AM,-2.23
10103,4/10/2022 10:59:48 AM,-1.31
10103,4/10/2022 10:59:52 AM,-2.15
10103,4/10/2022 10:59:56 AM,-2.24
10103,4/10/2022 11:00:00 AM,-1.99
10103,4/10/2022 11:00:04 AM,-1.99
10103,4/10/2022 11:00:08 AM,-1.99
10103,4/10/2022 11:00:12 AM,-1.32
10103,4/10/2022 11:00:16 AM,-2.92
10103,4/10/2022 11:00:20 AM,-1.99
10103,4/10/2022 11:00:24 AM,-1.99
10103,4/10/2022 11:00:28 AM,-1.99
10103,4/10/2022 11:00:32 AM,-1.99
10103,4/10/2022 11:00:36 AM,-1.32
10103,4/10/2022 11:00:40 AM,-1.99
10103,4/10/2022 11:00:44 AM,-1.99
10103,4/10/2022 11:00:48 AM,-1.31
10103,4/10/2022 11:00:52 AM,-1.77
10103,4/10/2022 11:00:56 AM,-1.76
10103,4/10/2022 11:01:00 AM,-1.99
10103,4/10/2022 11:01:04 AM,-1.31
10103,4/10/2022 11:01:08 AM,-2.65
10103,4/10/2022 11:01:12 AM,-2.01
10103,4/10/2022 11:01:16 AM,-1.99
10103,4/10/2022 11:01:20 AM,-1.99
10103,4/10/2022 11:01:24 AM,-2.67
10103,4/10/2022 11:01:28 AM,-1.81
10103,4/10/2022 11:01:32 AM,-2.09
10103,4/10/2022 11:01:36 AM,-2.00
10103,4/10/2022 11:01:40 AM,-2.21
10103,4/10/2022 11:01:44 AM,-2.23
10103,4/10/2022 11:01:48 AM,-1.99
10103,4/10/2022 11:01:52 AM,-2.21
10103,4/10/2022 11:01:56 AM,-2.23
10103,4/10/2022 11:02:00 AM,-1.32
10103,4/10/2022 11:02:04 AM,-2.22
10103,4/10/2022 11:02:08 AM,-2.68
10103,4/10/2022 11:02:12 AM,-3.35
10103,4/10/2022 11:02:16 AM,-1.99
10103,4/10/2022 11:02:20 AM,-1.55
10103,4/10/2022 11:02:24 AM,-2.67
10103,4/10/2022 11:02:28 AM,-2.46
10103,4/10/2022 11:02:32 AM,-2.89
10103,4/10/2022 11:02:36 AM,-2.01
10103,4/10/2022 11:02:40 AM,-1.99
10103,4/10/2022 11:02:44 AM,-1.99
10103,4/10/2022 11:02:48 AM,-1.99
10103,4/10/2022 11:02:52 AM,-2.24
10103,4/10/2022 11:02:56 AM,-1.76
10103,4/10/2022 11:03:00 AM,-2.67
10103,4/10/2022 11:03:04 AM,-2.43
10103,4/10/2022 11:03:08 AM,-2.47
10103,4/10/2022 11:03:12 AM,-1.99
10103,4/10/2022 11:03:16 AM,-1.99
10103,4/10/2022 11:03:20 AM,-1.99
10103,4/10/2022 11:03:24 AM,-1.99
10103,4/10/2022 11:03:28 AM,-1.99
10103,4/10/2022 11:03:32 AM,-1.99
10103,4/10/2022 11:03:36 AM,-1.32
10103,4/10/2022 11:03:40 AM,-1.77
10103,4/10/2022 11:03:44 AM,-1.76
10103,4/10/2022 11:03:48 AM,-1.99
10103,4/10/2022 11:03:52 AM,-1.48
10103,4/10/2022 11:03:56 AM,-2.88
10103,4/10/2022 11:04:00 AM,-2.01
10103,4/10/2022 11:04:04 AM,-2.68
10103,4/10/2022 11:04:08 AM,-2.23
10103,4/10/2022 11:04:12 AM,-1.99
10103,4/10/2022 11:04:16 AM,-2.68
10103,4/10/2022 11:04:20 AM,-2.23
10103,4/10/2022 11:04:24 AM,-3.35
10103,4/10/2022 11:04:28 AM,-1.99
10103,4/10/2022 11:04:32 AM,-1.99
10103,4/10/2022 11:04:36 AM,-2.67
10103,4/10/2022 11:04:40 AM,-2.46
10103,4/10/2022 11:04:44 AM,-2.44
10103,4/10/2022 11:04:48 AM,-3.36
10103,4/10/2022 11:04:52 AM,-2.46
10103,4/10/2022 11:04:56 AM,-1.99
10103,4/10/2022 11:05:00 AM,-1.99
10103,4/10/2022 11:05:04 AM,-2.46
10103,4/10/2022 11:05:08 AM,-2.44
10103,4/10/2022 11:05:12 AM,-2.68
10103,4/10/2022 11:05:16 AM,-1.53
10103,4/10/2022 11:05:20 AM,-2.89
10103,4/10/2022 11:05:24 AM,-2.01
10103,4/10/2022 11:05:28 AM,-2.93
10103,4/10/2022 11:05:32 AM,-1.99
10103,4/10/2022 11:05:36 AM,-1.99
10103,4/10/2022 11:05:40 AM,-2.21
10103,4/10/2022 11:05:44 AM,-2.23
10103,4/10/2022 11:05:48 AM,-2.67
10103,4/10/2022 11:05:52 AM,-2.90
10103,4/10/2022 11:05:56 AM,-2.47
10103,4/10/2022 11:06:00 AM,-1.99
10103,4/10/2022 11:06:04 AM,-2.92
10103,4/10/2022 11:06:08 AM,-2.44
10103,4/10/2022 11:06:12 AM,-1.33
10103,4/10/2022 11:06:16 AM,-1.53
10103,4/10/2022 11:06:20 AM,-1.99
10103,4/10/2022 11:06:24 AM,-1.99
10103,4/10/2022 11:06:28 AM,-1.77
10103,4/10/2022 11:06:32 AM,-1.76
10103,4/10/2022 11:06:36 AM,-2.68
10103,4/10/2022 11:06:40 AM,-1.99
10103,4/10/2022 11:06:44 AM,-2.44
10103,4/10/2022 11:06:48 AM,-2.68
10103,4/10/2022 11:06:52 AM,-2.90
10103,4/10/2022 11:06:56 AM,-2.46
10103,4/10/2022 11:07:00 AM,-1.99
10103,4/10/2022 11:07:04 AM,-1.77
10103,4/10/2022 11:07:08 AM,-2.66
10103,4/10/2022 11:07:12 AM,-2.69
10103,4/10/2022 11:07:16 AM,-1.99
10103,4/10/2022 11:07:20 AM,-1.99
10103,4/10/2022 11:07:24 AM,-2.68
10103,4/10/2022 11:07:28 AM,-2.68
10103,4/10/2022 11:07:32 AM,-2.28
10103,4/10/2022 11:07:36 AM,-1.99
10103,4/10/2022 11:07:40 AM,-1.77
10103,4/10/2022 11:07:44 AM,-1.76
10103,4/10/2022 11:07:48 AM,-1.99
10103,4/10/2022 11:07:52 AM,-1.99
10103,4/10/2022 11:07:56 AM,-1.99
10103,4/10/2022 11:08:00 AM,-2.68
10103,4/10/2022 11:08:04 AM,-1.99
10103,4/10/2022 11:08:08 AM,-1.99
10103,4/10/2022 11:08:12 AM,-1.99
10103,4/10/2022 11:08:16 AM,-1.99
10103,4/10/2022 11:08:20 AM,-1.99
10103,4/10/2022 11:08:24 AM,-3.35
10103,4/10/2022 11:08:28 AM,-2.46
10103,4/10/2022 11:08:32 AM,-1.99
10103,4/10/2022 11:08:36 AM,-1.99
10103,4/10/2022 11:08:40 AM,-2.46
10103,4/10/2022 11:08:44 AM,-2.44
10103,4/10/2022 11:08:48 AM,-2.00
10103,4/10/2022 11:08:52 AM,-1.07
10103,4/10/2022 11:08:56 AM,-1.99
10103,4/10/2022 11:09:00 AM,-1.99
10103,4/10/2022 11:09:04 AM,-2.22
10103,4/10/2022 11:09:08 AM,-2.68
10103,4/10/2022 11:09:12 AM,-2.00
10103,4/10/2022 11:09:16 AM,-2.23
10103,4/10/2022 11:09:20 AM,-1.76
10103,4/10/2022 11:09:24 AM,-2.67
10103,4/10/2022 11:09:28 AM,-1.99
10103,4/10/2022 11:09:32 AM,-2.89
10103,4/10/2022 11:09:36 AM,-2.00
10103,4/10/2022 11:09:40 AM,-1.99
10103,4/10/2022 11:09:44 AM,-1.99
10103,4/10/2022 11:09:48 AM,-2.67
10103,4/10/2022 11:09:52 AM,-1.50
10103,4/10/2022 11:09:56 AM,-1.60
10103,4/10/2022 11:10:00 AM,-2.67
10103,4/10/2022 11:10:04 AM,-2.23
10103,4/10/2022 11:10:08 AM,-2.21
10103,4/10/2022 11:10:12 AM,-2.00
10103,4/10/2022 11:10:16 AM,-1.99
10103,4/10/2022 11:10:20 AM,-1.54
10103,4/10/2022 11:10:24 AM,-2.67
10103,4/10/2022 11:10:28 AM,-1.99
10103,4/10/2022 11:10:32 AM,-1.99
10103,4/10/2022 11:10:36 AM,-2.67
10103,4/10/2022 11:10:40 AM,-1.99
10103,4/10/2022 11:10:44 AM,-2.44
10103,4/10/2022 11:10:48 AM,-2.00
10103,4/10/2022 11:10:52 AM,-1.53
10103,4/10/2022 11:10:56 AM,-1.99
10103,4/10/2022 11:11:00 AM,-1.99
10103,4/10/2022 11:11:04 AM,-2.46
10103,4/10/2022 11:11:08 AM,-1.99
10103,4/10/2022 11:11:12 AM,-1.99
10103,4/10/2022 11:11:16 AM,-1.99
10103,4/10/2022 11:11:20 AM,-1.99
10103,4/10/2022 11:11:24 AM,-1.99
10103,4/10/2022 11:11:28 AM,-2.90
10103,4/10/2022 11:11:32 AM,-2.01
10103,4/10/2022 11:11:36 AM,-1.31
10103,4/10/2022 11:11:40 AM,-2.46
10103,4/10/2022 11:11:44 AM,-2.44
10103,4/10/2022 11:11:48 AM,-2.68
10103,4/10/2022 11:11:52 AM,-2.22
10103,4/10/2022 11:11:56 AM,-2.68
10103,4/10/2022 11:12:00 AM,-2.00
10103,4/10/2022 11:12:04 AM,-2.46
10103,4/10/2022 11:12:08 AM,-1.99
10103,4/10/2022 11:12:12 AM,-1.99
10103,4/10/2022 11:12:16 AM,-2.22
10103,4/10/2022 11:12:20 AM,-2.68
10103,4/10/2022 11:12:24 AM,-2.00
10103,4/10/2022 11:12:28 AM,-1.99
10103,4/10/2022 11:12:32 AM,-1.99
10103,4/10/2022 11:12:36 AM,-1.99
10103,4/10/2022 11:12:40 AM,-2.21
10103,4/10/2022 11:12:44 AM,-2.68
10103,4/10/2022 11:12:48 AM,-2.00
10103,4/10/2022 11:12:52 AM,-1.99
10103,4/10/2022 11:12:56 AM,-2.44
10103,4/10/2022 11:13:00 AM,-2.00
10103,4/10/2022 11:13:04 AM,-2.22
10103,4/10/2022 11:13:08 AM,-2.23
10103,4/10/2022 11:13:12 AM,-1.99
10103,4/10/2022 11:13:16 AM,-2.68
10103,4/10/2022 11:13:20 AM,-2.68
10103,4/10/2022 11:13:24 AM,-2.00
10103,4/10/2022 11:13:28 AM,-1.99
10103,4/10/2022 11:13:32 AM,-2.44
10103,4/10/2022 11:13:36 AM,-2.00
10103,4/10/2022 11:13:40 AM,-2.46
10103,4/10/2022 11:13:44 AM,-2.44
10103,4/10/2022 11:13:48 AM,-2.00
10103,4/10/2022 11:13:52 AM,-1.99
10103,4/10/2022 11:13:56 AM,-1.99
10103,4/10/2022 11:14:00 AM,-1.99
10103,4/10/2022 11:14:04 AM,-2.46
10103,4/10/2022 11:14:08 AM,-2.44
10103,4/10/2022 11:14:12 AM,-2.00
10103,4/10/2022 11:14:16 AM,-2.46
10103,4/10/2022 11:14:20 AM,-2.44
10103,4/10/2022 11:14:24 AM,-2.00
10103,4/10/2022 11:14:28 AM,-2.21
10103,4/10/2022 11:14:32 AM,-2.23
10103,4/10/2022 11:14:36 AM,-3.35
10103,4/10/2022 11:14:40 AM,-2.21
10103,4/10/2022 11:14:44 AM,-2.23
10103,4/10/2022 11:14:48 AM,-1.99
10103,4/10/2022 11:14:52 AM,-1.99
10103,4/10/2022 11:14:56 AM,-2.89
10103,4/10/2022 11:15:00 AM,-2.69
10103,4/10/2022 11:15:04 AM,-2.46
10103,4/10/2022 11:15:08 AM,-1.99
10103,4/10/2022 11:15:12 AM,-1.99
10103,4/10/2022 11:15:16 AM,-2.92
10103,4/10/2022 11:15:20 AM,-1.99
10103,4/10/2022 11:15:24 AM,-1.99
10103,4/10/2022 11:15:28 AM,-1.53
10103,4/10/2022 11:15:32 AM,-1.99
10103,4/10/2022 11:15:36 AM,-1.99
10103,4/10/2022 11:15:40 AM,-2.15
10103,4/10/2022 11:15:44 AM,-2.23
10103,4/10/2022 11:15:48 AM,-1.99
10103,4/10/2022 11:15:52 AM,-2.21
10103,4/10/2022 11:15:56 AM,-2.68
10103,4/10/2022 11:16:00 AM,-2.68
10103,4/10/2022 11:16:04 AM,-1.99
10103,4/10/2022 11:16:08 AM,-1.99
10103,4/10/2022 11:16:12 AM,-2.67
10103,4/10/2022 11:16:16 AM,-1.99
10103,4/10/2022 11:16:20 AM,-1.99
10103,4/10/2022 11:16:24 AM,-1.99
10103,4/10/2022 11:16:28 AM,-2.21
10103,4/10/2022 11:16:32 AM,-2.23
10103,4/10/2022 11:16:36 AM,-1.99
10103,4/10/2022 11:16:40 AM,-2.24
10103,4/10/2022 11:16:44 AM,-2.20
10103,4/10/2022 11:16:48 AM,-3.36
10103,4/10/2022 11:16:52 AM,-1.75
10103,4/10/2022 11:16:56 AM,-2.23
10103,4/10/2022 11:17:00 AM,-3.35
10103,4/10/2022 11:17:04 AM,-2.21
10103,4/10/2022 11:17:08 AM,-1.79
10103,4/10/2022 11:17:12 AM,-1.98
10103,4/10/2022 11:17:16 AM,-1.99
10103,4/10/2022 11:17:20 AM,-1.54
10103,4/10/2022 11:17:24 AM,-1.99
10103,4/10/2022 11:17:28 AM,-1.53
10103,4/10/2022 11:17:32 AM,-1.99
10103,4/10/2022 11:17:36 AM,-2.67
10103,4/10/2022 11:17:40 AM,-2.52
10103,4/10/2022 11:17:44 AM,-1.99
10103,4/10/2022 11:17:48 AM,-1.99
10103,4/10/2022 11:17:52 AM,-1.53
10103,4/10/2022 11:17:56 AM,-2.44
10103,4/10/2022 11:18:00 AM,-2.00
10103,4/10/2022 11:18:04 AM,-1.77
10103,4/10/2022 11:18:08 AM,-1.75
10103,4/10/2022 11:18:12 AM,-1.99
10103,4/10/2022 11:18:16 AM,-1.77
10103,4/10/2022 11:18:20 AM,-1.76
10103,4/10/2022 11:18:24 AM,-1.32
10103,4/10/2022 11:18:28 AM,-1.74
10103,4/10/2022 11:18:32 AM,-2.23
10103,4/10/2022 11:18:36 AM,-1.99
10103,4/10/2022 11:18:40 AM,-1.78
10103,4/10/2022 11:18:44 AM,-1.76
10103,4/10/2022 11:18:48 AM,-1.99
10103,4/10/2022 11:18:52 AM,-2.46
10103,4/10/2022 11:18:56 AM,-1.99
10103,4/10/2022 11:19:00 AM,-1.32
10103,4/10/2022 11:19:04 AM,-1.99
10103,4/10/2022 11:19:08 AM,-1.99
10103,4/10/2022 11:19:12 AM,-2.67
10103,4/10/2022 11:19:16 AM,-1.99
10103,4/10/2022 11:19:20 AM,-1.55
10103,4/10/2022 11:19:24 AM,-1.99
10103,4/10/2022 11:19:28 AM,-1.53
10103,4/10/2022 11:19:32 AM,-1.99
10103,4/10/2022 11:19:36 AM,-2.67
10103,4/10/2022 11:19:40 AM,-1.53
10103,4/10/2022 11:19:44 AM,-1.99
10103,4/10/2022 11:19:48 AM,-1.99
10103,4/10/2022 11:19:52 AM,-2.18
10103,4/10/2022 11:19:56 AM,-2.29
10103,4/10/2022 11:20:00 AM,-2.67
10103,4/10/2022 11:20:04 AM,-1.99
10103,4/10/2022 11:20:08 AM,-1.99
10103,4/10/2022 11:20:12 AM,-1.32
10103,4/10/2022 11:20:16 AM,-1.53
10103,4/10/2022 11:20:20 AM,-1.99
10103,4/10/2022 11:20:24 AM,-1.99
10103,4/10/2022 11:20:28 AM,-1.99
10103,4/10/2022 11:20:32 AM,-1.99
10103,4/10/2022 11:20:36 AM,-2.67
10103,4/10/2022 11:20:40 AM,-1.99
10103,4/10/2022 11:20:44 AM,-1.99
10103,4/10/2022 11:20:48 AM,-1.99
10103,4/10/2022 11:20:52 AM,-1.99
10103,4/10/2022 11:20:56 AM,-1.99
10103,4/10/2022 11:21:00 AM,-1.99
10103,4/10/2022 11:21:04 AM,-1.77
10103,4/10/2022 11:21:08 AM,-1.76
10103,4/10/2022 11:21:12 AM,-1.99
10103,4/10/2022 11:21:16 AM,-2.46
10103,4/10/2022 11:21:20 AM,-1.99
10103,4/10/2022 11:21:24 AM,-2.67
10103,4/10/2022 11:21:28 AM,-2.90
10103,4/10/2022 11:21:32 AM,-2.47
10103,4/10/2022 11:21:36 AM,-2.67
10103,4/10/2022 11:21:40 AM,-1.99
10103,4/10/2022 11:21:44 AM,-1.99
10103,4/10/2022 11:21:48 AM,-1.99
10103,4/10/2022 11:21:52 AM,-1.53
10103,4/10/2022 11:21:56 AM,-1.99
10103,4/10/2022 11:22:00 AM,-1.99
10103,4/10/2022 11:22:04 AM,-2.22
10103,4/10/2022 11:22:08 AM,-2.23
10103,4/10/2022 11:22:12 AM,-2.67
10103,4/10/2022 11:22:16 AM,-1.99
10103,4/10/2022 11:22:20 AM,-2.44
10103,4/10/2022 11:22:24 AM,-1.34
10103,4/10/2022 11:22:28 AM,-2.22
10103,4/10/2022 11:22:32 AM,-2.23
10103,4/10/2022 11:22:36 AM,-1.99
10103,4/10/2022 11:22:40 AM,-2.24
10103,4/10/2022 11:22:44 AM,-1.76
10103,4/10/2022 11:22:48 AM,-2.68
10103,4/10/2022 11:22:52 AM,-2.46
10103,4/10/2022 11:22:56 AM,-1.99
10103,4/10/2022 11:23:00 AM,-1.99
10103,4/10/2022 11:23:04 AM,-1.99
10103,4/10/2022 11:23:08 AM,-1.99
10103,4/10/2022 11:23:12 AM,-1.99
10103,4/10/2022 11:23:16 AM,-1.99
10103,4/10/2022 11:23:20 AM,-1.99
10103,4/10/2022 11:23:24 AM,-2.68
10103,4/10/2022 11:23:28 AM,-1.99
10103,4/10/2022 11:23:32 AM,-2.44
10103,4/10/2022 11:23:36 AM,-2.00
10103,4/10/2022 11:23:40 AM,-2.22
10103,4/10/2022 11:23:44 AM,-1.78
10103,4/10/2022 11:23:48 AM,-3.35
10103,4/10/2022 11:23:52 AM,-1.81
10103,4/10/2022 11:23:56 AM,-1.70
10103,4/10/2022 11:24:00 AM,-3.36
10103,4/10/2022 11:24:04 AM,-1.31
10103,4/10/2022 11:24:08 AM,-2.21
10103,4/10/2022 11:24:12 AM,-2.00
10103,4/10/2022 11:24:16 AM,-2.92
10103,4/10/2022 11:24:20 AM,-1.99
10103,4/10/2022 11:24:24 AM,-1.99
10103,4/10/2022 11:24:28 AM,-2.21
10103,4/10/2022 11:24:32 AM,-2.23
10103,4/10/2022 11:24:36 AM,-2.67
10103,4/10/2022 11:24:40 AM,-1.99
10103,4/10/2022 11:24:44 AM,-1.99
10103,4/10/2022 11:24:48 AM,-2.67
10103,4/10/2022 11:24:52 AM,-2.22
10103,4/10/2022 11:24:56 AM,-1.78
10103,4/10/2022 11:25:00 AM,-1.99
10103,4/10/2022 11:25:04 AM,-1.75
10103,4/10/2022 11:25:08 AM,-2.68
10103,4/10/2022 11:25:12 AM,-2.00
10103,4/10/2022 11:25:16 AM,-1.99
10103,4/10/2022 11:25:20 AM,-1.99
10103,4/10/2022 11:25:24 AM,-1.99
10103,4/10/2022 11:25:28 AM,-2.46
10103,4/10/2022 11:25:32 AM,-1.99
10103,4/10/2022 11:25:36 AM,-1.99
10103,4/10/2022 11:25:40 AM,-1.99
10103,4/10/2022 11:25:44 AM,-1.99
10103,4/10/2022 11:25:48 AM,-2.67
10103,4/10/2022 11:25:52 AM,-2.68
10103,4/10/2022 11:25:56 AM,-2.68
10103,4/10/2022 11:26:00 AM,-2.00
10103,4/10/2022 11:26:04 AM,-1.53
10103,4/10/2022 11:26:08 AM,-2.44
10103,4/10/2022 11:26:12 AM,-3.36
10103,4/10/2022 11:26:16 AM,-2.22
10103,4/10/2022 11:26:20 AM,-2.23
10103,4/10/2022 11:26:24 AM,-1.99
10103,4/10/2022 11:26:28 AM,-2.21
10103,4/10/2022 11:26:32 AM,-2.23
10103,4/10/2022 11:26:36 AM,-2.67
10103,4/10/2022 11:26:40 AM,-2.43
10103,4/10/2022 11:26:44 AM,-2.02
10103,4/10/2022 11:26:48 AM,-2.67
10103,4/10/2022 11:26:52 AM,-1.77
10103,4/10/2022 11:26:56 AM,-2.21
10103,4/10/2022 11:27:00 AM,-2.00
10103,4/10/2022 11:27:04 AM,-2.46
10103,4/10/2022 11:27:08 AM,-2.44
10103,4/10/2022 11:27:12 AM,-2.00
10103,4/10/2022 11:27:16 AM,-1.53
10103,4/10/2022 11:27:20 AM,-2.44
10103,4/10/2022 11:27:24 AM,-2.00
10103,4/10/2022 11:27:28 AM,-2.68
10103,4/10/2022 11:27:32 AM,-2.23
10103,4/10/2022 11:27:36 AM,-1.99
10103,4/10/2022 11:27:40 AM,-2.46
10103,4/10/2022 11:27:44 AM,-1.55
10103,4/10/2022 11:27:48 AM,-1.99
10103,4/10/2022 11:27:52 AM,-2.21
10103,4/10/2022 11:27:56 AM,-2.23
10103,4/10/2022 11:28:00 AM,-1.99
10103,4/10/2022 11:28:04 AM,-2.22
10103,4/10/2022 11:28:08 AM,-2.23
10103,4/10/2022 11:28:12 AM,-1.99
10103,4/10/2022 11:28:16 AM,-2.18
10103,4/10/2022 11:28:20 AM,-2.29
10103,4/10/2022 11:28:24 AM,-1.99
10103,4/10/2022 11:28:28 AM,-1.99
10103,4/10/2022 11:28:32 AM,-1.99
10103,4/10/2022 11:28:36 AM,-1.99
10103,4/10/2022 11:28:40 AM,-2.21
10103,4/10/2022 11:28:44 AM,-2.24
10103,4/10/2022 11:28:48 AM,-1.99
10103,4/10/2022 11:28:52 AM,-1.77
10103,4/10/2022 11:28:56 AM,-1.31
10103,4/10/2022 11:29:00 AM,-2.67
10103,4/10/2022 11:29:04 AM,-1.99
10103,4/10/2022 11:29:08 AM,-2.44
10103,4/10/2022 11:29:12 AM,-2.00
10103,4/10/2022 11:29:16 AM,-2.22
10103,4/10/2022 11:29:20 AM,-2.23
10103,4/10/2022 11:29:24 AM,-1.99
10103,4/10/2022 11:29:28 AM,-1.78
10103,4/10/2022 11:29:32 AM,-1.76
10103,4/10/2022 11:29:36 AM,-1.99
10103,4/10/2022 11:29:40 AM,-2.21
10103,4/10/2022 11:29:44 AM,-2.23
10103,4/10/2022 11:29:48 AM,-3.35
10103,4/10/2022 11:29:52 AM,-2.49
10103,4/10/2022 11:29:56 AM,-1.99
10103,4/10/2022 11:30:00 AM,-2.67
10103,4/10/2022 11:30:04 AM,-1.99
10103,4/10/2022 11:30:08 AM,-1.99
10103,4/10/2022 11:30:12 AM,-2.67
10103,4/10/2022 11:30:16 AM,-1.99
10103,4/10/2022 11:30:20 AM,-1.99
10103,4/10/2022 11:30:24 AM,-1.99
10103,4/10/2022 11:30:28 AM,-1.99
10103,4/10/2022 11:30:32 AM,-1.55
10103,4/10/2022 11:30:36 AM,-1.99
10103,4/10/2022 11:30:40 AM,-2.93
10103,4/10/2022 11:30:44 AM,-1.99
10103,4/10/2022 11:30:48 AM,-1.99
10103,4/10/2022 11:30:52 AM,-2.92
10103,4/10/2022 11:30:56 AM,-1.55
10103,4/10/2022 11:31:00 AM,-1.31
10103,4/10/2022 11:31:04 AM,-1.99
10103,4/10/2022 11:31:08 AM,-1.99
10103,4/10/2022 11:31:12 AM,-1.99
10103,4/10/2022 11:31:16 AM,-3.14
10103,4/10/2022 11:31:20 AM,-2.68
10103,4/10/2022 11:31:24 AM,-2.68
10103,4/10/2022 11:31:28 AM,-2.24
10103,4/10/2022 11:31:32 AM,-1.76
10103,4/10/2022 11:31:36 AM,-2.67
10103,4/10/2022 11:31:40 AM,-2.68
10103,4/10/2022 11:31:44 AM,-2.23
10103,4/10/2022 11:31:48 AM,-1.99
10103,4/10/2022 11:31:52 AM,-2.18
10103,4/10/2022 11:31:56 AM,-2.68
10103,4/10/2022 11:32:00 AM,-2.00
10103,4/10/2022 11:32:04 AM,-2.21
10103,4/10/2022 11:32:08 AM,-1.78
10103,4/10/2022 11:32:12 AM,-1.98
10103,4/10/2022 11:32:16 AM,-2.68
10103,4/10/2022 11:32:20 AM,-2.23
10103,4/10/2022 11:32:24 AM,-1.99
10103,4/10/2022 11:32:28 AM,-2.21
10103,4/10/2022 11:32:32 AM,-2.68
10103,4/10/2022 11:32:36 AM,-2.68
10103,4/10/2022 11:32:40 AM,-1.99
10103,4/10/2022 11:32:44 AM,-1.99
10103,4/10/2022 11:32:48 AM,-1.99
10103,4/10/2022 11:32:52 AM,-1.53
10103,4/10/2022 11:32:56 AM,-1.99
10103,4/10/2022 11:33:00 AM,-3.35
10103,4/10/2022 11:33:04 AM,-2.21
10103,4/10/2022 11:33:08 AM,-1.78
10103,4/10/2022 11:33:12 AM,-1.99
10103,4/10/2022 11:33:16 AM,-2.22
10103,4/10/2022 11:33:20 AM,-2.23
10103,4/10/2022 11:33:24 AM,-1.99
10103,4/10/2022 11:33:28 AM,-1.77
10103,4/10/2022 11:33:32 AM,-1.76
10103,4/10/2022 11:33:36 AM,-2.68
10103,4/10/2022 11:33:40 AM,-1.31
10103,4/10/2022 11:33:44 AM,-1.76
10103,4/10/2022 11:33:48 AM,-2.68
10103,4/10/2022 11:33:52 AM,-1.81
10103,4/10/2022 11:33:56 AM,-2.09
10103,4/10/2022 11:34:00 AM,-1.32
10103,4/10/2022 11:34:04 AM,-1.99
10103,4/10/2022 11:34:08 AM,-1.99
10103,4/10/2022 11:34:12 AM,-1.99
10103,4/10/2022 11:34:16 AM,-1.53
10103,4/10/2022 11:34:20 AM,-1.99
10103,4/10/2022 11:34:24 AM,-1.99
10103,4/10/2022 11:34:28 AM,-2.92
10103,4/10/2022 11:34:32 AM,-2.45
10103,4/10/2022 11:34:36 AM,-2.00
10103,4/10/2022 11:34:40 AM,-2.46
10103,4/10/2022 11:34:44 AM,-2.44
10103,4/10/2022 11:34:48 AM,-2.00
10103,4/10/2022 11:34:52 AM,-1.99
10103,4/10/2022 11:34:56 AM,-2.89
10103,4/10/2022 11:35:00 AM,-1.32
10103,4/10/2022 11:35:04 AM,-2.44
10103,4/10/2022 11:35:08 AM,-2.46
10103,4/10/2022 11:35:12 AM,-1.32
10103,4/10/2022 11:35:16 AM,-2.21
10103,4/10/2022 11:35:20 AM,-2.23
10103,4/10/2022 11:35:24 AM,-1.99
10103,4/10/2022 11:35:28 AM,-1.53
10103,4/10/2022 11:35:32 AM,-1.99
10103,4/10/2022 11:35:36 AM,-1.99
10103,4/10/2022 11:35:40 AM,-1.99
10103,4/10/2022 11:35:44 AM,-1.99
10103,4/10/2022 11:35:48 AM,-1.99
10103,4/10/2022 11:35:52 AM,-2.46
10103,4/10/2022 11:35:56 AM,-1.99
10103,4/10/2022 11:36:00 AM,-2.67
10103,4/10/2022 11:36:04 AM,-1.99
10103,4/10/2022 11:36:08 AM,-1.99
10103,4/10/2022 11:36:12 AM,-2.67
10103,4/10/2022 11:36:16 AM,-1.53
10103,4/10/2022 11:36:20 AM,-2.44
10103,4/10/2022 11:36:24 AM,-2.68
10103,4/10/2022 11:36:28 AM,-2.46
10103,4/10/2022 11:36:32 AM,-1.99
10103,4/10/2022 11:36:36 AM,-2.67
10103,4/10/2022 11:36:40 AM,-2.68
10103,4/10/2022 11:36:44 AM,-2.23
10103,4/10/2022 11:36:48 AM,-1.99
10103,4/10/2022 11:36:52 AM,-2.18
10103,4/10/2022 11:36:56 AM,-3.10
10103,4/10/2022 11:37:00 AM,-2.00
10103,4/10/2022 11:37:04 AM,-2.90
10103,4/10/2022 11:37:08 AM,-2.46
10103,4/10/2022 11:37:12 AM,-1.99
10103,4/10/2022 11:37:16 AM,-1.99
10103,4/10/2022 11:37:20 AM,-2.44
10103,4/10/2022 11:37:24 AM,-1.32
10103,4/10/2022 11:37:28 AM,-2.46
10103,4/10/2022 11:37:32 AM,-1.99
10103,4/10/2022 11:37:36 AM,-1.99
10103,4/10/2022 11:37:40 AM,-2.46
10103,4/10/2022 11:37:44 AM,-2.44
10103,4/10/2022 11:37:48 AM,-2.00
10103,4/10/2022 11:37:52 AM,-2.90
10103,4/10/2022 11:37:56 AM,-2.52
10103,4/10/2022 11:38:00 AM,-1.99
10103,4/10/2022 11:38:04 AM,-1.75
10103,4/10/2022 11:38:08 AM,-1.78
10103,4/10/2022 11:38:12 AM,-1.99
10103,4/10/2022 11:38:16 AM,-2.68
10103,4/10/2022 11:38:20 AM,-2.68
10103,4/10/2022 11:38:24 AM,-2.68
10103,4/10/2022 11:38:28 AM,-1.77
10103,4/10/2022 11:38:32 AM,-2.21
10103,4/10/2022 11:38:36 AM,-1.32
10103,4/10/2022 11:38:40 AM,-2.43
10103,4/10/2022 11:38:44 AM,-2.47
10103,4/10/2022 11:38:48 AM,-1.99
10103,4/10/2022 11:38:52 AM,-2.46
10103,4/10/2022 11:38:56 AM,-2.44
10103,4/10/2022 11:39:00 AM,-2.00
10103,4/10/2022 11:39:04 AM,-2.22
10103,4/10/2022 11:39:08 AM,-2.68
10103,4/10/2022 11:39:12 AM,-2.00
10103,4/10/2022 11:39:16 AM,-1.53
10103,4/10/2022 11:39:20 AM,-1.99
10103,4/10/2022 11:39:24 AM,-2.67
10103,4/10/2022 11:39:28 AM,-1.99
10103,4/10/2022 11:39:32 AM,-1.99
10103,4/10/2022 11:39:36 AM,-2.67
10103,4/10/2022 11:39:40 AM,-1.97
10103,4/10/2022 11:39:44 AM,-2.46
10103,4/10/2022 11:39:48 AM,-1.99
10103,4/10/2022 11:39:52 AM,-2.92
10103,4/10/2022 11:39:56 AM,-1.99
10103,4/10/2022 11:40:00 AM,-2.63
10103,4/10/2022 11:40:04 AM,-1.99
10103,4/10/2022 11:40:08 AM,-1.99
10103,4/10/2022 11:40:12 AM,-2.67
10103,4/10/2022 11:40:16 AM,-1.99
10103,4/10/2022 11:40:20 AM,-1.99
10103,4/10/2022 11:40:24 AM,-2.67
10103,4/10/2022 11:40:28 AM,-3.14
10103,4/10/2022 11:40:32 AM,-2.23
10103,4/10/2022 11:40:36 AM,-1.99
10103,4/10/2022 11:40:40 AM,-1.77
10103,4/10/2022 11:40:44 AM,-1.76
10103,4/10/2022 11:40:48 AM,-1.99
10103,4/10/2022 11:40:52 AM,-2.01
10103,4/10/2022 11:40:56 AM,-1.52
10103,4/10/2022 11:41:00 AM,-1.31
10103,4/10/2022 11:41:04 AM,-2.68
10103,4/10/2022 11:41:08 AM,-2.23
10103,4/10/2022 11:41:12 AM,-1.99
10103,4/10/2022 11:41:16 AM,-1.75
10103,4/10/2022 11:41:20 AM,-2.68
10103,4/10/2022 11:41:24 AM,-2.00
10103,4/10/2022 11:41:28 AM,-2.42
10103,4/10/2022 11:41:32 AM,-2.47
10103,4/10/2022 11:41:36 AM,-1.99
10103,4/10/2022 11:41:40 AM,-2.21
10103,4/10/2022 11:41:44 AM,-2.23
10103,4/10/2022 11:41:48 AM,-1.99
10103,4/10/2022 11:41:52 AM,-1.77
10103,4/10/2022 11:41:56 AM,-2.20
10103,4/10/2022 11:42:00 AM,-2.04
10103,4/10/2022 11:42:04 AM,-2.46
10103,4/10/2022 11:42:08 AM,-1.99
10103,4/10/2022 11:42:12 AM,-1.99
10103,4/10/2022 11:42:16 AM,-1.99
10103,4/10/2022 11:42:20 AM,-2.44
10103,4/10/2022 11:42:24 AM,-2.00
10103,4/10/2022 11:42:28 AM,-1.99
10103,4/10/2022 11:42:32 AM,-1.99
10103,4/10/2022 11:42:36 AM,-1.99
10103,4/10/2022 11:42:40 AM,-2.46
10103,4/10/2022 11:42:44 AM,-1.99
10103,4/10/2022 11:42:48 AM,-1.99
10103,4/10/2022 11:42:52 AM,-1.99
10103,4/10/2022 11:42:56 AM,-1.99
10103,4/10/2022 11:43:00 AM,-2.67
10103,4/10/2022 11:43:04 AM,-2.46
10103,4/10/2022 11:43:08 AM,-1.55
10103,4/10/2022 11:43:12 AM,-2.66
10103,4/10/2022 11:43:16 AM,-1.77
10103,4/10/2022 11:43:20 AM,-1.76
10103,4/10/2022 11:43:24 AM,-1.99
10103,4/10/2022 11:43:28 AM,-1.99
10103,4/10/2022 11:43:32 AM,-1.55
10103,4/10/2022 11:43:36 AM,-1.99
10103,4/10/2022 11:43:40 AM,-2.21
10103,4/10/2022 11:43:44 AM,-2.23
10103,4/10/2022 11:43:48 AM,-1.99
10103,4/10/2022 11:43:52 AM,-1.74
10103,4/10/2022 11:43:56 AM,-1.79
10103,4/10/2022 11:44:00 AM,-3.35
10103,4/10/2022 11:44:04 AM,-2.46
10103,4/10/2022 11:44:08 AM,-2.44
10103,4/10/2022 11:44:12 AM,-2.68
10103,4/10/2022 11:44:16 AM,-1.77
10103,4/10/2022 11:44:20 AM,-1.76
10103,4/10/2022 11:44:24 AM,-1.99
10103,4/10/2022 11:44:28 AM,-1.78
10103,4/10/2022 11:44:32 AM,-2.21
10103,4/10/2022 11:44:36 AM,-2.00
10103,4/10/2022 11:44:40 AM,-1.99
10103,4/10/2022 11:44:44 AM,-1.99
10103,4/10/2022 11:44:48 AM,-1.99
10103,4/10/2022 11:44:52 AM,-2.68
10103,4/10/2022 11:44:56 AM,-1.79
10103,4/10/2022 11:45:00 AM,-2.66
10103,4/10/2022 11:45:04 AM,-1.99
10103,4/10/2022 11:45:08 AM,-2.44
10103,4/10/2022 11:45:12 AM,-3.35
10103,4/10/2022 11:45:16 AM,-1.99
10103,4/10/2022 11:45:20 AM,-1.99
10103,4/10/2022 11:45:24 AM,-1.99
10103,4/10/2022 11:45:28 AM,-1.99
10103,4/10/2022 11:45:32 AM,-2.44
10103,4/10/2022 11:45:36 AM,-1.32
10103,4/10/2022 11:45:40 AM,-2.21
10103,4/10/2022 11:45:44 AM,-2.68
10103,4/10/2022 11:45:48 AM,-3.36
10103,4/10/2022 11:45:52 AM,-1.99
10103,4/10/2022 11:45:56 AM,-1.99
10103,4/10/2022 11:46:00 AM,-2.67
10103,4/10/2022 11:46:04 AM,-1.99
10103,4/10/2022 11:46:08 AM,-1.99
10103,4/10/2022 11:46:12 AM,-1.99
10103,4/10/2022 11:46:16 AM,-2.68
10103,4/10/2022 11:46:20 AM,-2.68
10103,4/10/2022 11:46:24 AM,-2.00
10103,4/10/2022 11:46:28 AM,-2.43
10103,4/10/2022 11:46:32 AM,-2.47
10103,4/10/2022 11:46:36 AM,-2.67
10103,4/10/2022 11:46:40 AM,-2.46
10103,4/10/2022 11:46:44 AM,-2.44
10103,4/10/2022 11:46:48 AM,-2.68
10103,4/10/2022 11:46:52 AM,-1.99
10103,4/10/2022 11:46:56 AM,-1.99
10103,4/10/2022 11:47:00 AM,-1.99
10103,4/10/2022 11:47:04 AM,-1.99
10103,4/10/2022 11:47:08 AM,-1.55
10103,4/10/2022 11:47:12 AM,-1.98
10103,4/10/2022 11:47:16 AM,-2.21
10103,4/10/2022 11:47:20 AM,-2.23
10103,4/10/2022 11:47:24 AM,-3.36
10103,4/10/2022 11:47:28 AM,-2.21
10103,4/10/2022 11:47:32 AM,-2.68
10103,4/10/2022 11:47:36 AM,-2.68
10103,4/10/2022 11:47:40 AM,-1.99
10103,4/10/2022 11:47:44 AM,-1.54
10103,4/10/2022 11:47:48 AM,-1.99
10103,4/10/2022 11:47:52 AM,-1.99
10103,4/10/2022 11:47:56 AM,-1.99
10103,4/10/2022 11:48:00 AM,-2.67
10103,4/10/2022 11:48:04 AM,-2.44
10103,4/10/2022 11:48:08 AM,-2.94
10103,4/10/2022 11:48:12 AM,-2.00
10103,4/10/2022 11:48:16 AM,-1.99
10103,4/10/2022 11:48:20 AM,-2.89
10103,4/10/2022 11:48:24 AM,-2.00
10103,4/10/2022 11:48:28 AM,-2.92
10103,4/10/2022 11:48:32 AM,-2.90
10103,4/10/2022 11:48:36 AM,-1.32
10103,4/10/2022 11:48:40 AM,-2.68
10103,4/10/2022 11:48:44 AM,-2.23
10103,4/10/2022 11:48:48 AM,-2.68
10103,4/10/2022 11:48:52 AM,-2.46
10103,4/10/2022 11:48:56 AM,-1.99
10103,4/10/2022 11:49:00 AM,-1.99
10103,4/10/2022 11:49:04 AM,-2.46
10103,4/10/2022 11:49:08 AM,-1.99
10103,4/10/2022 11:49:12 AM,-1.99
10103,4/10/2022 11:49:16 AM,-1.99
10103,4/10/2022 11:49:20 AM,-1.54
10103,4/10/2022 11:49:24 AM,-1.99
10103,4/10/2022 11:49:28 AM,-2.46
10103,4/10/2022 11:49:32 AM,-1.99
10103,4/10/2022 11:49:36 AM,-3.36
10103,4/10/2022 11:49:40 AM,-1.99
10103,4/10/2022 11:49:44 AM,-2.44
10103,4/10/2022 11:49:48 AM,-3.36
10103,4/10/2022 11:49:52 AM,-2.70
10103,4/10/2022 11:49:56 AM,-1.76
10103,4/10/2022 11:50:00 AM,-3.36
10103,4/10/2022 11:50:04 AM,-1.99
10103,4/10/2022 11:50:08 AM,-1.59
10103,4/10/2022 11:50:12 AM,-1.99
10103,4/10/2022 11:50:16 AM,-2.22
10103,4/10/2022 11:50:20 AM,-2.23
10103,4/10/2022 11:50:24 AM,-1.99
10103,4/10/2022 11:50:28 AM,-2.46
10103,4/10/2022 11:50:32 AM,-1.99
10103,4/10/2022 11:50:36 AM,-1.99
10103,4/10/2022 11:50:40 AM,-1.99
10103,4/10/2022 11:50:44 AM,-1.99
10103,4/10/2022 11:50:48 AM,-2.67
10103,4/10/2022 11:50:52 AM,-1.99
10103,4/10/2022 11:50:56 AM,-2.44
10103,4/10/2022 11:51:00 AM,-2.00
10103,4/10/2022 11:51:04 AM,-1.53
10103,4/10/2022 11:51:08 AM,-1.99
10103,4/10/2022 11:51:12 AM,-1.99
10103,4/10/2022 11:51:16 AM,-1.99
10103,4/10/2022 11:51:20 AM,-1.99
10103,4/10/2022 11:51:24 AM,-2.67
10103,4/10/2022 11:51:28 AM,-1.99
10103,4/10/2022 11:51:32 AM,-1.99
10103,4/10/2022 11:51:36 AM,-1.99
10103,4/10/2022 11:51:40 AM,-2.22
10103,4/10/2022 11:51:44 AM,-2.23
10103,4/10/2022 11:51:48 AM,-2.67
10103,4/10/2022 11:51:52 AM,-2.90
10103,4/10/2022 11:51:56 AM,-2.47
10103,4/10/2022 11:52:00 AM,-1.99
10103,4/10/2022 11:52:04 AM,-2.46
10103,4/10/2022 11:52:08 AM,-2.40
10103,4/10/2022 11:52:12 AM,-1.33
10103,4/10/2022 11:52:16 AM,-2.22
10103,4/10/2022 11:52:20 AM,-2.68
10103,4/10/2022 11:52:24 AM,-2.68
10103,4/10/2022 11:52:28 AM,-1.99
10103,4/10/2022 11:52:32 AM,-1.99
10103,4/10/2022 11:52:36 AM,-1.31
10103,4/10/2022 11:52:40 AM,-2.21
10103,4/10/2022 11:52:44 AM,-2.23
10103,4/10/2022 11:52:48 AM,-2.67
10103,4/10/2022 11:52:52 AM,-2.22
10103,4/10/2022 11:52:56 AM,-2.23
10103,4/10/2022 11:53:00 AM,-1.99
10103,4/10/2022 11:53:04 AM,-1.99
10103,4/10/2022 11:53:08 AM,-1.99
10103,4/10/2022 11:53:12 AM,-2.67
10103,4/10/2022 11:53:16 AM,-2.92
10103,4/10/2022 11:53:20 AM,-1.99
10103,4/10/2022 11:53:24 AM,-2.67
10103,4/10/2022 11:53:28 AM,-2.46
10103,4/10/2022 11:53:32 AM,-2.89
10103,4/10/2022 11:53:36 AM,-2.00
10103,4/10/2022 11:53:40 AM,-2.68
10103,4/10/2022 11:53:44 AM,-2.68
10103,4/10/2022 11:53:48 AM,-2.00
10103,4/10/2022 11:53:52 AM,-2.46
10103,4/10/2022 11:53:56 AM,-1.99
10103,4/10/2022 11:54:00 AM,-1.99
10103,4/10/2022 11:54:04 AM,-1.99
10103,4/10/2022 11:54:08 AM,-1.99
10103,4/10/2022 11:54:12 AM,-1.99
10103,4/10/2022 11:54:16 AM,-1.99
10103,4/10/2022 11:54:20 AM,-2.44
10103,4/10/2022 11:54:24 AM,-2.68
10103,4/10/2022 11:54:28 AM,-2.21
10103,4/10/2022 11:54:32 AM,-2.23
10103,4/10/2022 11:54:36 AM,-1.31
10103,4/10/2022 11:54:40 AM,-1.53
10103,4/10/2022 11:54:44 AM,-1.99
10103,4/10/2022 11:54:48 AM,-3.35
10103,4/10/2022 11:54:52 AM,-2.22
10103,4/10/2022 11:54:56 AM,-2.23
10103,4/10/2022 11:55:00 AM,-1.99
10103,4/10/2022 11:55:04 AM,-1.53
10103,4/10/2022 11:55:08 AM,-2.44
10103,4/10/2022 11:55:12 AM,-2.00
10103,4/10/2022 11:55:16 AM,-2.68
10103,4/10/2022 11:55:20 AM,-2.23
10103,4/10/2022 11:55:24 AM,-1.32
10103,4/10/2022 11:55:28 AM,-2.46
10103,4/10/2022 11:55:32 AM,-2.44
10103,4/10/2022 11:55:36 AM,-2.00
10103,4/10/2022 11:55:40 AM,-1.99
10103,4/10/2022 11:55:44 AM,-1.99
10103,4/10/2022 11:55:48 AM,-1.99
10103,4/10/2022 11:55:52 AM,-2.21
10103,4/10/2022 11:55:56 AM,-2.23
10103,4/10/2022 11:56:00 AM,-2.67
10103,4/10/2022 11:56:04 AM,-2.68
10103,4/10/2022 11:56:08 AM,-2.23
10103,4/10/2022 11:56:12 AM,-1.99
10103,4/10/2022 11:56:16 AM,-2.46
10103,4/10/2022 11:56:20 AM,-2.44
10103,4/10/2022 11:56:24 AM,-3.35
10103,4/10/2022 11:56:28 AM,-1.95
10103,4/10/2022 11:56:32 AM,-2.92
10103,4/10/2022 11:56:36 AM,-2.00
10103,4/10/2022 11:56:40 AM,-3.15
10103,4/10/2022 11:56:44 AM,-2.23
10103,4/10/2022 11:56:48 AM,-1.99
10103,4/10/2022 11:56:52 AM,-2.68
10103,4/10/2022 11:56:56 AM,-2.23
10103,4/10/2022 11:57:00 AM,-1.99
10103,4/10/2022 11:57:04 AM,-2.90
10103,4/10/2022 11:57:08 AM,-2.02
10103,4/10/2022 11:57:12 AM,-1.98
10103,4/10/2022 11:57:16 AM,-2.21
10103,4/10/2022 11:57:20 AM,-2.23
10103,4/10/2022 11:57:24 AM,-1.99
10103,4/10/2022 11:57:28 AM,-2.46
10103,4/10/2022 11:57:32 AM,-1.99
10103,4/10/2022 11:57:36 AM,-1.99
10103,4/10/2022 11:57:40 AM,-1.99
10103,4/10/2022 11:57:44 AM,-2.44
10103,4/10/2022 11:57:48 AM,-2.68
10103,4/10/2022 11:57:52 AM,-1.99
10103,4/10/2022 11:57:56 AM,-2.89
10103,4/10/2022 11:58:00 AM,-2.68
10103,4/10/2022 11:58:04 AM,-2.68
10103,4/10/2022 11:58:08 AM,-2.23
10103,4/10/2022 11:58:12 AM,-2.57
10103,4/10/2022 11:58:16 AM,-2.22
10103,4/10/2022 11:58:20 AM,-2.68
10103,4/10/2022 11:58:24 AM,-1.32
10103,4/10/2022 11:58:28 AM,-1.75
10103,4/10/2022 11:58:32 AM,-2.23
10103,4/10/2022 11:58:36 AM,-2.67
10103,4/10/2022 11:58:40 AM,-2.46
10103,4/10/2022 11:58:44 AM,-1.99
10103,4/10/2022 11:58:48 AM,-1.99
10103,4/10/2022 11:58:52 AM,-1.76
10103,4/10/2022 11:58:56 AM,-3.13
10103,4/10/2022 11:59:00 AM,-2.00
10103,4/10/2022 11:59:04 AM,-2.44
10103,4/10/2022 11:59:08 AM,-2.91
10103,4/10/2022 11:59:12 AM,-2.68
10103,4/10/2022 11:59:16 AM,-2.68
10103,4/10/2022 11:59:20 AM,-1.78
10103,4/10/2022 11:59:24 AM,-2.67
10103,4/10/2022 11:59:28 AM,-2.68
10103,4/10/2022 11:59:32 AM,-2.23
10103,4/10/2022 11:59:36 AM,-3.35
10103,4/10/2022 11:59:40 AM,-2.46
10103,4/10/2022 11:59:44 AM,-2.44
10103,4/10/2022 11:59:48 AM,-2.68
10103,4/10/2022 11:59:52 AM,-1.99
10103,4/10/2022 11:59:56 AM,-1.99
10103,4/10/2022 12:00:00 PM,-1.99
10103,4/10/2022 12:00:04 PM,-1.99
10103,4/10/2022 12:00:08 PM,-1.54
10103,4/10/2022 12:00:12 PM,-1.99
10103,4/10/2022 12:00:16 PM,-2.18
10103,4/10/2022 12:00:20 PM,-2.68
10103,4/10/2022 12:00:24 PM,-2.00
10103,4/10/2022 12:00:28 PM,-2.21
10103,4/10/2022 12:00:32 PM,-2.23
10103,4/10/2022 12:00:36 PM,-3.35
10103,4/10/2022 12:00:40 PM,-1.99
10103,4/10/2022 12:00:44 PM,-1.99
10103,4/10/2022 12:00:48 PM,-1.99
10103,4/10/2022 12:00:52 PM,-1.99
10103,4/10/2022 12:00:56 PM,-1.99
10103,4/10/2022 12:01:00 PM,-2.67
10103,4/10/2022 12:01:04 PM,-1.99
10103,4/10/2022 12:01:08 PM,-1.99
10103,4/10/2022 12:01:12 PM,-2.67
10103,4/10/2022 12:01:16 PM,-2.22
10103,4/10/2022 12:01:20 PM,-2.23
10103,4/10/2022 12:01:24 PM,-1.99
10103,4/10/2022 12:01:28 PM,-2.21
10103,4/10/2022 12:01:32 PM,-2.68
10103,4/10/2022 12:01:36 PM,-2.00
10103,4/10/2022 12:01:40 PM,-2.22
10103,4/10/2022 12:01:44 PM,-2.68
10103,4/10/2022 12:01:48 PM,-3.36
10103,4/10/2022 12:01:52 PM,-1.99
10103,4/10/2022 12:01:56 PM,-1.99
10103,4/10/2022 12:02:00 PM,-1.99
10103,4/10/2022 12:02:04 PM,-1.77
10103,4/10/2022 12:02:08 PM,-1.76
10103,4/10/2022 12:02:12 PM,-1.99
10103,4/10/2022 12:02:16 PM,-1.99
10103,4/10/2022 12:02:20 PM,-1.99
10103,4/10/2022 12:02:24 PM,-1.99
10103,4/10/2022 12:02:28 PM,-2.46
10103,4/10/2022 12:02:32 PM,-2.89
10103,4/10/2022 12:02:36 PM,-2.00
10103,4/10/2022 12:02:40 PM,-3.14
10103,4/10/2022 12:02:44 PM,-2.23
10103,4/10/2022 12:02:48 PM,-1.99
10103,4/10/2022 12:02:52 PM,-1.99
10103,4/10/2022 12:02:56 PM,-1.99
10103,4/10/2022 12:03:00 PM,-2.67
10103,4/10/2022 12:03:04 PM,-2.21
10103,4/10/2022 12:03:08 PM,-2.23
10103,4/10/2022 12:03:12 PM,-3.35
10103,4/10/2022 12:03:16 PM,-2.46
10103,4/10/2022 12:03:20 PM,-2.89
10103,4/10/2022 12:03:24 PM,-2.68
10103,4/10/2022 12:03:28 PM,-1.78
10103,4/10/2022 12:03:32 PM,-1.31
10103,4/10/2022 12:03:36 PM,-1.99
10103,4/10/2022 12:03:40 PM,-2.90
10103,4/10/2022 12:03:44 PM,-2.47
10103,4/10/2022 12:03:48 PM,-1.99
10103,4/10/2022 12:03:52 PM,-2.46
10103,4/10/2022 12:03:56 PM,-1.99
10103,4/10/2022 12:04:00 PM,-1.32
10103,4/10/2022 12:04:04 PM,-2.22
10103,4/10/2022 12:04:08 PM,-2.23
10103,4/10/2022 12:04:12 PM,-1.32
10103,4/10/2022 12:04:16 PM,-1.99
10103,4/10/2022 12:04:20 PM,-1.99
10103,4/10/2022 12:04:24 PM,-2.67
10103,4/10/2022 12:04:28 PM,-1.99
10103,4/10/2022 12:04:32 PM,-1.54
10103,4/10/2022 12:04:36 PM,-2.67
10103,4/10/2022 12:04:40 PM,-1.99
10103,4/10/2022 12:04:44 PM,-1.99
10103,4/10/2022 12:04:48 PM,-3.35
10103,4/10/2022 12:04:52 PM,-1.77
10103,4/10/2022 12:04:56 PM,-1.76
10103,4/10/2022 12:05:00 PM,-3.35
10103,4/10/2022 12:05:04 PM,-2.90
10103,4/10/2022 12:05:08 PM,-2.92
10103,4/10/2022 12:05:12 PM,-2.68
10103,4/10/2022 12:05:16 PM,-2.68
10103,4/10/2022 12:05:20 PM,-2.23
10103,4/10/2022 12:05:24 PM,-1.99
10103,4/10/2022 12:05:28 PM,-2.46
10103,4/10/2022 12:05:32 PM,-2.44
10103,4/10/2022 12:05:36 PM,-2.01
10103,4/10/2022 12:05:40 PM,-2.21
10103,4/10/2022 12:05:44 PM,-2.68
10103,4/10/2022 12:05:48 PM,-2.00
10103,4/10/2022 12:05:52 PM,-1.53
10103,4/10/2022 12:05:56 PM,-1.99
10103,4/10/2022 12:06:00 PM,-1.32
10103,4/10/2022 12:06:04 PM,-2.68
10103,4/10/2022 12:06:08 PM,-3.13
10103,4/10/2022 12:06:12 PM,-2.69
10103,4/10/2022 12:06:16 PM,-2.46
10103,4/10/2022 12:06:20 PM,-2.89
10103,4/10/2022 12:06:24 PM,-3.36
10103,4/10/2022 12:06:28 PM,-1.99
10103,4/10/2022 12:06:32 PM,-1.99
10103,4/10/2022 12:06:36 PM,-1.99
10103,4/10/2022 12:06:40 PM,-2.68
10103,4/10/2022 12:06:44 PM,-2.68
10103,4/10/2022 12:06:48 PM,-2.00
10103,4/10/2022 12:06:52 PM,-1.99
10103,4/10/2022 12:06:56 PM,-2.44
10103,4/10/2022 12:07:00 PM,-2.00
10103,4/10/2022 12:07:04 PM,-2.21
10103,4/10/2022 12:07:08 PM,-2.68
10103,4/10/2022 12:07:12 PM,-2.00
10103,4/10/2022 12:07:16 PM,-2.46
10103,4/10/2022 12:07:20 PM,-1.99
10103,4/10/2022 12:07:24 PM,-2.67
10103,4/10/2022 12:07:28 PM,-1.31
10103,4/10/2022 12:07:32 PM,-1.76
10103,4/10/2022 12:07:36 PM,-2.67
10103,4/10/2022 12:07:40 PM,-1.99
10103,4/10/2022 12:07:44 PM,-2.89
10103,4/10/2022 12:07:48 PM,-1.33
10103,4/10/2022 12:07:52 PM,-2.68
10103,4/10/2022 12:07:56 PM,-2.68
10103,4/10/2022 12:08:00 PM,-2.00
10103,4/10/2022 12:08:04 PM,-1.77
10103,4/10/2022 12:08:08 PM,-1.76
10103,4/10/2022 12:08:12 PM,-1.99
10103,4/10/2022 12:08:16 PM,-2.46
10103,4/10/2022 12:08:20 PM,-2.44
10103,4/10/2022 12:08:24 PM,-2.68
10103,4/10/2022 12:08:28 PM,-2.68
10103,4/10/2022 12:08:32 PM,-2.68
10103,4/10/2022 12:08:36 PM,-3.36
10103,4/10/2022 12:08:40 PM,-1.99
10103,4/10/2022 12:08:44 PM,-1.99
10103,4/10/2022 12:08:48 PM,-2.67
10103,4/10/2022 12:08:52 PM,-2.24
10103,4/10/2022 12:08:56 PM,-2.20
10103,4/10/2022 12:09:00 PM,-2.68
10103,4/10/2022 12:09:04 PM,-2.46
10103,4/10/2022 12:09:08 PM,-1.99
10103,4/10/2022 12:09:12 PM,-2.67
10103,4/10/2022 12:09:16 PM,-2.21
10103,4/10/2022 12:09:20 PM,-2.23
10103,4/10/2022 12:09:24 PM,-3.34
10103,4/10/2022 12:09:28 PM,-2.94
10103,4/10/2022 12:09:32 PM,-1.99
10103,4/10/2022 12:09:36 PM,-1.32
10103,4/10/2022 12:09:40 PM,-2.68
10103,4/10/2022 12:09:44 PM,-2.68
10103,4/10/2022 12:09:48 PM,-2.00
10103,4/10/2022 12:09:52 PM,-2.24
10103,4/10/2022 12:09:56 PM,-1.75
10103,4/10/2022 12:10:00 PM,-2.67
10103,4/10/2022 12:10:04 PM,-1.99
10103,4/10/2022 12:10:08 PM,-2.44
10103,4/10/2022 12:10:12 PM,-2.00
10103,4/10/2022 12:10:16 PM,-2.43
10103,4/10/2022 12:10:20 PM,-3.36
10103,4/10/2022 12:10:24 PM,-2.00
10103,4/10/2022 12:10:28 PM,-1.99
10103,4/10/2022 12:10:32 PM,-1.99
10103,4/10/2022 12:10:36 PM,-1.31
10103,4/10/2022 12:10:40 PM,-2.46
10103,4/10/2022 12:10:44 PM,-2.44
10103,4/10/2022 12:10:48 PM,-1.32
10103,4/10/2022 12:10:52 PM,-2.23
10103,4/10/2022 12:10:56 PM,-2.21
10103,4/10/2022 12:11:00 PM,-1.32
10103,4/10/2022 12:11:04 PM,-2.90
10103,4/10/2022 12:11:08 PM,-2.91
10103,4/10/2022 12:11:12 PM,-2.68
10103,4/10/2022 12:11:16 PM,-2.22
10103,4/10/2022 12:11:20 PM,-2.68
10103,4/10/2022 12:11:24 PM,-3.36
10103,4/10/2022 12:11:28 PM,-2.46
10103,4/10/2022 12:11:32 PM,-1.54
10103,4/10/2022 12:11:36 PM,-1.98
10103,4/10/2022 12:11:40 PM,-2.68
10103,4/10/2022 12:11:44 PM,-3.13
10103,4/10/2022 12:11:48 PM,-2.00
10103,4/10/2022 12:11:52 PM,-1.99
10103,4/10/2022 12:11:56 PM,-2.89
10103,4/10/2022 12:12:00 PM,-2.68
10103,4/10/2022 12:12:04 PM,-1.99
10103,4/10/2022 12:12:08 PM,-1.54
10103,4/10/2022 12:12:12 PM,-3.34
10103,4/10/2022 12:12:16 PM,-1.53
10103,4/10/2022 12:12:20 PM,-2.44
10103,4/10/2022 12:12:24 PM,-2.00
10103,4/10/2022 12:12:28 PM,-2.11
10103,4/10/2022 12:12:32 PM,-2.23
10103,4/10/2022 12:12:36 PM,-2.67
10103,4/10/2022 12:12:40 PM,-2.68
10103,4/10/2022 12:12:44 PM,-2.23
10103,4/10/2022 12:12:48 PM,-1.99
10103,4/10/2022 12:12:52 PM,-2.22
10103,4/10/2022 12:12:56 PM,-2.68
10103,4/10/2022 12:13:00 PM,-2.00
10103,4/10/2022 12:13:04 PM,-2.46
10103,4/10/2022 12:13:08 PM,-1.54
10103,4/10/2022 12:13:12 PM,-1.31
10103,4/10/2022 12:13:16 PM,-2.68
10103,4/10/2022 12:13:20 PM,-2.68
10103,4/10/2022 12:13:24 PM,-2.00
10103,4/10/2022 12:13:28 PM,-2.46
10103,4/10/2022 12:13:32 PM,-2.89
10103,4/10/2022 12:13:36 PM,-2.00
10103,4/10/2022 12:13:40 PM,-2.22
10103,4/10/2022 12:13:44 PM,-2.23
10103,4/10/2022 12:13:48 PM,-2.67
10103,4/10/2022 12:13:52 PM,-1.99
10103,4/10/2022 12:13:56 PM,-2.89
10103,4/10/2022 12:14:00 PM,-2.00
10103,4/10/2022 12:14:04 PM,-2.46
10103,4/10/2022 12:14:08 PM,-1.99
10103,4/10/2022 12:14:12 PM,-1.99
10103,4/10/2022 12:14:16 PM,-1.77
10103,4/10/2022 12:14:20 PM,-2.21
10103,4/10/2022 12:14:24 PM,-2.68
10103,4/10/2022 12:14:28 PM,-2.21
10103,4/10/2022 12:14:32 PM,-2.23
10103,4/10/2022 12:14:36 PM,-2.67
10103,4/10/2022 12:14:40 PM,-2.21
10103,4/10/2022 12:14:44 PM,-2.68
10103,4/10/2022 12:14:48 PM,-2.00
10103,4/10/2022 12:14:52 PM,-1.53
10103,4/10/2022 12:14:56 PM,-1.99
10103,4/10/2022 12:15:00 PM,-3.34
10103,4/10/2022 12:15:04 PM,-1.99
10103,4/10/2022 12:15:08 PM,-2.44
10103,4/10/2022 12:15:12 PM,-2.00
10103,4/10/2022 12:15:16 PM,-2.68
10103,4/10/2022 12:15:20 PM,-3.08
10103,4/10/2022 12:15:24 PM,-2.00
10103,4/10/2022 12:15:28 PM,-3.14
10103,4/10/2022 12:15:32 PM,-2.68
10103,4/10/2022 12:15:36 PM,-2.00
10103,4/10/2022 12:15:40 PM,-2.46
10103,4/10/2022 12:15:44 PM,-1.99
10103,4/10/2022 12:15:48 PM,-2.67
10103,4/10/2022 12:15:52 PM,-1.99
10103,4/10/2022 12:15:56 PM,-1.99
10103,4/10/2022 12:16:00 PM,-1.32
10103,4/10/2022 12:16:04 PM,-2.22
10103,4/10/2022 12:16:08 PM,-2.68
10103,4/10/2022 12:16:12 PM,-2.00
10103,4/10/2022 12:16:16 PM,-2.68
10103,4/10/2022 12:16:20 PM,-2.68
10103,4/10/2022 12:16:24 PM,-2.00
10103,4/10/2022 12:16:28 PM,-2.92
10103,4/10/2022 12:16:32 PM,-1.54
10103,4/10/2022 12:16:36 PM,-2.65
10103,4/10/2022 12:16:40 PM,-2.92
10103,4/10/2022 12:16:44 PM,-2.44
10103,4/10/2022 12:16:48 PM,-2.68
10103,4/10/2022 12:16:52 PM,-2.68
10103,4/10/2022 12:16:56 PM,-2.68
10103,4/10/2022 12:17:00 PM,-2.68
10103,4/10/2022 12:17:04 PM,-1.75
10103,4/10/2022 12:17:08 PM,-2.23
10103,4/10/2022 12:17:12 PM,-2.67
10103,4/10/2022 12:17:16 PM,-1.99
10103,4/10/2022 12:17:20 PM,-2.44
10103,4/10/2022 12:17:24 PM,-2.68
10103,4/10/2022 12:17:28 PM,-2.21
10103,4/10/2022 12:17:32 PM,-3.13
10103,4/10/2022 12:17:36 PM,-2.01
10103,4/10/2022 12:17:40 PM,-2.46
10103,4/10/2022 12:17:44 PM,-2.44
10103,4/10/2022 12:17:48 PM,-2.68
10103,4/10/2022 12:17:52 PM,-2.21
10103,4/10/2022 12:17:56 PM,-2.68
10103,4/10/2022 12:18:00 PM,-2.00
10103,4/10/2022 12:18:04 PM,-2.46
10103,4/10/2022 12:18:08 PM,-2.44
10103,4/10/2022 12:18:12 PM,-2.68
10103,4/10/2022 12:18:16 PM,-2.21
10103,4/10/2022 12:18:20 PM,-2.68
10103,4/10/2022 12:18:24 PM,-3.35
10103,4/10/2022 12:18:28 PM,-2.46
10103,4/10/2022 12:18:32 PM,-1.99
10103,4/10/2022 12:18:36 PM,-2.67
10103,4/10/2022 12:18:40 PM,-2.21
10103,4/10/2022 12:18:44 PM,-3.13
10103,4/10/2022 12:18:48 PM,-2.68
10103,4/10/2022 12:18:52 PM,-1.99
10103,4/10/2022 12:18:56 PM,-1.99
10103,4/10/2022 12:19:00 PM,-2.67
10103,4/10/2022 12:19:04 PM,-2.46
10103,4/10/2022 12:19:08 PM,-2.44
10103,4/10/2022 12:19:12 PM,-2.68
10103,4/10/2022 12:19:16 PM,-2.68
10103,4/10/2022 12:19:20 PM,-3.13
10103,4/10/2022 12:19:24 PM,-2.01
10103,4/10/2022 12:19:28 PM,-1.99
10103,4/10/2022 12:19:32 PM,-1.99
10103,4/10/2022 12:19:36 PM,-2.67
10103,4/10/2022 12:19:40 PM,-2.21
10103,4/10/2022 12:19:44 PM,-2.68
10103,4/10/2022 12:19:48 PM,-2.68
10103,4/10/2022 12:19:52 PM,-2.46
10103,4/10/2022 12:19:56 PM,-1.99
10103,4/10/2022 12:20:00 PM,-2.67
10103,4/10/2022 12:20:04 PM,-2.21
10103,4/10/2022 12:20:08 PM,-2.68
10103,4/10/2022 12:20:12 PM,-2.00
10103,4/10/2022 12:20:16 PM,-2.46
10103,4/10/2022 12:20:20 PM,-1.99
10103,4/10/2022 12:20:24 PM,-1.99
10103,4/10/2022 12:20:28 PM,-2.68
10103,4/10/2022 12:20:32 PM,-3.13
10103,4/10/2022 12:20:36 PM,-2.01
10103,4/10/2022 12:20:40 PM,-2.21
10103,4/10/2022 12:20:44 PM,-2.23
10103,4/10/2022 12:20:48 PM,-3.35
10103,4/10/2022 12:20:52 PM,-2.44
10103,4/10/2022 12:20:56 PM,-2.99
10103,4/10/2022 12:21:00 PM,-2.00
10103,4/10/2022 12:21:04 PM,-1.99
10103,4/10/2022 12:21:08 PM,-2.44
10103,4/10/2022 12:21:12 PM,-2.00
10103,4/10/2022 12:21:16 PM,-1.99
10103,4/10/2022 12:21:20 PM,-1.99
10103,4/10/2022 12:21:24 PM,-1.99
10103,4/10/2022 12:21:28 PM,-1.99
10103,4/10/2022 12:21:32 PM,-1.99
10103,4/10/2022 12:21:36 PM,-2.67
10103,4/10/2022 12:21:40 PM,-1.99
10103,4/10/2022 12:21:44 PM,-1.99
10103,4/10/2022 12:21:48 PM,-1.99
10103,4/10/2022 12:21:52 PM,-2.90
10103,4/10/2022 12:21:56 PM,-2.92
10103,4/10/2022 12:22:00 PM,-2.00
10103,4/10/2022 12:22:04 PM,-2.92
10103,4/10/2022 12:22:08 PM,-2.44
10103,4/10/2022 12:22:12 PM,-2.68
10103,4/10/2022 12:22:16 PM,-2.46
10103,4/10/2022 12:22:20 PM,-1.99
10103,4/10/2022 12:22:24 PM,-1.99
10103,4/10/2022 12:22:28 PM,-1.99
10103,4/10/2022 12:22:32 PM,-1.99
10103,4/10/2022 12:22:36 PM,-2.67
10103,4/10/2022 12:22:40 PM,-2.21
10103,4/10/2022 12:22:44 PM,-2.23
10103,4/10/2022 12:22:48 PM,-1.99
10103,4/10/2022 12:22:52 PM,-2.21
10103,4/10/2022 12:22:56 PM,-2.68
10103,4/10/2022 12:23:00 PM,-2.68
10103,4/10/2022 12:23:04 PM,-2.46
10103,4/10/2022 12:23:08 PM,-2.89
10103,4/10/2022 12:23:12 PM,-2.01
10103,4/10/2022 12:23:16 PM,-2.92
10103,4/10/2022 12:23:20 PM,-1.99
10103,4/10/2022 12:23:24 PM,-2.67
10103,4/10/2022 12:23:28 PM,-2.24
10103,4/10/2022 12:23:32 PM,-2.20
10103,4/10/2022 12:23:36 PM,-2.00
10103,4/10/2022 12:23:40 PM,-1.99
10103,4/10/2022 12:23:44 PM,-1.99
10103,4/10/2022 12:23:48 PM,-1.99
10103,4/10/2022 12:23:52 PM,-2.68
10103,4/10/2022 12:23:56 PM,-2.23
10103,4/10/2022 12:24:00 PM,-1.99
10103,4/10/2022 12:24:04 PM,-2.21
10103,4/10/2022 12:24:08 PM,-3.13
10103,4/10/2022 12:24:12 PM,-2.69
10103,4/10/2022 12:24:16 PM,-2.46
10103,4/10/2022 12:24:20 PM,-1.99
10103,4/10/2022 12:24:24 PM,-1.99
10103,4/10/2022 12:24:28 PM,-2.21
10103,4/10/2022 12:24:32 PM,-2.68
10103,4/10/2022 12:24:36 PM,-2.00
10103,4/10/2022 12:24:40 PM,-2.43
10103,4/10/2022 12:24:44 PM,-2.92
10103,4/10/2022 12:24:48 PM,-2.68
10103,4/10/2022 12:24:52 PM,-2.92
10103,4/10/2022 12:24:56 PM,-1.99
10103,4/10/2022 12:25:00 PM,-1.99
10103,4/10/2022 12:25:04 PM,-2.21
10103,4/10/2022 12:25:08 PM,-2.68
10103,4/10/2022 12:25:12 PM,-2.68
10103,4/10/2022 12:25:16 PM,-2.23
10103,4/10/2022 12:25:20 PM,-1.71
10103,4/10/2022 12:25:24 PM,-2.67
10103,4/10/2022 12:25:28 PM,-1.99
10103,4/10/2022 12:25:32 PM,-2.44
10103,4/10/2022 12:25:36 PM,-2.68
10103,4/10/2022 12:25:40 PM,-2.46
10103,4/10/2022 12:25:44 PM,-2.44
10103,4/10/2022 12:25:48 PM,-2.00
10103,4/10/2022 12:25:52 PM,-2.22
10103,4/10/2022 12:25:56 PM,-1.78
10103,4/10/2022 12:26:00 PM,-1.99
10103,4/10/2022 12:26:04 PM,-1.99
10103,4/10/2022 12:26:08 PM,-2.45
10103,4/10/2022 12:26:12 PM,-2.68
10103,4/10/2022 12:26:16 PM,-2.46
10103,4/10/2022 12:26:20 PM,-1.99
10103,4/10/2022 12:26:24 PM,-2.68
10103,4/10/2022 12:26:28 PM,-1.99
10103,4/10/2022 12:26:32 PM,-1.54
10103,4/10/2022 12:26:36 PM,-3.34
10103,4/10/2022 12:26:40 PM,-3.14
10103,4/10/2022 12:26:44 PM,-2.23
10103,4/10/2022 12:26:48 PM,-1.99
10103,4/10/2022 12:26:52 PM,-3.14
10103,4/10/2022 12:26:56 PM,-1.78
10103,4/10/2022 12:27:00 PM,-2.67
10103,4/10/2022 12:27:04 PM,-1.99
10103,4/10/2022 12:27:08 PM,-2.44
10103,4/10/2022 12:27:12 PM,-2.00
10103,4/10/2022 12:27:16 PM,-1.99
10103,4/10/2022 12:27:20 PM,-1.99
10103,4/10/2022 12:27:24 PM,-3.36
10103,4/10/2022 12:27:28 PM,-2.68
10103,4/10/2022 12:27:32 PM,-2.68
10103,4/10/2022 12:27:36 PM,-2.68
10103,4/10/2022 12:27:40 PM,-2.46
10103,4/10/2022 12:27:44 PM,-1.99
10103,4/10/2022 12:27:48 PM,-3.36
10103,4/10/2022 12:27:52 PM,-2.22
10103,4/10/2022 12:27:56 PM,-2.23
10103,4/10/2022 12:28:00 PM,-1.99
10103,4/10/2022 12:28:04 PM,-3.14
10103,4/10/2022 12:28:08 PM,-2.23
10103,4/10/2022 12:28:12 PM,-2.67
10103,4/10/2022 12:28:16 PM,-2.46
10103,4/10/2022 12:28:20 PM,-1.99
10103,4/10/2022 12:28:24 PM,-2.67
10103,4/10/2022 12:28:28 PM,-2.21
10103,4/10/2022 12:28:32 PM,-2.23
10103,4/10/2022 12:28:36 PM,-2.67
10103,4/10/2022 12:28:40 PM,-2.46
10103,4/10/2022 12:28:44 PM,-1.99
10103,4/10/2022 12:28:48 PM,-1.99
10103,4/10/2022 12:28:52 PM,-2.22
10103,4/10/2022 12:28:56 PM,-2.68
10103,4/10/2022 12:29:00 PM,-2.00
10103,4/10/2022 12:29:04 PM,-2.92
10103,4/10/2022 12:29:08 PM,-2.44
10103,4/10/2022 12:29:12 PM,-2.00
10103,4/10/2022 12:29:16 PM,-2.46
10103,4/10/2022 12:29:20 PM,-1.99
10103,4/10/2022 12:29:24 PM,-3.35
10103,4/10/2022 12:29:28 PM,-2.46
10103,4/10/2022 12:29:32 PM,-2.44
10103,4/10/2022 12:29:36 PM,-2.68
10103,4/10/2022 12:29:40 PM,-2.68
10103,4/10/2022 12:29:44 PM,-2.68
10103,4/10/2022 12:29:48 PM,-2.68
10103,4/10/2022 12:29:52 PM,-3.15
10103,4/10/2022 12:29:56 PM,-2.23
10103,4/10/2022 12:30:00 PM,-2.67
10103,4/10/2022 12:30:04 PM,-3.14
10103,4/10/2022 12:30:08 PM,-2.68
10103,4/10/2022 12:30:12 PM,-2.68
10103,4/10/2022 12:30:16 PM,-2.68
10103,4/10/2022 12:30:20 PM,-3.13
10103,4/10/2022 12:30:24 PM,-2.00
10103,4/10/2022 12:30:28 PM,-2.21
10103,4/10/2022 12:30:32 PM,-2.23
10103,4/10/2022 12:30:36 PM,-2.67
10103,4/10/2022 12:30:40 PM,-1.31
10103,4/10/2022 12:30:44 PM,-2.20
10103,4/10/2022 12:30:48 PM,-2.68
10103,4/10/2022 12:30:52 PM,-2.92
10103,4/10/2022 12:30:56 PM,-2.38
10103,4/10/2022 12:31:00 PM,-2.68
10103,4/10/2022 12:31:04 PM,-3.36
10103,4/10/2022 12:31:08 PM,-2.47
10103,4/10/2022 12:31:12 PM,-1.99
10103,4/10/2022 12:31:16 PM,-2.22
10103,4/10/2022 12:31:20 PM,-3.12
10103,4/10/2022 12:31:24 PM,-2.01
10103,4/10/2022 12:31:28 PM,-2.68
10103,4/10/2022 12:31:32 PM,-2.68
10103,4/10/2022 12:31:36 PM,-2.68
10103,4/10/2022 12:31:40 PM,-3.36
10103,4/10/2022 12:31:44 PM,-2.47
10103,4/10/2022 12:31:48 PM,-1.99
10103,4/10/2022 12:31:52 PM,-1.99
10103,4/10/2022 12:31:56 PM,-1.99
10103,4/10/2022 12:32:00 PM,-1.99
10103,4/10/2022 12:32:04 PM,-2.46
10103,4/10/2022 12:32:08 PM,-2.44
10103,4/10/2022 12:32:12 PM,-2.00
10103,4/10/2022 12:32:16 PM,-2.68
10103,4/10/2022 12:32:20 PM,-2.23
10103,4/10/2022 12:32:24 PM,-1.99
10103,4/10/2022 12:32:28 PM,-2.21
10103,4/10/2022 12:32:32 PM,-2.68
10103,4/10/2022 12:32:36 PM,-1.32
10103,4/10/2022 12:32:40 PM,-3.14
10103,4/10/2022 12:32:44 PM,-2.68
10103,4/10/2022 12:32:48 PM,-3.36
10103,4/10/2022 12:32:52 PM,-1.99
10103,4/10/2022 12:32:56 PM,-2.44
10103,4/10/2022 12:33:00 PM,-2.68
10103,4/10/2022 12:33:04 PM,-1.99
10103,4/10/2022 12:33:08 PM,-1.99
10103,4/10/2022 12:33:12 PM,-2.67
10103,4/10/2022 12:33:16 PM,-2.92
10103,4/10/2022 12:33:20 PM,-2.44
10103,4/10/2022 12:33:24 PM,-3.36
10103,4/10/2022 12:33:28 PM,-2.68
10103,4/10/2022 12:33:32 PM,-2.68
10103,4/10/2022 12:33:36 PM,-3.36
10103,4/10/2022 12:33:40 PM,-2.21
10103,4/10/2022 12:33:44 PM,-3.12
10103,4/10/2022 12:33:48 PM,-2.68
10103,4/10/2022 12:33:52 PM,-3.14
10103,4/10/2022 12:33:56 PM,-2.68
10103,4/10/2022 12:34:00 PM,-2.00
10103,4/10/2022 12:34:04 PM,-2.46
10103,4/10/2022 12:34:08 PM,-2.44
10103,4/10/2022 12:34:12 PM,-3.35
10103,4/10/2022 12:34:16 PM,-2.68
10103,4/10/2022 12:34:20 PM,-3.13
10103,4/10/2022 12:34:24 PM,-2.68
10103,4/10/2022 12:34:28 PM,-1.99
10103,4/10/2022 12:34:32 PM,-1.99
10103,4/10/2022 12:34:36 PM,-1.99
10103,4/10/2022 12:34:40 PM,-2.68
10103,4/10/2022 12:34:44 PM,-2.68
10103,4/10/2022 12:34:48 PM,-2.68
10103,4/10/2022 12:34:52 PM,-2.68
10103,4/10/2022 12:34:56 PM,-2.23
10103,4/10/2022 12:35:00 PM,-2.67
10103,4/10/2022 12:35:04 PM,-2.68
10103,4/10/2022 12:35:08 PM,-2.68
10103,4/10/2022 12:35:12 PM,-2.68
10103,4/10/2022 12:35:16 PM,-2.21
10103,4/10/2022 12:35:20 PM,-2.68
10103,4/10/2022 12:35:24 PM,-2.68
10103,4/10/2022 12:35:28 PM,-2.68
10103,4/10/2022 12:35:32 PM,-2.68
10103,4/10/2022 12:35:36 PM,-2.68
10103,4/10/2022 12:35:40 PM,-2.68
10103,4/10/2022 12:35:44 PM,-2.23
10103,4/10/2022 12:35:48 PM,-2.67
10103,4/10/2022 12:35:52 PM,-2.46
10103,4/10/2022 12:35:56 PM,-1.99
10103,4/10/2022 12:36:00 PM,-1.99
10103,4/10/2022 12:36:04 PM,-2.68
10103,4/10/2022 12:36:08 PM,-3.13
10103,4/10/2022 12:36:12 PM,-2.69
10103,4/10/2022 12:36:16 PM,-2.68
10103,4/10/2022 12:36:20 PM,-2.24
10103,4/10/2022 12:36:24 PM,-1.99
10103,4/10/2022 12:36:28 PM,-2.68
10103,4/10/2022 12:36:32 PM,-2.68
10103,4/10/2022 12:36:36 PM,-2.00
10103,4/10/2022 12:36:40 PM,-2.21
10103,4/10/2022 12:36:44 PM,-2.23
10103,4/10/2022 12:36:48 PM,-3.35
10103,4/10/2022 12:36:52 PM,-2.50
10103,4/10/2022 12:36:56 PM,-2.41
10103,4/10/2022 12:37:00 PM,-2.00
10103,4/10/2022 12:37:04 PM,-1.99
10103,4/10/2022 12:37:08 PM,-2.39
10103,4/10/2022 12:37:12 PM,-2.68
10103,4/10/2022 12:37:16 PM,-2.68
10103,4/10/2022 12:37:20 PM,-3.13
10103,4/10/2022 12:37:24 PM,-2.00
10103,4/10/2022 12:37:28 PM,-2.21
10103,4/10/2022 12:37:32 PM,-2.23
10103,4/10/2022 12:37:36 PM,-2.68
10103,4/10/2022 12:37:40 PM,-2.44
10103,4/10/2022 12:37:44 PM,-2.46
10103,4/10/2022 12:37:48 PM,-1.99
10103,4/10/2022 12:37:52 PM,-2.44
10103,4/10/2022 12:37:56 PM,-3.36
10103,4/10/2022 12:38:00 PM,-2.68
10103,4/10/2022 12:38:04 PM,-2.44
10103,4/10/2022 12:38:08 PM,-2.46
10103,4/10/2022 12:38:12 PM,-1.99
10103,4/10/2022 12:38:16 PM,-2.68
10103,4/10/2022 12:38:20 PM,-2.68
10103,4/10/2022 12:38:24 PM,-2.00
10103,4/10/2022 12:38:28 PM,-2.68
10103,4/10/2022 12:38:32 PM,-2.23
10103,4/10/2022 12:38:36 PM,-4.04
10103,4/10/2022 12:38:40 PM,-2.90
10103,4/10/2022 12:38:44 PM,-2.91
10103,4/10/2022 12:38:48 PM,-2.00
10103,4/10/2022 12:38:52 PM,-2.68
10103,4/10/2022 12:38:56 PM,-2.23
10103,4/10/2022 12:39:00 PM,-1.99
10103,4/10/2022 12:39:04 PM,-2.68
10103,4/10/2022 12:39:08 PM,-2.68
10103,4/10/2022 12:39:12 PM,-2.00
10103,4/10/2022 12:39:16 PM,-2.46
10103,4/10/2022 12:39:20 PM,-2.90
10103,4/10/2022 12:39:24 PM,-2.68
10103,4/10/2022 12:39:28 PM,-2.92
10103,4/10/2022 12:39:32 PM,-2.44
10103,4/10/2022 12:39:36 PM,-2.68
10103,4/10/2022 12:39:40 PM,-2.68
10103,4/10/2022 12:39:44 PM,-2.23
10103,4/10/2022 12:39:48 PM,-2.67
10103,4/10/2022 12:39:52 PM,-2.46
10103,4/10/2022 12:39:56 PM,-2.44
10103,4/10/2022 12:40:00 PM,-2.00
10103,4/10/2022 12:40:04 PM,-1.99
10103,4/10/2022 12:40:08 PM,-2.45
10103,4/10/2022 12:40:12 PM,-2.00
10103,4/10/2022 12:40:16 PM,-1.99
10103,4/10/2022 12:40:20 PM,-1.54
10103,4/10/2022 12:40:24 PM,-2.67
10103,4/10/2022 12:40:28 PM,-2.68
10103,4/10/2022 12:40:32 PM,-2.23
10103,4/10/2022 12:40:36 PM,-2.67
10103,4/10/2022 12:40:40 PM,-2.21
10103,4/10/2022 12:40:44 PM,-2.68
10103,4/10/2022 12:40:48 PM,-2.00
10103,4/10/2022 12:40:52 PM,-2.46
10103,4/10/2022 12:40:56 PM,-1.99
10103,4/10/2022 12:41:00 PM,-1.32
10103,4/10/2022 12:41:04 PM,-2.68
10103,4/10/2022 12:41:08 PM,-2.68
10103,4/10/2022 12:41:12 PM,-2.00
10103,4/10/2022 12:41:16 PM,-1.53
10103,4/10/2022 12:41:20 PM,-1.99
10103,4/10/2022 12:41:24 PM,-3.35
10103,4/10/2022 12:41:28 PM,-1.99
10103,4/10/2022 12:41:32 PM,-1.99
10103,4/10/2022 12:41:36 PM,-2.67
10103,4/10/2022 12:41:40 PM,-1.99
10103,4/10/2022 12:41:44 PM,-1.99
10103,4/10/2022 12:41:48 PM,-2.67
10103,4/10/2022 12:41:52 PM,-1.99
10103,4/10/2022 12:41:56 PM,-1.99
10103,4/10/2022 12:42:00 PM,-1.99
10103,4/10/2022 12:42:04 PM,-2.68
10103,4/10/2022 12:42:08 PM,-2.68
10103,4/10/2022 12:42:12 PM,-2.00
10103,4/10/2022 12:42:16 PM,-2.90
10103,4/10/2022 12:42:20 PM,-2.92
10103,4/10/2022 12:42:24 PM,-2.00
10103,4/10/2022 12:42:28 PM,-2.24
10103,4/10/2022 12:42:32 PM,-2.66
10103,4/10/2022 12:42:36 PM,-2.68
10103,4/10/2022 12:42:40 PM,-2.46
10103,4/10/2022 12:42:44 PM,-1.99
10103,4/10/2022 12:42:48 PM,-2.67
10103,4/10/2022 12:42:52 PM,-2.90
10103,4/10/2022 12:42:56 PM,-2.92
10103,4/10/2022 12:43:00 PM,-3.35
10103,4/10/2022 12:43:04 PM,-1.75
10103,4/10/2022 12:43:08 PM,-2.68
10103,4/10/2022 12:43:12 PM,-3.36
10103,4/10/2022 12:43:16 PM,-2.68
10103,4/10/2022 12:43:20 PM,-2.23
10103,4/10/2022 12:43:24 PM,-2.67
10103,4/10/2022 12:43:28 PM,-2.46
10103,4/10/2022 12:43:32 PM,-2.44
10103,4/10/2022 12:43:36 PM,-2.00
10103,4/10/2022 12:43:40 PM,-2.46
10103,4/10/2022 12:43:44 PM,-1.55
10103,4/10/2022 12:43:48 PM,-2.67
10103,4/10/2022 12:43:52 PM,-1.53
10103,4/10/2022 12:43:56 PM,-1.99
10103,4/10/2022 12:44:00 PM,-2.67
10103,4/10/2022 12:44:04 PM,-3.14
10103,4/10/2022 12:44:08 PM,-2.23
10103,4/10/2022 12:44:12 PM,-1.99
10103,4/10/2022 12:44:16 PM,-1.99
10103,4/10/2022 12:44:20 PM,-1.99
10103,4/10/2022 12:44:24 PM,-1.31
10103,4/10/2022 12:44:28 PM,-2.68
10103,4/10/2022 12:44:32 PM,-2.68
10103,4/10/2022 12:44:36 PM,-2.00
10103,4/10/2022 12:44:40 PM,-3.14
10103,4/10/2022 12:44:44 PM,-2.68
10103,4/10/2022 12:44:48 PM,-2.68
10103,4/10/2022 12:44:52 PM,-1.77
10103,4/10/2022 12:44:56 PM,-1.76
10103,4/10/2022 12:45:00 PM,-3.35
10103,4/10/2022 12:45:04 PM,-2.68
10103,4/10/2022 12:45:08 PM,-2.68
10103,4/10/2022 12:45:12 PM,-2.00
10103,4/10/2022 12:45:16 PM,-1.99
10103,4/10/2022 12:45:20 PM,-1.99
10103,4/10/2022 12:45:24 PM,-3.21
10103,4/10/2022 12:45:28 PM,-2.43
10103,4/10/2022 12:45:32 PM,-2.47
10103,4/10/2022 12:45:36 PM,-3.34
10103,4/10/2022 12:45:40 PM,-2.46
10103,4/10/2022 12:45:44 PM,-1.99
10103,4/10/2022 12:45:48 PM,-3.35
10103,4/10/2022 12:45:52 PM,-2.21
10103,4/10/2022 12:45:56 PM,-2.68
10103,4/10/2022 12:46:00 PM,-2.00
10103,4/10/2022 12:46:04 PM,-2.46
10103,4/10/2022 12:46:08 PM,-1.99
10103,4/10/2022 12:46:12 PM,-2.67
10103,4/10/2022 12:46:16 PM,-2.46
10103,4/10/2022 12:46:20 PM,-2.44
10103,4/10/2022 12:46:24 PM,-2.68
10103,4/10/2022 12:46:28 PM,-1.99
10103,4/10/2022 12:46:32 PM,-2.44
10103,4/10/2022 12:46:36 PM,-1.32
10103,4/10/2022 12:46:40 PM,-3.39
10103,4/10/2022 12:46:44 PM,-2.44
10103,4/10/2022 12:46:48 PM,-2.68
10103,4/10/2022 12:46:52 PM,-2.68
10103,4/10/2022 12:46:56 PM,-2.68
10103,4/10/2022 12:47:00 PM,-2.68
10103,4/10/2022 12:47:04 PM,-2.92
10103,4/10/2022 12:47:08 PM,-1.55
10103,4/10/2022 12:47:12 PM,-1.88
10103,4/10/2022 12:47:16 PM,-2.90
10103,4/10/2022 12:47:20 PM,-2.91
10103,4/10/2022 12:47:24 PM,-2.00
10103,4/10/2022 12:47:28 PM,-2.46
10103,4/10/2022 12:47:32 PM,-2.44
10103,4/10/2022 12:47:36 PM,-4.03
10103,4/10/2022 12:47:40 PM,-2.21
10103,4/10/2022 12:47:44 PM,-2.23
10103,4/10/2022 12:47:48 PM,-2.67
10103,4/10/2022 12:47:52 PM,-2.21
10103,4/10/2022 12:47:56 PM,-2.23
10103,4/10/2022 12:48:00 PM,-2.67
10103,4/10/2022 12:48:04 PM,-2.21
10103,4/10/2022 12:48:08 PM,-2.68
10103,4/10/2022 12:48:12 PM,-3.35
10103,4/10/2022 12:48:16 PM,-2.21
10103,4/10/2022 12:48:20 PM,-2.24
10103,4/10/2022 12:48:24 PM,-2.67
10103,4/10/2022 12:48:28 PM,-2.46
10103,4/10/2022 12:48:32 PM,-1.99
10103,4/10/2022 12:48:36 PM,-1.99
10103,4/10/2022 12:48:40 PM,-2.43
10103,4/10/2022 12:48:44 PM,-2.47
10103,4/10/2022 12:48:48 PM,-1.99
10103,4/10/2022 12:48:52 PM,-2.21
10103,4/10/2022 12:48:56 PM,-2.68
10103,4/10/2022 12:49:00 PM,-2.00
10103,4/10/2022 12:49:04 PM,-2.46
10103,4/10/2022 12:49:08 PM,-1.54
10103,4/10/2022 12:49:12 PM,-2.66
10103,4/10/2022 12:49:16 PM,-2.68
10103,4/10/2022 12:49:20 PM,-2.68
10103,4/10/2022 12:49:24 PM,-2.00
10103,4/10/2022 12:49:28 PM,-2.68
10103,4/10/2022 12:49:32 PM,-1.78
10103,4/10/2022 12:49:36 PM,-3.35
10103,4/10/2022 12:49:40 PM,-2.68
10103,4/10/2022 12:49:44 PM,-2.23
10103,4/10/2022 12:49:48 PM,-1.99
10103,4/10/2022 12:49:52 PM,-2.68
10103,4/10/2022 12:49:56 PM,-2.68
10103,4/10/2022 12:50:00 PM,-2.00
10103,4/10/2022 12:50:04 PM,-2.92
10103,4/10/2022 12:50:08 PM,-1.99
10103,4/10/2022 12:50:12 PM,-2.67
10103,4/10/2022 12:50:16 PM,-2.22
10103,4/10/2022 12:50:20 PM,-2.68
10103,4/10/2022 12:50:24 PM,-2.00
10103,4/10/2022 12:50:28 PM,-2.68
10103,4/10/2022 12:50:32 PM,-2.68
10103,4/10/2022 12:50:36 PM,-3.36
10103,4/10/2022 12:50:40 PM,-2.68
10103,4/10/2022 12:50:44 PM,-2.68
10103,4/10/2022 12:50:48 PM,-2.68
10103,4/10/2022 12:50:52 PM,-2.22
10103,4/10/2022 12:50:56 PM,-2.68
10103,4/10/2022 12:51:00 PM,-2.00
10103,4/10/2022 12:51:04 PM,-2.46
10103,4/10/2022 12:51:08 PM,-1.99
10103,4/10/2022 12:51:12 PM,-2.67
10103,4/10/2022 12:51:16 PM,-1.99
10103,4/10/2022 12:51:20 PM,-1.99
10103,4/10/2022 12:51:24 PM,-2.67
10103,4/10/2022 12:51:28 PM,-2.90
10103,4/10/2022 12:51:32 PM,-2.91
10103,4/10/2022 12:51:36 PM,-2.68
10103,4/10/2022 12:51:40 PM,-1.99
10103,4/10/2022 12:51:44 PM,-2.44
10103,4/10/2022 12:51:48 PM,-2.00
10103,4/10/2022 12:51:52 PM,-1.53
10103,4/10/2022 12:51:56 PM,-1.99
10103,4/10/2022 12:52:00 PM,-1.99
10103,4/10/2022 12:52:04 PM,-1.99
10103,4/10/2022 12:52:08 PM,-1.99
10103,4/10/2022 12:52:12 PM,-3.35
10103,4/10/2022 12:52:16 PM,-2.22
10103,4/10/2022 12:52:20 PM,-2.23
10103,4/10/2022 12:52:24 PM,-1.99
10103,4/10/2022 12:52:28 PM,-2.68
10103,4/10/2022 12:52:32 PM,-2.68
10103,4/10/2022 12:52:36 PM,-2.68
10103,4/10/2022 12:52:40 PM,-2.68
10103,4/10/2022 12:52:44 PM,-2.68
10103,4/10/2022 12:52:48 PM,-3.36
10103,4/10/2022 12:52:52 PM,-2.46
10103,4/10/2022 12:52:56 PM,-1.99
10103,4/10/2022 12:53:00 PM,-2.67
10103,4/10/2022 12:53:04 PM,-2.90
10103,4/10/2022 12:53:08 PM,-3.36
10103,4/10/2022 12:53:12 PM,-2.69
10103,4/10/2022 12:53:16 PM,-1.53
10103,4/10/2022 12:53:20 PM,-2.44
10103,4/10/2022 12:53:24 PM,-2.68
10103,4/10/2022 12:53:28 PM,-2.43
10103,4/10/2022 12:53:32 PM,-2.02
10103,4/10/2022 12:53:36 PM,-1.99
10103,4/10/2022 12:53:40 PM,-2.22
10103,4/10/2022 12:53:44 PM,-2.68
10103,4/10/2022 12:53:48 PM,-3.36
10103,4/10/2022 12:53:52 PM,-2.68
10103,4/10/2022 12:53:56 PM,-2.68
10103,4/10/2022 12:54:00 PM,-2.00
10103,4/10/2022 12:54:04 PM,-1.53
10103,4/10/2022 12:54:08 PM,-1.99
10103,4/10/2022 12:54:12 PM,-1.99
10103,4/10/2022 12:54:16 PM,-1.53
10103,4/10/2022 12:54:20 PM,-2.44
10103,4/10/2022 12:54:24 PM,-2.68
10103,4/10/2022 12:54:28 PM,-3.14
10103,4/10/2022 12:54:32 PM,-2.68
10103,4/10/2022 12:54:36 PM,-2.00
10103,4/10/2022 12:54:40 PM,-1.99
10103,4/10/2022 12:54:44 PM,-2.44
10103,4/10/2022 12:54:48 PM,-2.68
10103,4/10/2022 12:54:52 PM,-1.99
10103,4/10/2022 12:54:56 PM,-1.99
10103,4/10/2022 12:55:00 PM,-2.67
10103,4/10/2022 12:55:04 PM,-1.75
10103,4/10/2022 12:55:08 PM,-3.13
10103,4/10/2022 12:55:12 PM,-3.36
10103,4/10/2022 12:55:16 PM,-2.68
10103,4/10/2022 12:55:20 PM,-2.23
10103,4/10/2022 12:55:24 PM,-2.60
10103,4/10/2022 12:55:28 PM,-2.68
10103,4/10/2022 12:55:32 PM,-2.68
10103,4/10/2022 12:55:36 PM,-3.36
10103,4/10/2022 12:55:40 PM,-1.99
10103,4/10/2022 12:55:44 PM,-2.44
10103,4/10/2022 12:55:48 PM,-2.68
10103,4/10/2022 12:55:52 PM,-2.46
10103,4/10/2022 12:55:56 PM,-2.89
10103,4/10/2022 12:56:00 PM,-2.68
10103,4/10/2022 12:56:04 PM,-2.46
10103,4/10/2022 12:56:08 PM,-2.44
10103,4/10/2022 12:56:12 PM,-2.00
10103,4/10/2022 12:56:16 PM,-2.43
10103,4/10/2022 12:56:20 PM,-2.47
10103,4/10/2022 12:56:24 PM,-1.99
10103,4/10/2022 12:56:28 PM,-2.68
10103,4/10/2022 12:56:32 PM,-3.13
10103,4/10/2022 12:56:36 PM,-1.33
10103,4/10/2022 12:56:40 PM,-1.99
10103,4/10/2022 12:56:44 PM,-1.99
10103,4/10/2022 12:56:48 PM,-1.99
10103,4/10/2022 12:56:52 PM,-2.46
10103,4/10/2022 12:56:56 PM,-2.44
10103,4/10/2022 12:57:00 PM,-2.68
10103,4/10/2022 12:57:04 PM,-2.21
10103,4/10/2022 12:57:08 PM,-3.13
10103,4/10/2022 12:57:12 PM,-2.01
10103,4/10/2022 12:57:16 PM,-1.99
10103,4/10/2022 12:57:20 PM,-2.39
10103,4/10/2022 12:57:24 PM,-2.00
10103,4/10/2022 12:57:28 PM,-2.68
10103,4/10/2022 12:57:32 PM,-3.13
10103,4/10/2022 12:57:36 PM,-2.68
10103,4/10/2022 12:57:40 PM,-2.21
10103,4/10/2022 12:57:44 PM,-2.23
10103,4/10/2022 12:57:48 PM,-3.35
10103,4/10/2022 12:57:52 PM,-2.46
10103,4/10/2022 12:57:56 PM,-1.99
10103,4/10/2022 12:58:00 PM,-1.99
10103,4/10/2022 12:58:04 PM,-2.22
10103,4/10/2022 12:58:08 PM,-2.68
10103,4/10/2022 12:58:12 PM,-2.00
10103,4/10/2022 12:58:16 PM,-2.68
10103,4/10/2022 12:58:20 PM,-2.23
10103,4/10/2022 12:58:24 PM,-1.99
10103,4/10/2022 12:58:28 PM,-2.68
10103,4/10/2022 12:58:32 PM,-2.68
10103,4/10/2022 12:58:36 PM,-3.36
10103,4/10/2022 12:58:40 PM,-2.46
10103,4/10/2022 12:58:44 PM,-2.44
10103,4/10/2022 12:58:48 PM,-1.32
10103,4/10/2022 12:58:52 PM,-2.46
10103,4/10/2022 12:58:56 PM,-2.44
10103,4/10/2022 12:59:00 PM,-2.00
10103,4/10/2022 12:59:04 PM,-2.46
10103,4/10/2022 12:59:08 PM,-2.44
10103,4/10/2022 12:59:12 PM,-3.35
10103,4/10/2022 12:59:16 PM,-2.46
10103,4/10/2022 12:59:20 PM,-2.44
10103,4/10/2022 12:59:24 PM,-2.00
10103,4/10/2022 12:59:28 PM,-2.68
10103,4/10/2022 12:59:32 PM,-2.68
10103,4/10/2022 12:59:36 PM,-2.68
10103,4/10/2022 12:59:40 PM,-2.92
10103,4/10/2022 12:59:44 PM,-2.44
10103,4/10/2022 12:59:48 PM,-2.00
10103,4/10/2022 12:59:52 PM,-2.68
10103,4/10/2022 12:59:56 PM,-2.68
10103,4/10/2022 1:00:00 PM,-2.68
10103,4/10/2022 1:00:04 PM,-2.68
10103,4/10/2022 1:00:08 PM,-2.68
10103,4/10/2022 1:00:12 PM,-2.68
10103,4/10/2022 1:00:16 PM,-1.77
10103,4/10/2022 1:00:20 PM,-1.76
10103,4/10/2022 1:00:24 PM,-1.99
10103,4/10/2022 1:00:28 PM,-1.99
10103,4/10/2022 1:00:32 PM,-2.44
10103,4/10/2022 1:00:36 PM,-2.68
10103,4/10/2022 1:00:40 PM,-2.68
10103,4/10/2022 1:00:44 PM,-2.68
10103,4/10/2022 1:00:48 PM,-3.36
10103,4/10/2022 1:00:52 PM,-2.46
10103,4/10/2022 1:00:56 PM,-2.44
10103,4/10/2022 1:01:00 PM,-2.68
10103,4/10/2022 1:01:04 PM,-2.68
10103,4/10/2022 1:01:08 PM,-2.68
10103,4/10/2022 1:01:12 PM,-2.68
10103,4/10/2022 1:01:16 PM,-2.49
10103,4/10/2022 1:01:20 PM,-2.39
10103,4/10/2022 1:01:24 PM,-2.00
10103,4/10/2022 1:01:28 PM,-2.68
10103,4/10/2022 1:01:32 PM,-2.68
10103,4/10/2022 1:01:36 PM,-2.68
10103,4/10/2022 1:01:40 PM,-2.68
10103,4/10/2022 1:01:44 PM,-3.13
10103,4/10/2022 1:01:48 PM,-2.69
10103,4/10/2022 1:01:52 PM,-2.46
10103,4/10/2022 1:01:56 PM,-2.44
10103,4/10/2022 1:02:00 PM,-2.00
10103,4/10/2022 1:02:04 PM,-2.46
10103,4/10/2022 1:02:08 PM,-2.45
10103,4/10/2022 1:02:12 PM,-2.01
10103,4/10/2022 1:02:16 PM,-2.44
10103,4/10/2022 1:02:20 PM,-2.91
10103,4/10/2022 1:02:24 PM,-2.68
10103,4/10/2022 1:02:28 PM,-2.90
10103,4/10/2022 1:02:32 PM,-2.91
10103,4/10/2022 1:02:36 PM,-2.00
10103,4/10/2022 1:02:40 PM,-2.46
10103,4/10/2022 1:02:44 PM,-2.44
10103,4/10/2022 1:02:48 PM,-2.68
10103,4/10/2022 1:02:52 PM,-1.99
10103,4/10/2022 1:02:56 PM,-2.44
10103,4/10/2022 1:03:00 PM,-3.36
10103,4/10/2022 1:03:04 PM,-2.90
10103,4/10/2022 1:03:08 PM,-3.36
10103,4/10/2022 1:03:12 PM,-2.01
10103,4/10/2022 1:03:16 PM,-2.44
10103,4/10/2022 1:03:20 PM,-2.46
10103,4/10/2022 1:03:24 PM,-1.99
10103,4/10/2022 1:03:28 PM,-2.68
10103,4/10/2022 1:03:32 PM,-3.13
10103,4/10/2022 1:03:36 PM,-2.00
10103,4/10/2022 1:03:40 PM,-3.14
10103,4/10/2022 1:03:44 PM,-2.23
10103,4/10/2022 1:03:48 PM,-2.67
10103,4/10/2022 1:03:52 PM,-2.22
10103,4/10/2022 1:03:56 PM,-1.78
10103,4/10/2022 1:04:00 PM,-1.99
10103,4/10/2022 1:04:04 PM,-2.68
10103,4/10/2022 1:04:08 PM,-2.23
10103,4/10/2022 1:04:12 PM,-2.67
10103,4/10/2022 1:04:16 PM,-2.22
10103,4/10/2022 1:04:20 PM,-2.68
10103,4/10/2022 1:04:24 PM,-2.00
10103,4/10/2022 1:04:28 PM,-2.21
10103,4/10/2022 1:04:32 PM,-3.13
10103,4/10/2022 1:04:36 PM,-3.36
10103,4/10/2022 1:04:40 PM,-2.90
10103,4/10/2022 1:04:44 PM,-2.91
10103,4/10/2022 1:04:48 PM,-2.68
10103,4/10/2022 1:04:52 PM,-2.90
10103,4/10/2022 1:04:56 PM,-2.91
10103,4/10/2022 1:05:00 PM,-2.00
10103,4/10/2022 1:05:04 PM,-2.68
10103,4/10/2022 1:05:08 PM,-3.13
10103,4/10/2022 1:05:12 PM,-2.69
10103,4/10/2022 1:05:16 PM,-1.99
10103,4/10/2022 1:05:20 PM,-2.40
10103,4/10/2022 1:05:24 PM,-2.00
10103,4/10/2022 1:05:28 PM,-2.90
10103,4/10/2022 1:05:32 PM,-2.46
10103,4/10/2022 1:05:36 PM,-2.67
10103,4/10/2022 1:05:40 PM,-2.68
10103,4/10/2022 1:05:44 PM,-2.23
10103,4/10/2022 1:05:48 PM,-2.67
10103,4/10/2022 1:05:52 PM,-1.99
10103,4/10/2022 1:05:56 PM,-2.44
10103,4/10/2022 1:06:00 PM,-2.68
10103,4/10/2022 1:06:04 PM,-2.22
10103,4/10/2022 1:06:08 PM,-2.23
10103,4/10/2022 1:06:12 PM,-2.67
10103,4/10/2022 1:06:16 PM,-2.44
10103,4/10/2022 1:06:20 PM,-2.91
10103,4/10/2022 1:06:24 PM,-2.00
10103,4/10/2022 1:06:28 PM,-2.92
10103,4/10/2022 1:06:32 PM,-2.44
10103,4/10/2022 1:06:36 PM,-2.68
10103,4/10/2022 1:06:40 PM,-2.90
10103,4/10/2022 1:06:44 PM,-2.47
10103,4/10/2022 1:06:48 PM,-2.67
10103,4/10/2022 1:06:52 PM,-3.14
10103,4/10/2022 1:06:56 PM,-2.23
10103,4/10/2022 1:07:00 PM,-2.67
10103,4/10/2022 1:07:04 PM,-3.14
10103,4/10/2022 1:07:08 PM,-2.23
10103,4/10/2022 1:07:12 PM,-1.99
10103,4/10/2022 1:07:16 PM,-2.46
10103,4/10/2022 1:07:20 PM,-2.80
10103,4/10/2022 1:07:24 PM,-2.68
10103,4/10/2022 1:07:28 PM,-3.36
10103,4/10/2022 1:07:32 PM,-3.36
10103,4/10/2022 1:07:36 PM,-2.00
10103,4/10/2022 1:07:40 PM,-2.21
10103,4/10/2022 1:07:44 PM,-2.68
10103,4/10/2022 1:07:48 PM,-2.00
10103,4/10/2022 1:07:52 PM,-1.75
10103,4/10/2022 1:07:56 PM,-3.13
10103,4/10/2022 1:08:00 PM,-2.68
10103,4/10/2022 1:08:04 PM,-2.68
10103,4/10/2022 1:08:08 PM,-2.23
10103,4/10/2022 1:08:12 PM,-2.67
10103,4/10/2022 1:08:16 PM,-2.68
10103,4/10/2022 1:08:20 PM,-2.68
10103,4/10/2022 1:08:24 PM,-2.68
10103,4/10/2022 1:08:28 PM,-2.68
10103,4/10/2022 1:08:32 PM,-2.68
10103,4/10/2022 1:08:36 PM,-2.68
10103,4/10/2022 1:08:40 PM,-2.90
10103,4/10/2022 1:08:44 PM,-3.36
10103,4/10/2022 1:08:48 PM,-2.00
10103,4/10/2022 1:08:52 PM,-2.22
10103,4/10/2022 1:08:56 PM,-2.68
10103,4/10/2022 1:09:00 PM,-2.68
10103,4/10/2022 1:09:04 PM,-2.68
10103,4/10/2022 1:09:08 PM,-3.13
10103,4/10/2022 1:09:12 PM,-2.69
10103,4/10/2022 1:09:16 PM,-1.75
10103,4/10/2022 1:09:20 PM,-2.68
10103,4/10/2022 1:09:24 PM,-2.68
10103,4/10/2022 1:09:28 PM,-2.46
10103,4/10/2022 1:09:32 PM,-1.99
10103,4/10/2022 1:09:36 PM,-2.67
10103,4/10/2022 1:09:40 PM,-2.68
10103,4/10/2022 1:09:44 PM,-2.68
10103,4/10/2022 1:09:48 PM,-2.00
10103,4/10/2022 1:09:52 PM,-3.14
10103,4/10/2022 1:09:56 PM,-2.30
10103,4/10/2022 1:10:00 PM,-1.32
10103,4/10/2022 1:10:04 PM,-2.22
10103,4/10/2022 1:10:08 PM,-2.68
10103,4/10/2022 1:10:12 PM,-2.68
10103,4/10/2022 1:10:16 PM,-2.46
10103,4/10/2022 1:10:20 PM,-2.89
10103,4/10/2022 1:10:24 PM,-2.68
10103,4/10/2022 1:10:28 PM,-2.43
10103,4/10/2022 1:10:32 PM,-3.36
10103,4/10/2022 1:10:36 PM,-2.68
10103,4/10/2022 1:10:40 PM,-2.90
10103,4/10/2022 1:10:44 PM,-2.92
10103,4/10/2022 1:10:48 PM,-2.68
10103,4/10/2022 1:10:52 PM,-2.46
10103,4/10/2022 1:10:56 PM,-2.44
10103,4/10/2022 1:11:00 PM,-2.68
10103,4/10/2022 1:11:04 PM,-2.68
10103,4/10/2022 1:11:08 PM,-2.23
10103,4/10/2022 1:11:12 PM,-2.67
10103,4/10/2022 1:11:16 PM,-2.92
10103,4/10/2022 1:11:20 PM,-1.99
10103,4/10/2022 1:11:24 PM,-2.60
10103,4/10/2022 1:11:28 PM,-2.93
10103,4/10/2022 1:11:32 PM,-2.44
10103,4/10/2022 1:11:36 PM,-2.68
10103,4/10/2022 1:11:40 PM,-2.46
10103,4/10/2022 1:11:44 PM,-2.44
10103,4/10/2022 1:11:48 PM,-2.00
10103,4/10/2022 1:11:52 PM,-2.68
10103,4/10/2022 1:11:56 PM,-1.79
10103,4/10/2022 1:12:00 PM,-2.67
10103,4/10/2022 1:12:04 PM,-2.46
10103,4/10/2022 1:12:08 PM,-2.44
10103,4/10/2022 1:12:12 PM,-2.68
10103,4/10/2022 1:12:16 PM,-2.68
10103,4/10/2022 1:12:20 PM,-2.68
10103,4/10/2022 1:12:24 PM,-1.32
10103,4/10/2022 1:12:28 PM,-2.46
10103,4/10/2022 1:12:32 PM,-2.44
10103,4/10/2022 1:12:36 PM,-2.68
10103,4/10/2022 1:12:40 PM,-3.14
10103,4/10/2022 1:12:44 PM,-2.23
10103,4/10/2022 1:12:48 PM,-2.67
10103,4/10/2022 1:12:52 PM,-2.68
10103,4/10/2022 1:12:56 PM,-2.23
10103,4/10/2022 1:13:00 PM,-1.99
10103,4/10/2022 1:13:04 PM,-2.21
10103,4/10/2022 1:13:08 PM,-2.23
10103,4/10/2022 1:13:12 PM,-2.67
10103,4/10/2022 1:13:16 PM,-2.68
10103,4/10/2022 1:13:20 PM,-2.68
10103,4/10/2022 1:13:24 PM,-2.00
10103,4/10/2022 1:13:28 PM,-2.46
10103,4/10/2022 1:13:32 PM,-1.99
10103,4/10/2022 1:13:36 PM,-2.67
10103,4/10/2022 1:13:40 PM,-2.46
10103,4/10/2022 1:13:44 PM,-1.99
10103,4/10/2022 1:13:48 PM,-3.35
10103,4/10/2022 1:13:52 PM,-1.99
10103,4/10/2022 1:13:56 PM,-2.89
10103,4/10/2022 1:14:00 PM,-2.01
10103,4/10/2022 1:14:04 PM,-2.93
10103,4/10/2022 1:14:08 PM,-1.99
10103,4/10/2022 1:14:12 PM,-2.67
10103,4/10/2022 1:14:16 PM,-1.75
10103,4/10/2022 1:14:20 PM,-2.23
10103,4/10/2022 1:14:24 PM,-1.32
10103,4/10/2022 1:14:28 PM,-2.43
10103,4/10/2022 1:14:32 PM,-2.47
10103,4/10/2022 1:14:36 PM,-2.68
10103,4/10/2022 1:14:40 PM,-2.68
10103,4/10/2022 1:14:44 PM,-2.23
10103,4/10/2022 1:14:48 PM,-1.99
10103,4/10/2022 1:14:52 PM,-2.68
10103,4/10/2022 1:14:56 PM,-2.68
10103,4/10/2022 1:15:00 PM,-3.36
10103,4/10/2022 1:15:04 PM,-2.46
10103,4/10/2022 1:15:08 PM,-1.99
10103,4/10/2022 1:15:12 PM,-3.35
10103,4/10/2022 1:15:16 PM,-2.22
10103,4/10/2022 1:15:20 PM,-2.23
10103,4/10/2022 1:15:24 PM,-1.31
10103,4/10/2022 1:15:28 PM,-2.18
10103,4/10/2022 1:15:32 PM,-1.89
10103,4/10/2022 1:15:36 PM,-2.67
10103,4/10/2022 1:15:40 PM,-1.99
10103,4/10/2022 1:15:44 PM,-2.44
10103,4/10/2022 1:15:48 PM,-2.00
10103,4/10/2022 1:15:52 PM,-2.46
10103,4/10/2022 1:15:56 PM,-2.44
10103,4/10/2022 1:16:00 PM,-2.68
10103,4/10/2022 1:16:04 PM,-2.22
10103,4/10/2022 1:16:08 PM,-1.78
10103,4/10/2022 1:16:12 PM,-1.99
10103,4/10/2022 1:16:16 PM,-1.99
10103,4/10/2022 1:16:20 PM,-2.44
10103,4/10/2022 1:16:24 PM,-2.00
10103,4/10/2022 1:16:28 PM,-1.99
10103,4/10/2022 1:16:32 PM,-2.45
10103,4/10/2022 1:16:36 PM,-2.68
10103,4/10/2022 1:16:40 PM,-1.99
10103,4/10/2022 1:16:44 PM,-1.55
10103,4/10/2022 1:16:48 PM,-3.35
10103,4/10/2022 1:16:52 PM,-2.46
10103,4/10/2022 1:16:56 PM,-1.99
10103,4/10/2022 1:17:00 PM,-2.67
10103,4/10/2022 1:17:04 PM,-2.46
10103,4/10/2022 1:17:08 PM,-2.44
10103,4/10/2022 1:17:12 PM,-3.35
10103,4/10/2022 1:17:16 PM,-1.99
10103,4/10/2022 1:17:20 PM,-2.45
10103,4/10/2022 1:17:24 PM,-2.00
10103,4/10/2022 1:17:28 PM,-2.68
10103,4/10/2022 1:17:32 PM,-2.23
10103,4/10/2022 1:17:36 PM,-1.99
10103,4/10/2022 1:17:40 PM,-1.99
10103,4/10/2022 1:17:44 PM,-2.44
10103,4/10/2022 1:17:48 PM,-2.68
10103,4/10/2022 1:17:52 PM,-2.46
10103,4/10/2022 1:17:56 PM,-1.99
10103,4/10/2022 1:18:00 PM,-3.35
10103,4/10/2022 1:18:04 PM,-1.99
10103,4/10/2022 1:18:08 PM,-2.45
10103,4/10/2022 1:18:12 PM,-2.68
10103,4/10/2022 1:18:16 PM,-2.22
10103,4/10/2022 1:18:20 PM,-3.13
10103,4/10/2022 1:18:24 PM,-2.00
10103,4/10/2022 1:18:28 PM,-2.68
10103,4/10/2022 1:18:32 PM,-2.68
10103,4/10/2022 1:18:36 PM,-2.00
10103,4/10/2022 1:18:40 PM,-2.92
10103,4/10/2022 1:18:44 PM,-1.99
10103,4/10/2022 1:18:48 PM,-1.99
10103,4/10/2022 1:18:52 PM,-2.92
10103,4/10/2022 1:18:56 PM,-1.99
10103,4/10/2022 1:19:00 PM,-1.99
10103,4/10/2022 1:19:04 PM,-2.21
10103,4/10/2022 1:19:08 PM,-2.68
10103,4/10/2022 1:19:12 PM,-2.00
10103,4/10/2022 1:19:16 PM,-2.92
10103,4/10/2022 1:19:20 PM,-1.99
10103,4/10/2022 1:19:24 PM,-1.99
10103,4/10/2022 1:19:28 PM,-2.21
10103,4/10/2022 1:19:32 PM,-2.68
10103,4/10/2022 1:19:36 PM,-2.68
10103,4/10/2022 1:19:40 PM,-2.68
10103,4/10/2022 1:19:44 PM,-2.68
10103,4/10/2022 1:19:48 PM,-2.00
10103,4/10/2022 1:19:52 PM,-2.90
10103,4/10/2022 1:19:56 PM,-2.60
10103,4/10/2022 1:20:00 PM,-1.99
10103,4/10/2022 1:20:04 PM,-2.22
10103,4/10/2022 1:20:08 PM,-3.13
10103,4/10/2022 1:20:12 PM,-2.69
10103,4/10/2022 1:20:16 PM,-2.92
10103,4/10/2022 1:20:20 PM,-3.34
10103,4/10/2022 1:20:24 PM,-1.33
10103,4/10/2022 1:20:28 PM,-2.68
10103,4/10/2022 1:20:32 PM,-2.68
10103,4/10/2022 1:20:36 PM,-2.68
10103,4/10/2022 1:20:40 PM,-2.46
10103,4/10/2022 1:20:44 PM,-2.44
10103,4/10/2022 1:20:48 PM,-2.68
10103,4/10/2022 1:20:52 PM,-1.99
10103,4/10/2022 1:20:56 PM,-2.89
10103,4/10/2022 1:21:00 PM,-2.01
10103,4/10/2022 1:21:04 PM,-1.99
10103,4/10/2022 1:21:08 PM,-2.44
10103,4/10/2022 1:21:12 PM,-2.68
10103,4/10/2022 1:21:16 PM,-2.22
10103,4/10/2022 1:21:20 PM,-3.13
10103,4/10/2022 1:21:24 PM,-2.01
10103,4/10/2022 1:21:28 PM,-2.21
10103,4/10/2022 1:21:32 PM,-2.68
10103,4/10/2022 1:21:36 PM,-2.00
10103,4/10/2022 1:21:40 PM,-1.99
10103,4/10/2022 1:21:44 PM,-1.99
10103,4/10/2022 1:21:48 PM,-2.67
10103,4/10/2022 1:21:52 PM,-2.44
10103,4/10/2022 1:21:56 PM,-2.92
10103,4/10/2022 1:22:00 PM,-2.68
10103,4/10/2022 1:22:04 PM,-2.22
10103,4/10/2022 1:22:08 PM,-2.68
10103,4/10/2022 1:22:12 PM,-3.35
10103,4/10/2022 1:22:16 PM,-2.68
10103,4/10/2022 1:22:20 PM,-2.23
10103,4/10/2022 1:22:24 PM,-1.99
10103,4/10/2022 1:22:28 PM,-2.46
10103,4/10/2022 1:22:32 PM,-2.44
10103,4/10/2022 1:22:36 PM,-2.00
10103,4/10/2022 1:22:40 PM,-1.99
10103,4/10/2022 1:22:44 PM,-1.99
10103,4/10/2022 1:22:48 PM,-2.67
10103,4/10/2022 1:22:52 PM,-2.92
10103,4/10/2022 1:22:56 PM,-2.44
10103,4/10/2022 1:23:00 PM,-2.00
10103,4/10/2022 1:23:04 PM,-1.99
10103,4/10/2022 1:23:08 PM,-2.44
10103,4/10/2022 1:23:12 PM,-2.68
10103,4/10/2022 1:23:16 PM,-2.22
10103,4/10/2022 1:23:20 PM,-3.13
10103,4/10/2022 1:23:24 PM,-2.68
10103,4/10/2022 1:23:28 PM,-2.68
10103,4/10/2022 1:23:32 PM,-2.23
10103,4/10/2022 1:23:36 PM,-2.67
10103,4/10/2022 1:23:40 PM,-2.46
10103,4/10/2022 1:23:44 PM,-2.44
10103,4/10/2022 1:23:48 PM,-3.36
10103,4/10/2022 1:23:52 PM,-2.24
10103,4/10/2022 1:23:56 PM,-2.20
10103,4/10/2022 1:24:00 PM,-2.00
10103,4/10/2022 1:24:04 PM,-1.53
10103,4/10/2022 1:24:08 PM,-1.99
10103,4/10/2022 1:24:12 PM,-2.67
10103,4/10/2022 1:24:16 PM,-2.68
10103,4/10/2022 1:24:20 PM,-2.23
10103,4/10/2022 1:24:24 PM,-3.35
10103,4/10/2022 1:24:28 PM,-2.21
10103,4/10/2022 1:24:32 PM,-2.23
10103,4/10/2022 1:24:36 PM,-2.67
10103,4/10/2022 1:24:40 PM,-1.78
10103,4/10/2022 1:24:44 PM,-2.20
10103,4/10/2022 1:24:48 PM,-2.00
10103,4/10/2022 1:24:52 PM,-1.99
10103,4/10/2022 1:24:56 PM,-1.99
10103,4/10/2022 1:25:00 PM,-1.99
10103,4/10/2022 1:25:04 PM,-2.68
10103,4/10/2022 1:25:08 PM,-2.68
10103,4/10/2022 1:25:12 PM,-2.68
10103,4/10/2022 1:25:16 PM,-2.46
10103,4/10/2022 1:25:20 PM,-1.99
10103,4/10/2022 1:25:24 PM,-1.99
10103,4/10/2022 1:25:28 PM,-3.36
10103,4/10/2022 1:25:32 PM,-2.47
10103,4/10/2022 1:25:36 PM,-2.67
10103,4/10/2022 1:25:40 PM,-2.46
10103,4/10/2022 1:25:44 PM,-2.44
10103,4/10/2022 1:25:48 PM,-2.68
10103,4/10/2022 1:25:52 PM,-2.68
10103,4/10/2022 1:25:56 PM,-2.23
10103,4/10/2022 1:26:00 PM,-2.67
10103,4/10/2022 1:26:04 PM,-2.68
10103,4/10/2022 1:26:08 PM,-2.68
10103,4/10/2022 1:26:12 PM,-2.68
10103,4/10/2022 1:26:16 PM,-2.21
10103,4/10/2022 1:26:20 PM,-2.68
10103,4/10/2022 1:26:24 PM,-1.32
10103,4/10/2022 1:26:28 PM,-3.14
10103,4/10/2022 1:26:32 PM,-2.23
10103,4/10/2022 1:26:36 PM,-3.35
10103,4/10/2022 1:26:40 PM,-1.99
10103,4/10/2022 1:26:44 PM,-2.44
10103,4/10/2022 1:26:48 PM,-2.68
10103,4/10/2022 1:26:52 PM,-2.68
10103,4/10/2022 1:26:56 PM,-1.79
10103,4/10/2022 1:27:00 PM,-1.98
10103,4/10/2022 1:27:04 PM,-3.36
10103,4/10/2022 1:27:08 PM,-2.92
10103,4/10/2022 1:27:12 PM,-2.68
10103,4/10/2022 1:27:16 PM,-2.68
10103,4/10/2022 1:27:20 PM,-2.23
10103,4/10/2022 1:27:24 PM,-2.67
10103,4/10/2022 1:27:28 PM,-2.93
10103,4/10/2022 1:27:32 PM,-1.99
10103,4/10/2022 1:27:36 PM,-1.99
10103,4/10/2022 1:27:40 PM,-3.36
10103,4/10/2022 1:27:44 PM,-3.36
10103,4/10/2022 1:27:48 PM,-2.69
10103,4/10/2022 1:27:52 PM,-2.68
10103,4/10/2022 1:27:56 PM,-2.68
10103,4/10/2022 1:28:00 PM,-3.36
10103,4/10/2022 1:28:04 PM,-2.22
10103,4/10/2022 1:28:08 PM,-2.68
10103,4/10/2022 1:28:12 PM,-2.68
10103,4/10/2022 1:28:16 PM,-2.22
10103,4/10/2022 1:28:20 PM,-2.68
10103,4/10/2022 1:28:24 PM,-2.68
10103,4/10/2022 1:28:28 PM,-2.21
10103,4/10/2022 1:28:32 PM,-2.23
10103,4/10/2022 1:28:36 PM,-1.99
10103,4/10/2022 1:28:40 PM,-3.61
10103,4/10/2022 1:28:44 PM,-2.23
10103,4/10/2022 1:28:48 PM,-1.99
10103,4/10/2022 1:28:52 PM,-2.68
10103,4/10/2022 1:28:56 PM,-2.23
10103,4/10/2022 1:29:00 PM,-3.36
10103,4/10/2022 1:29:04 PM,-2.68
10103,4/10/2022 1:29:08 PM,-2.23
10103,4/10/2022 1:29:12 PM,-3.35
10103,4/10/2022 1:29:16 PM,-1.99
10103,4/10/2022 1:29:20 PM,-1.99
10103,4/10/2022 1:29:24 PM,-2.67
10103,4/10/2022 1:29:28 PM,-2.21
10103,4/10/2022 1:29:32 PM,-2.68
10103,4/10/2022 1:29:36 PM,-2.68
10103,4/10/2022 1:29:40 PM,-2.90
10103,4/10/2022 1:29:44 PM,-2.91
10103,4/10/2022 1:29:48 PM,-2.68
10103,4/10/2022 1:29:52 PM,-2.46
10103,4/10/2022 1:29:56 PM,-2.37
10103,4/10/2022 1:30:00 PM,-3.36
10103,4/10/2022 1:30:04 PM,-2.22
10103,4/10/2022 1:30:08 PM,-3.13
10103,4/10/2022 1:30:12 PM,-1.33
10103,4/10/2022 1:30:16 PM,-2.68
10103,4/10/2022 1:30:20 PM,-2.23
10103,4/10/2022 1:30:24 PM,-2.67
10103,4/10/2022 1:30:28 PM,-2.90
10103,4/10/2022 1:30:32 PM,-3.81
10103,4/10/2022 1:30:36 PM,-3.37
10103,4/10/2022 1:30:40 PM,-3.36
10103,4/10/2022 1:30:44 PM,-2.47
10103,4/10/2022 1:30:48 PM,-2.67
10103,4/10/2022 1:30:52 PM,-2.46
10103,4/10/2022 1:30:56 PM,-2.44
10103,4/10/2022 1:31:00 PM,-2.68
10103,4/10/2022 1:31:04 PM,-2.68
10103,4/10/2022 1:31:08 PM,-2.68
10103,4/10/2022 1:31:12 PM,-2.68
10103,4/10/2022 1:31:16 PM,-1.99
10103,4/10/2022 1:31:20 PM,-2.44
10103,4/10/2022 1:31:24 PM,-2.00
10103,4/10/2022 1:31:28 PM,-2.21
10103,4/10/2022 1:31:32 PM,-2.68
10103,4/10/2022 1:31:36 PM,-2.00
10103,4/10/2022 1:31:40 PM,-2.92
10103,4/10/2022 1:31:44 PM,-2.44
10103,4/10/2022 1:31:48 PM,-4.04
10103,4/10/2022 1:31:52 PM,-2.46
10103,4/10/2022 1:31:56 PM,-2.44
10103,4/10/2022 1:32:00 PM,-1.32
10103,4/10/2022 1:32:04 PM,-2.46
10103,4/10/2022 1:32:08 PM,-1.99
10103,4/10/2022 1:32:12 PM,-1.99
10103,4/10/2022 1:32:16 PM,-2.46
10103,4/10/2022 1:32:20 PM,-2.89
10103,4/10/2022 1:32:24 PM,-2.00
10103,4/10/2022 1:32:28 PM,-2.68
10103,4/10/2022 1:32:32 PM,-2.23
10103,4/10/2022 1:32:36 PM,-1.99
10103,4/10/2022 1:32:40 PM,-2.68
10103,4/10/2022 1:32:44 PM,-2.68
10103,4/10/2022 1:32:48 PM,-3.36
10103,4/10/2022 1:32:52 PM,-1.99
10103,4/10/2022 1:32:56 PM,-1.99
10103,4/10/2022 1:33:00 PM,-1.99
10103,4/10/2022 1:33:04 PM,-1.99
10103,4/10/2022 1:33:08 PM,-1.99
10103,4/10/2022 1:33:12 PM,-2.67
10103,4/10/2022 1:33:16 PM,-2.68
10103,4/10/2022 1:33:20 PM,-2.23
10103,4/10/2022 1:33:24 PM,-1.32
10103,4/10/2022 1:33:28 PM,-3.14
10103,4/10/2022 1:33:32 PM,-2.23
10103,4/10/2022 1:33:36 PM,-1.99
10103,4/10/2022 1:33:40 PM,-1.99
10103,4/10/2022 1:33:44 PM,-1.99
10103,4/10/2022 1:33:48 PM,-1.99
10103,4/10/2022 1:33:52 PM,-2.46
10103,4/10/2022 1:33:56 PM,-1.99
10103,4/10/2022 1:34:00 PM,-1.99
10103,4/10/2022 1:34:04 PM,-2.23
10103,4/10/2022 1:34:08 PM,-2.21
10103,4/10/2022 1:34:12 PM,-2.68
10103,4/10/2022 1:34:16 PM,-3.14
10103,4/10/2022 1:34:20 PM,-2.68
10103,4/10/2022 1:34:24 PM,-2.68
10103,4/10/2022 1:34:28 PM,-2.46
10103,4/10/2022 1:34:32 PM,-2.89
10103,4/10/2022 1:34:36 PM,-2.68
10103,4/10/2022 1:34:40 PM,-2.92
10103,4/10/2022 1:34:44 PM,-2.44
10103,4/10/2022 1:34:48 PM,-1.32
10103,4/10/2022 1:34:52 PM,-2.46
10103,4/10/2022 1:34:56 PM,-1.99
10103,4/10/2022 1:35:00 PM,-1.99
10103,4/10/2022 1:35:04 PM,-2.90
10103,4/10/2022 1:35:08 PM,-3.36
10103,4/10/2022 1:35:12 PM,-2.01
10103,4/10/2022 1:35:16 PM,-2.46
10103,4/10/2022 1:35:20 PM,-2.89
10103,4/10/2022 1:35:24 PM,-2.68
10103,4/10/2022 1:35:28 PM,-1.99
10103,4/10/2022 1:35:32 PM,-2.80
10103,4/10/2022 1:35:36 PM,-2.68
10103,4/10/2022 1:35:40 PM,-2.21
10103,4/10/2022 1:35:44 PM,-2.68
10103,4/10/2022 1:35:48 PM,-2.68
10103,4/10/2022 1:35:52 PM,-2.90
10103,4/10/2022 1:35:56 PM,-2.03
10103,4/10/2022 1:36:00 PM,-1.98
10103,4/10/2022 1:36:04 PM,-2.22
10103,4/10/2022 1:36:08 PM,-3.13
10103,4/10/2022 1:36:12 PM,-2.69
10103,4/10/2022 1:36:16 PM,-1.99
10103,4/10/2022 1:36:20 PM,-1.99
10103,4/10/2022 1:36:24 PM,-2.67
10103,4/10/2022 1:36:28 PM,-2.21
10103,4/10/2022 1:36:32 PM,-3.13
10103,4/10/2022 1:36:36 PM,-2.01
10103,4/10/2022 1:36:40 PM,-2.21
10103,4/10/2022 1:36:44 PM,-2.23
10103,4/10/2022 1:36:48 PM,-3.35
10103,4/10/2022 1:36:52 PM,-2.70
10103,4/10/2022 1:36:56 PM,-2.20
10103,4/10/2022 1:37:00 PM,-2.68
10103,4/10/2022 1:37:04 PM,-2.21
10103,4/10/2022 1:37:08 PM,-3.12
10103,4/10/2022 1:37:12 PM,-2.69
10103,4/10/2022 1:37:16 PM,-2.68
10103,4/10/2022 1:37:20 PM,-2.23
10103,4/10/2022 1:37:24 PM,-1.32
10103,4/10/2022 1:37:28 PM,-3.15
10103,4/10/2022 1:37:32 PM,-2.23
10103,4/10/2022 1:37:36 PM,-2.60
10103,4/10/2022 1:37:40 PM,-3.14
10103,4/10/2022 1:37:44 PM,-2.68
10103,4/10/2022 1:37:48 PM,-2.68
10103,4/10/2022 1:37:52 PM,-2.21
10103,4/10/2022 1:37:56 PM,-2.23
10103,4/10/2022 1:38:00 PM,-1.99
10103,4/10/2022 1:38:04 PM,-2.44
10103,4/10/2022 1:38:08 PM,-2.91
10103,4/10/2022 1:38:12 PM,-2.68
10103,4/10/2022 1:38:16 PM,-2.46
10103,4/10/2022 1:38:20 PM,-1.99
10103,4/10/2022 1:38:24 PM,-1.99
10103,4/10/2022 1:38:28 PM,-1.99
10103,4/10/2022 1:38:32 PM,-1.99
10103,4/10/2022 1:38:36 PM,-2.67
10103,4/10/2022 1:38:40 PM,-2.90
10103,4/10/2022 1:38:44 PM,-2.02
10103,4/10/2022 1:38:48 PM,-2.67
10103,4/10/2022 1:38:52 PM,-2.68
10103,4/10/2022 1:38:56 PM,-3.13
10103,4/10/2022 1:39:00 PM,-2.01
10103,4/10/2022 1:39:04 PM,-2.46
10103,4/10/2022 1:39:08 PM,-1.99
10103,4/10/2022 1:39:12 PM,-1.99
10103,4/10/2022 1:39:16 PM,-2.90
10103,4/10/2022 1:39:20 PM,-3.36
10103,4/10/2022 1:39:24 PM,-2.69
10103,4/10/2022 1:39:28 PM,-1.99
10103,4/10/2022 1:39:32 PM,-2.89
10103,4/10/2022 1:39:36 PM,-2.01
10103,4/10/2022 1:39:40 PM,-2.46
10103,4/10/2022 1:39:44 PM,-1.99
10103,4/10/2022 1:39:48 PM,-2.67
10103,4/10/2022 1:39:52 PM,-2.68
10103,4/10/2022 1:39:56 PM,-2.68
10103,4/10/2022 1:40:00 PM,-2.68
10103,4/10/2022 1:40:04 PM,-1.99
10103,4/10/2022 1:40:08 PM,-2.44
10103,4/10/2022 1:40:12 PM,-3.35
10103,4/10/2022 1:40:16 PM,-2.68
10103,4/10/2022 1:40:20 PM,-2.23
10103,4/10/2022 1:40:24 PM,-1.99
10103,4/10/2022 1:40:28 PM,-2.21
10103,4/10/2022 1:40:32 PM,-3.13
10103,4/10/2022 1:40:36 PM,-2.69
10103,4/10/2022 1:40:40 PM,-2.24
10103,4/10/2022 1:40:44 PM,-2.65
10103,4/10/2022 1:40:48 PM,-3.36
10103,4/10/2022 1:40:52 PM,-2.46
10103,4/10/2022 1:40:56 PM,-2.44
10103,4/10/2022 1:41:00 PM,-2.00
10103,4/10/2022 1:41:04 PM,-2.68
10103,4/10/2022 1:41:08 PM,-2.68
10103,4/10/2022 1:41:12 PM,-2.00
10103,4/10/2022 1:41:16 PM,-3.36
10103,4/10/2022 1:41:20 PM,-2.47
10103,4/10/2022 1:41:24 PM,-1.99
10103,4/10/2022 1:41:28 PM,-2.68
10103,4/10/2022 1:41:32 PM,-2.68
10103,4/10/2022 1:41:36 PM,-2.68
10103,4/10/2022 1:41:40 PM,-2.44
10103,4/10/2022 1:41:44 PM,-2.01
10103,4/10/2022 1:41:48 PM,-1.99
10103,4/10/2022 1:41:52 PM,-2.46
10103,4/10/2022 1:41:56 PM,-1.99
10103,4/10/2022 1:42:00 PM,-3.36
10103,4/10/2022 1:42:04 PM,-2.49
10103,4/10/2022 1:42:08 PM,-2.80
10103,4/10/2022 1:42:12 PM,-2.01
10103,4/10/2022 1:42:16 PM,-2.68
10103,4/10/2022 1:42:20 PM,-2.68
10103,4/10/2022 1:42:24 PM,-2.68
10103,4/10/2022 1:42:28 PM,-1.99
10103,4/10/2022 1:42:32 PM,-2.44
10103,4/10/2022 1:42:36 PM,-2.00
10103,4/10/2022 1:42:40 PM,-2.22
10103,4/10/2022 1:42:44 PM,-2.68
10103,4/10/2022 1:42:48 PM,-3.36
10103,4/10/2022 1:42:52 PM,-2.46
10103,4/10/2022 1:42:56 PM,-2.44
10103,4/10/2022 1:43:00 PM,-2.00
10103,4/10/2022 1:43:04 PM,-2.44
10103,4/10/2022 1:43:08 PM,-2.46
10103,4/10/2022 1:43:12 PM,-1.99
10103,4/10/2022 1:43:16 PM,-1.99
10103,4/10/2022 1:43:20 PM,-1.99
10103,4/10/2022 1:43:24 PM,-1.99
10103,4/10/2022 1:43:28 PM,-2.21
10103,4/10/2022 1:43:32 PM,-3.13
10103,4/10/2022 1:43:36 PM,-2.00
10103,4/10/2022 1:43:40 PM,-3.14
10103,4/10/2022 1:43:44 PM,-2.23
10103,4/10/2022 1:43:48 PM,-2.67
10103,4/10/2022 1:43:52 PM,-2.22
10103,4/10/2022 1:43:56 PM,-2.68
10103,4/10/2022 1:44:00 PM,-2.00
10103,4/10/2022 1:44:04 PM,-1.99
10103,4/10/2022 1:44:08 PM,-2.90
10103,4/10/2022 1:44:12 PM,-2.69
10103,4/10/2022 1:44:16 PM,-2.44
10103,4/10/2022 1:44:20 PM,-2.46
10103,4/10/2022 1:44:24 PM,-1.31
10103,4/10/2022 1:44:28 PM,-2.21
10103,4/10/2022 1:44:32 PM,-2.23
10103,4/10/2022 1:44:36 PM,-3.35
10103,4/10/2022 1:44:40 PM,-2.68
10103,4/10/2022 1:44:44 PM,-2.68
10103,4/10/2022 1:44:48 PM,-1.32
10103,4/10/2022 1:44:52 PM,-2.68
10103,4/10/2022 1:44:56 PM,-2.68
10103,4/10/2022 1:45:00 PM,-3.34
10103,4/10/2022 1:45:04 PM,-2.68
10103,4/10/2022 1:45:08 PM,-2.68
10103,4/10/2022 1:45:12 PM,-2.00
10103,4/10/2022 1:45:16 PM,-3.14
10103,4/10/2022 1:45:20 PM,-2.23
10103,4/10/2022 1:45:24 PM,-1.99
10103,4/10/2022 1:45:28 PM,-2.93
10103,4/10/2022 1:45:32 PM,-3.34
10103,4/10/2022 1:45:36 PM,-2.69
10103,4/10/2022 1:45:40 PM,-2.46
10103,4/10/2022 1:45:44 PM,-2.44
10103,4/10/2022 1:45:48 PM,-2.00
10103,4/10/2022 1:45:52 PM,-2.68
10103,4/10/2022 1:45:56 PM,-2.68
10103,4/10/2022 1:46:00 PM,-2.68
10103,4/10/2022 1:46:04 PM,-2.68
10103,4/10/2022 1:46:08 PM,-3.08
10103,4/10/2022 1:46:12 PM,-2.01
10103,4/10/2022 1:46:16 PM,-2.68
10103,4/10/2022 1:46:20 PM,-2.68
10103,4/10/2022 1:46:24 PM,-2.68
10103,4/10/2022 1:46:28 PM,-3.61
10103,4/10/2022 1:46:32 PM,-2.23
10103,4/10/2022 1:46:36 PM,-1.99
10103,4/10/2022 1:46:40 PM,-2.68
10103,4/10/2022 1:46:44 PM,-2.68
10103,4/10/2022 1:46:48 PM,-2.00
10103,4/10/2022 1:46:52 PM,-2.68
10103,4/10/2022 1:46:56 PM,-2.68
10103,4/10/2022 1:47:00 PM,-2.68
10103,4/10/2022 1:47:04 PM,-2.21
10103,4/10/2022 1:47:08 PM,-2.68
10103,4/10/2022 1:47:12 PM,-2.00
10103,4/10/2022 1:47:16 PM,-3.14
10103,4/10/2022 1:47:20 PM,-2.23
10103,4/10/2022 1:47:24 PM,-2.67
10103,4/10/2022 1:47:28 PM,-2.93
10103,4/10/2022 1:47:32 PM,-2.44
10103,4/10/2022 1:47:36 PM,-3.36
10103,4/10/2022 1:47:40 PM,-2.21
10103,4/10/2022 1:47:44 PM,-2.68
10103,4/10/2022 1:47:48 PM,-2.68
10103,4/10/2022 1:47:52 PM,-1.99
10103,4/10/2022 1:47:56 PM,-2.44
10103,4/10/2022 1:48:00 PM,-2.68
10103,4/10/2022 1:48:04 PM,-3.14
10103,4/10/2022 1:48:08 PM,-2.68
10103,4/10/2022 1:48:12 PM,-3.35
10103,4/10/2022 1:48:16 PM,-1.75
10103,4/10/2022 1:48:20 PM,-3.13
10103,4/10/2022 1:48:24 PM,-2.68
10103,4/10/2022 1:48:28 PM,-2.68
10103,4/10/2022 1:48:32 PM,-2.68
10103,4/10/2022 1:48:36 PM,-2.68
10103,4/10/2022 1:48:40 PM,-2.68
10103,4/10/2022 1:48:44 PM,-2.68
10103,4/10/2022 1:48:48 PM,-2.00
10103,4/10/2022 1:48:52 PM,-1.99
10103,4/10/2022 1:48:56 PM,-2.44
10103,4/10/2022 1:49:00 PM,-3.36
10103,4/10/2022 1:49:04 PM,-2.68
10103,4/10/2022 1:49:08 PM,-2.68
10103,4/10/2022 1:49:12 PM,-2.00
10103,4/10/2022 1:49:16 PM,-1.99
10103,4/10/2022 1:49:20 PM,-2.44
10103,4/10/2022 1:49:24 PM,-2.68
10103,4/10/2022 1:49:28 PM,-2.68
10103,4/10/2022 1:49:32 PM,-2.23
10103,4/10/2022 1:49:36 PM,-1.99
10103,4/10/2022 1:49:40 PM,-2.92
10103,4/10/2022 1:49:44 PM,-1.99
10103,4/10/2022 1:49:48 PM,-2.67
10103,4/10/2022 1:49:52 PM,-2.68
10103,4/10/2022 1:49:56 PM,-2.68
10103,4/10/2022 1:50:00 PM,-3.36
10103,4/10/2022 1:50:04 PM,-3.14
10103,4/10/2022 1:50:08 PM,-2.23
10103,4/10/2022 1:50:12 PM,-3.34
10103,4/10/2022 1:50:16 PM,-2.21
10103,4/10/2022 1:50:20 PM,-2.27
10103,4/10/2022 1:50:24 PM,-2.67
10103,4/10/2022 1:50:28 PM,-2.68
10103,4/10/2022 1:50:32 PM,-2.23
10103,4/10/2022 1:50:36 PM,-3.35
10103,4/10/2022 1:50:40 PM,-2.46
10103,4/10/2022 1:50:44 PM,-2.44
10103,4/10/2022 1:50:48 PM,-2.68
10103,4/10/2022 1:50:52 PM,-2.68
10103,4/10/2022 1:50:56 PM,-2.23
10103,4/10/2022 1:51:00 PM,-1.99
10103,4/10/2022 1:51:04 PM,-2.21
10103,4/10/2022 1:51:08 PM,-2.68
10103,4/10/2022 1:51:12 PM,-2.68
10103,4/10/2022 1:51:16 PM,-2.46
10103,4/10/2022 1:51:20 PM,-1.99
10103,4/10/2022 1:51:24 PM,-2.67
10103,4/10/2022 1:51:28 PM,-2.68
10103,4/10/2022 1:51:32 PM,-3.13
10103,4/10/2022 1:51:36 PM,-3.36
10103,4/10/2022 1:51:40 PM,-2.46
10103,4/10/2022 1:51:44 PM,-2.44
10103,4/10/2022 1:51:48 PM,-3.36
10103,4/10/2022 1:51:52 PM,-2.24
10103,4/10/2022 1:51:56 PM,-2.20
10103,4/10/2022 1:52:00 PM,-3.36
10103,4/10/2022 1:52:04 PM,-2.90
10103,4/10/2022 1:52:08 PM,-3.36
10103,4/10/2022 1:52:12 PM,-2.02
10103,4/10/2022 1:52:16 PM,-2.21
10103,4/10/2022 1:52:20 PM,-3.12
10103,4/10/2022 1:52:24 PM,-2.01
10103,4/10/2022 1:52:28 PM,-2.93
10103,4/10/2022 1:52:32 PM,-2.44
10103,4/10/2022 1:52:36 PM,-2.68
10103,4/10/2022 1:52:40 PM,-3.83
10103,4/10/2022 1:52:44 PM,-3.36
10103,4/10/2022 1:52:48 PM,-2.01
10103,4/10/2022 1:52:52 PM,-3.14
10103,4/10/2022 1:52:56 PM,-2.23
10103,4/10/2022 1:53:00 PM,-1.99
10103,4/10/2022 1:53:04 PM,-2.46
10103,4/10/2022 1:53:08 PM,-2.44
10103,4/10/2022 1:53:12 PM,-2.00
10103,4/10/2022 1:53:16 PM,-2.90
10103,4/10/2022 1:53:20 PM,-2.91
10103,4/10/2022 1:53:24 PM,-3.36
10103,4/10/2022 1:53:28 PM,-2.93
10103,4/10/2022 1:53:32 PM,-1.99
10103,4/10/2022 1:53:36 PM,-3.35
10103,4/10/2022 1:53:40 PM,-2.93
10103,4/10/2022 1:53:44 PM,-2.89
10103,4/10/2022 1:53:48 PM,-2.69
10103,4/10/2022 1:53:52 PM,-2.43
10103,4/10/2022 1:53:56 PM,-2.92
10103,4/10/2022 1:54:00 PM,-2.68
10103,4/10/2022 1:54:04 PM,-1.99
10103,4/10/2022 1:54:08 PM,-2.44
10103,4/10/2022 1:54:12 PM,-2.00
10103,4/10/2022 1:54:16 PM,-2.68
10103,4/10/2022 1:54:20 PM,-2.68
10103,4/10/2022 1:54:24 PM,-2.68
10103,4/10/2022 1:54:28 PM,-2.22
10103,4/10/2022 1:54:32 PM,-3.13
10103,4/10/2022 1:54:36 PM,-2.00
10103,4/10/2022 1:54:40 PM,-1.99
10103,4/10/2022 1:54:44 PM,-3.34
10103,4/10/2022 1:54:48 PM,-2.69
10103,4/10/2022 1:54:52 PM,-2.22
10103,4/10/2022 1:54:56 PM,-2.68
10103,4/10/2022 1:55:00 PM,-2.00
10103,4/10/2022 1:55:04 PM,-2.68
10103,4/10/2022 1:55:08 PM,-2.23
10103,4/10/2022 1:55:12 PM,-1.99
10103,4/10/2022 1:55:16 PM,-2.44
10103,4/10/2022 1:55:20 PM,-3.36
10103,4/10/2022 1:55:24 PM,-2.00
10103,4/10/2022 1:55:28 PM,-2.68
10103,4/10/2022 1:55:32 PM,-1.78
10103,4/10/2022 1:55:36 PM,-2.67
10103,4/10/2022 1:55:40 PM,-3.14
10103,4/10/2022 1:55:44 PM,-2.68
10103,4/10/2022 1:55:48 PM,-2.68
10103,4/10/2022 1:55:52 PM,-1.99
10103,4/10/2022 1:55:56 PM,-2.44
10103,4/10/2022 1:56:00 PM,-4.04
10103,4/10/2022 1:56:04 PM,-2.90
10103,4/10/2022 1:56:08 PM,-2.91
10103,4/10/2022 1:56:12 PM,-2.10
10103,4/10/2022 1:56:16 PM,-2.68
10103,4/10/2022 1:56:20 PM,-2.23
10103,4/10/2022 1:56:24 PM,-3.36
10103,4/10/2022 1:56:28 PM,-2.68
10103,4/10/2022 1:56:32 PM,-2.23
10103,4/10/2022 1:56:36 PM,-2.67
10103,4/10/2022 1:56:40 PM,-2.90
10103,4/10/2022 1:56:44 PM,-2.91
10103,4/10/2022 1:56:48 PM,-2.68
10103,4/10/2022 1:56:52 PM,-2.46
10103,4/10/2022 1:56:56 PM,-2.89
10103,4/10/2022 1:57:00 PM,-2.00
10103,4/10/2022 1:57:04 PM,-2.22
10103,4/10/2022 1:57:08 PM,-2.68
10103,4/10/2022 1:57:12 PM,-2.68
10103,4/10/2022 1:57:16 PM,-2.22
10103,4/10/2022 1:57:20 PM,-3.13
10103,4/10/2022 1:57:24 PM,-2.00
10103,4/10/2022 1:57:28 PM,-2.92
10103,4/10/2022 1:57:32 PM,-1.99
10103,4/10/2022 1:57:36 PM,-1.99
10103,4/10/2022 1:57:40 PM,-3.14
10103,4/10/2022 1:57:44 PM,-2.23
10103,4/10/2022 1:57:48 PM,-2.67
10103,4/10/2022 1:57:52 PM,-2.21
10103,4/10/2022 1:57:56 PM,-3.57
10103,4/10/2022 1:58:00 PM,-2.01
10103,4/10/2022 1:58:04 PM,-2.22
10103,4/10/2022 1:58:08 PM,-2.23
10103,4/10/2022 1:58:12 PM,-1.99
10103,4/10/2022 1:58:16 PM,-2.68
10103,4/10/2022 1:58:20 PM,-2.23
10103,4/10/2022 1:58:24 PM,-2.67
10103,4/10/2022 1:58:28 PM,-2.68
10103,4/10/2022 1:58:32 PM,-2.23
10103,4/10/2022 1:58:36 PM,-1.99
10103,4/10/2022 1:58:40 PM,-2.68
10103,4/10/2022 1:58:44 PM,-2.68
10103,4/10/2022 1:58:48 PM,-2.68
10103,4/10/2022 1:58:52 PM,-3.14
10103,4/10/2022 1:58:56 PM,-2.23
10103,4/10/2022 1:59:00 PM,-2.67
10103,4/10/2022 1:59:04 PM,-2.90
10103,4/10/2022 1:59:08 PM,-2.46
10103,4/10/2022 1:59:12 PM,-1.99
10103,4/10/2022 1:59:16 PM,-1.53
10103,4/10/2022 1:59:20 PM,-2.44
10103,4/10/2022 1:59:24 PM,-2.00
10103,4/10/2022 1:59:28 PM,-2.21
10103,4/10/2022 1:59:32 PM,-3.13
10103,4/10/2022 1:59:36 PM,-2.68
10103,4/10/2022 1:59:40 PM,-2.22
10103,4/10/2022 1:59:44 PM,-3.13
10103,4/10/2022 1:59:48 PM,-3.36
10103,4/10/2022 1:59:52 PM,-2.90
10103,4/10/2022 1:59:56 PM,-2.47
10103,4/10/2022 2:00:00 PM,-2.67
10103,4/10/2022 2:00:04 PM,-2.68
10103,4/10/2022 2:00:08 PM,-2.68
10103,4/10/2022 2:00:12 PM,-2.68
10103,4/10/2022 2:00:16 PM,-2.52
10103,4/10/2022 2:00:20 PM,-1.99
10103,4/10/2022 2:00:24 PM,-2.67
10103,4/10/2022 2:00:28 PM,-2.92
10103,4/10/2022 2:00:32 PM,-2.44
10103,4/10/2022 2:00:36 PM,-2.68
10103,4/10/2022 2:00:40 PM,-2.68
10103,4/10/2022 2:00:44 PM,-2.23
10103,4/10/2022 2:00:48 PM,-1.99
10103,4/10/2022 2:00:52 PM,-2.22
10103,4/10/2022 2:00:56 PM,-2.68
10103,4/10/2022 2:01:00 PM,-2.68
10103,4/10/2022 2:01:04 PM,-2.46
10103,4/10/2022 2:01:08 PM,-2.40
10103,4/10/2022 2:01:12 PM,-2.00
10103,4/10/2022 2:01:16 PM,-2.46
10103,4/10/2022 2:01:20 PM,-2.44
10103,4/10/2022 2:01:24 PM,-2.00
10103,4/10/2022 2:01:28 PM,-2.46
10103,4/10/2022 2:01:32 PM,-2.44
10103,4/10/2022 2:01:36 PM,-2.00
10103,4/10/2022 2:01:40 PM,-2.46
10103,4/10/2022 2:01:44 PM,-2.44
10103,4/10/2022 2:01:48 PM,-2.00
10103,4/10/2022 2:01:52 PM,-2.68
10103,4/10/2022 2:01:56 PM,-3.12
10103,4/10/2022 2:02:00 PM,-2.01
10103,4/10/2022 2:02:04 PM,-2.68
10103,4/10/2022 2:02:08 PM,-2.68
10103,4/10/2022 2:02:12 PM,-2.00
10103,4/10/2022 2:02:16 PM,-2.21
10103,4/10/2022 2:02:20 PM,-2.68
10103,4/10/2022 2:02:24 PM,-2.00
10103,4/10/2022 2:02:28 PM,-2.21
10103,4/10/2022 2:02:32 PM,-2.23
10103,4/10/2022 2:02:36 PM,-1.99
10103,4/10/2022 2:02:40 PM,-2.68
10103,4/10/2022 2:02:44 PM,-3.13
10103,4/10/2022 2:02:48 PM,-2.01
10103,4/10/2022 2:02:52 PM,-2.21
10103,4/10/2022 2:02:56 PM,-2.68
10103,4/10/2022 2:03:00 PM,-3.35
10103,4/10/2022 2:03:04 PM,-2.68
10103,4/10/2022 2:03:08 PM,-2.68
10103,4/10/2022 2:03:12 PM,-2.68
10103,4/10/2022 2:03:16 PM,-2.68
10103,4/10/2022 2:03:20 PM,-2.68
10103,4/10/2022 2:03:24 PM,-2.68
10103,4/10/2022 2:03:28 PM,-2.90
10103,4/10/2022 2:03:32 PM,-2.92
10103,4/10/2022 2:03:36 PM,-2.00
10103,4/10/2022 2:03:40 PM,-2.92
10103,4/10/2022 2:03:44 PM,-1.99
10103,4/10/2022 2:03:48 PM,-2.67
10103,4/10/2022 2:03:52 PM,-2.92
10103,4/10/2022 2:03:56 PM,-2.44
10103,4/10/2022 2:04:00 PM,-2.68
10103,4/10/2022 2:04:04 PM,-3.14
10103,4/10/2022 2:04:08 PM,-3.13
10103,4/10/2022 2:04:12 PM,-2.01
10103,4/10/2022 2:04:16 PM,-3.03
10103,4/10/2022 2:04:20 PM,-1.99
10103,4/10/2022 2:04:24 PM,-1.99
10103,4/10/2022 2:04:28 PM,-2.21
10103,4/10/2022 2:04:32 PM,-2.68
10103,4/10/2022 2:04:36 PM,-3.36
10103,4/10/2022 2:04:40 PM,-2.21
10103,4/10/2022 2:04:44 PM,-2.68
10103,4/10/2022 2:04:48 PM,-2.00
10103,4/10/2022 2:04:52 PM,-2.46
10103,4/10/2022 2:04:56 PM,-1.99
10103,4/10/2022 2:05:00 PM,-2.67
10103,4/10/2022 2:05:04 PM,-2.68
10103,4/10/2022 2:05:08 PM,-2.68
10103,4/10/2022 2:05:12 PM,-2.00
10103,4/10/2022 2:05:16 PM,-2.24
10103,4/10/2022 2:05:20 PM,-1.76
10103,4/10/2022 2:05:24 PM,-1.99
10103,4/10/2022 2:05:28 PM,-2.94
10103,4/10/2022 2:05:32 PM,-2.44
10103,4/10/2022 2:05:36 PM,-2.68
10103,4/10/2022 2:05:40 PM,-2.43
10103,4/10/2022 2:05:44 PM,-2.47
10103,4/10/2022 2:05:48 PM,-3.35
10103,4/10/2022 2:05:52 PM,-3.14
10103,4/10/2022 2:05:56 PM,-3.12
10103,4/10/2022 2:06:00 PM,-2.69
10103,4/10/2022 2:06:04 PM,-2.68
10103,4/10/2022 2:06:08 PM,-2.68
10103,4/10/2022 2:06:12 PM,-2.68
10103,4/10/2022 2:06:16 PM,-2.68
10103,4/10/2022 2:06:20 PM,-2.68
10103,4/10/2022 2:06:24 PM,-3.36
10103,4/10/2022 2:06:28 PM,-2.68
10103,4/10/2022 2:06:32 PM,-2.68
10103,4/10/2022 2:06:36 PM,-2.02
10103,4/10/2022 2:06:40 PM,-2.90
10103,4/10/2022 2:06:44 PM,-2.92
10103,4/10/2022 2:06:48 PM,-2.68
10103,4/10/2022 2:06:52 PM,-2.90
10103,4/10/2022 2:06:56 PM,-2.47
10103,4/10/2022 2:07:00 PM,-1.99
10103,4/10/2022 2:07:04 PM,-2.71
10103,4/10/2022 2:07:08 PM,-1.76
10103,4/10/2022 2:07:12 PM,-1.99
10103,4/10/2022 2:07:16 PM,-2.68
10103,4/10/2022 2:07:20 PM,-2.68
10103,4/10/2022 2:07:24 PM,-3.36
10103,4/10/2022 2:07:28 PM,-2.93
10103,4/10/2022 2:07:32 PM,-2.44
10103,4/10/2022 2:07:36 PM,-3.36
10103,4/10/2022 2:07:40 PM,-1.99
10103,4/10/2022 2:07:44 PM,-2.44
10103,4/10/2022 2:07:48 PM,-2.68
10103,4/10/2022 2:07:52 PM,-2.46
10103,4/10/2022 2:07:56 PM,-1.99
10103,4/10/2022 2:08:00 PM,-1.99
10103,4/10/2022 2:08:04 PM,-2.46
10103,4/10/2022 2:08:08 PM,-2.45
10103,4/10/2022 2:08:12 PM,-3.36
10103,4/10/2022 2:08:16 PM,-2.68
10103,4/10/2022 2:08:20 PM,-3.07
10103,4/10/2022 2:08:24 PM,-2.68
10103,4/10/2022 2:08:28 PM,-2.68
10103,4/10/2022 2:08:32 PM,-2.23
10103,4/10/2022 2:08:36 PM,-1.99
10103,4/10/2022 2:08:40 PM,-2.24
10103,4/10/2022 2:08:44 PM,-1.76
10103,4/10/2022 2:08:48 PM,-1.99
10103,4/10/2022 2:08:52 PM,-2.46
10103,4/10/2022 2:08:56 PM,-2.89
10103,4/10/2022 2:09:00 PM,-2.68
10103,4/10/2022 2:09:04 PM,-2.68
10103,4/10/2022 2:09:08 PM,-2.23
10103,4/10/2022 2:09:12 PM,-2.67
10103,4/10/2022 2:09:16 PM,-3.14
10103,4/10/2022 2:09:20 PM,-3.13
10103,4/10/2022 2:09:24 PM,-3.36
10103,4/10/2022 2:09:28 PM,-1.99
10103,4/10/2022 2:09:32 PM,-2.89
10103,4/10/2022 2:09:36 PM,-2.68
10103,4/10/2022 2:09:40 PM,-1.99
10103,4/10/2022 2:09:44 PM,-2.44
10103,4/10/2022 2:09:48 PM,-2.68
10103,4/10/2022 2:09:52 PM,-2.22
10103,4/10/2022 2:09:56 PM,-2.68
10103,4/10/2022 2:10:00 PM,-2.68
10103,4/10/2022 2:10:04 PM,-2.90
10103,4/10/2022 2:10:08 PM,-3.36
10103,4/10/2022 2:10:12 PM,-2.69
10103,4/10/2022 2:10:16 PM,-2.18
10103,4/10/2022 2:10:20 PM,-2.68
10103,4/10/2022 2:10:24 PM,-2.68
10103,4/10/2022 2:10:28 PM,-2.90
10103,4/10/2022 2:10:32 PM,-2.91
10103,4/10/2022 2:10:36 PM,-2.68
10103,4/10/2022 2:10:40 PM,-2.90
10103,4/10/2022 2:10:44 PM,-2.91
10103,4/10/2022 2:10:48 PM,-2.68
10103,4/10/2022 2:10:52 PM,-1.99
10103,4/10/2022 2:10:56 PM,-1.55
10103,4/10/2022 2:11:00 PM,-1.99
10103,4/10/2022 2:11:04 PM,-3.83
10103,4/10/2022 2:11:08 PM,-2.91
10103,4/10/2022 2:11:12 PM,-2.68
10103,4/10/2022 2:11:16 PM,-2.68
10103,4/10/2022 2:11:20 PM,-2.23
10103,4/10/2022 2:11:24 PM,-1.99
10103,4/10/2022 2:11:28 PM,-2.68
10103,4/10/2022 2:11:32 PM,-2.68
10103,4/10/2022 2:11:36 PM,-2.68
10103,4/10/2022 2:11:40 PM,-1.99
10103,4/10/2022 2:11:44 PM,-1.99
10103,4/10/2022 2:11:48 PM,-3.35
10103,4/10/2022 2:11:52 PM,-2.68
10103,4/10/2022 2:11:56 PM,-2.23
10103,4/10/2022 2:12:00 PM,-1.99
10103,4/10/2022 2:12:04 PM,-2.92
10103,4/10/2022 2:12:08 PM,-2.89
10103,4/10/2022 2:12:12 PM,-3.36
10103,4/10/2022 2:12:16 PM,-3.14
10103,4/10/2022 2:12:20 PM,-1.88
10103,4/10/2022 2:12:24 PM,-3.35
10103,4/10/2022 2:12:28 PM,-2.21
10103,4/10/2022 2:12:32 PM,-2.68
10103,4/10/2022 2:12:36 PM,-3.36
10103,4/10/2022 2:12:40 PM,-2.21
10103,4/10/2022 2:12:44 PM,-2.68
10103,4/10/2022 2:12:48 PM,-1.32
10103,4/10/2022 2:12:52 PM,-3.14
10103,4/10/2022 2:12:56 PM,-3.13
10103,4/10/2022 2:13:00 PM,-3.36
10103,4/10/2022 2:13:04 PM,-2.46
10103,4/10/2022 2:13:08 PM,-1.99
10103,4/10/2022 2:13:12 PM,-3.35
10103,4/10/2022 2:13:16 PM,-2.68
10103,4/10/2022 2:13:20 PM,-2.68
10103,4/10/2022 2:13:24 PM,-2.00
10103,4/10/2022 2:13:28 PM,-2.46
10103,4/10/2022 2:13:32 PM,-1.55
10103,4/10/2022 2:13:36 PM,-2.67
10103,4/10/2022 2:13:40 PM,-2.44
10103,4/10/2022 2:13:44 PM,-2.47
10103,4/10/2022 2:13:48 PM,-2.67
10103,4/10/2022 2:13:52 PM,-2.46
10103,4/10/2022 2:13:56 PM,-2.44
10103,4/10/2022 2:14:00 PM,-2.68
10103,4/10/2022 2:14:04 PM,-2.22
10103,4/10/2022 2:14:08 PM,-2.23
10103,4/10/2022 2:14:12 PM,-3.35
10103,4/10/2022 2:14:16 PM,-2.46
10103,4/10/2022 2:14:20 PM,-2.44
10103,4/10/2022 2:14:24 PM,-2.68
10103,4/10/2022 2:14:28 PM,-2.21
10103,4/10/2022 2:14:32 PM,-2.23
10103,4/10/2022 2:14:36 PM,-1.99
10103,4/10/2022 2:14:40 PM,-2.46
10103,4/10/2022 2:14:44 PM,-2.44
10103,4/10/2022 2:14:48 PM,-2.68
10103,4/10/2022 2:14:52 PM,-2.22
10103,4/10/2022 2:14:56 PM,-2.23
10103,4/10/2022 2:15:00 PM,-2.67
10103,4/10/2022 2:15:04 PM,-2.21
10103,4/10/2022 2:15:08 PM,-2.68
10103,4/10/2022 2:15:12 PM,-2.68
10103,4/10/2022 2:15:16 PM,-1.99
10103,4/10/2022 2:15:20 PM,-1.99
10103,4/10/2022 2:15:24 PM,-2.67
10103,4/10/2022 2:15:28 PM,-2.93
10103,4/10/2022 2:15:32 PM,-2.44
10103,4/10/2022 2:15:36 PM,-2.68
10103,4/10/2022 2:15:40 PM,-3.36
10103,4/10/2022 2:15:44 PM,-2.91
10103,4/10/2022 2:15:48 PM,-3.36
10103,4/10/2022 2:15:52 PM,-1.99
10103,4/10/2022 2:15:56 PM,-2.44
10103,4/10/2022 2:16:00 PM,-2.68
10103,4/10/2022 2:16:04 PM,-2.46
10103,4/10/2022 2:16:08 PM,-2.89
10103,4/10/2022 2:16:12 PM,-2.69
10103,4/10/2022 2:16:16 PM,-2.46
10103,4/10/2022 2:16:20 PM,-2.40
10103,4/10/2022 2:16:24 PM,-2.00
10103,4/10/2022 2:16:28 PM,-3.14
10103,4/10/2022 2:16:32 PM,-2.23
10103,4/10/2022 2:16:36 PM,-2.67
10103,4/10/2022 2:16:40 PM,-3.14
10103,4/10/2022 2:16:44 PM,-2.68
10103,4/10/2022 2:16:48 PM,-2.00
10103,4/10/2022 2:16:52 PM,-3.14
10103,4/10/2022 2:16:56 PM,-3.57
10103,4/10/2022 2:17:00 PM,-3.37
10103,4/10/2022 2:17:04 PM,-2.68
10103,4/10/2022 2:17:08 PM,-2.23
10103,4/10/2022 2:17:12 PM,-1.99
10103,4/10/2022 2:17:16 PM,-2.68
10103,4/10/2022 2:17:20 PM,-2.23
10103,4/10/2022 2:17:24 PM,-3.35
10103,4/10/2022 2:17:28 PM,-2.68
10103,4/10/2022 2:17:32 PM,-3.13
10103,4/10/2022 2:17:36 PM,-2.68
10103,4/10/2022 2:17:40 PM,-2.68
10103,4/10/2022 2:17:44 PM,-2.68
10103,4/10/2022 2:17:48 PM,-2.68
10103,4/10/2022 2:17:52 PM,-3.14
10103,4/10/2022 2:17:56 PM,-2.68
10103,4/10/2022 2:18:00 PM,-3.36
10103,4/10/2022 2:18:04 PM,-2.21
10103,4/10/2022 2:18:08 PM,-2.68
10103,4/10/2022 2:18:12 PM,-2.00
10103,4/10/2022 2:18:16 PM,-1.99
10103,4/10/2022 2:18:20 PM,-2.89
10103,4/10/2022 2:18:24 PM,-2.75
10103,4/10/2022 2:18:28 PM,-2.21
10103,4/10/2022 2:18:32 PM,-2.23
10103,4/10/2022 2:18:36 PM,-2.67
10103,4/10/2022 2:18:40 PM,-2.46
10103,4/10/2022 2:18:44 PM,-1.99
10103,4/10/2022 2:18:48 PM,-3.35
10103,4/10/2022 2:18:52 PM,-2.68
10103,4/10/2022 2:18:56 PM,-2.23
10103,4/10/2022 2:19:00 PM,-2.67
10103,4/10/2022 2:19:04 PM,-3.14
10103,4/10/2022 2:19:08 PM,-2.68
10103,4/10/2022 2:19:12 PM,-2.00
10103,4/10/2022 2:19:16 PM,-2.92
10103,4/10/2022 2:19:20 PM,-2.44
10103,4/10/2022 2:19:24 PM,-2.00
10103,4/10/2022 2:19:28 PM,-2.90
10103,4/10/2022 2:19:32 PM,-2.92
10103,4/10/2022 2:19:36 PM,-2.68
10103,4/10/2022 2:19:40 PM,-2.21
10103,4/10/2022 2:19:44 PM,-2.68
10103,4/10/2022 2:19:48 PM,-2.68
10103,4/10/2022 2:19:52 PM,-3.14
10103,4/10/2022 2:19:56 PM,-2.23
10103,4/10/2022 2:20:00 PM,-3.35
10103,4/10/2022 2:20:04 PM,-3.14
10103,4/10/2022 2:20:08 PM,-2.23
10103,4/10/2022 2:20:12 PM,-2.67
10103,4/10/2022 2:20:16 PM,-2.46
10103,4/10/2022 2:20:20 PM,-3.34
10103,4/10/2022 2:20:24 PM,-2.83
10103,4/10/2022 2:20:28 PM,-2.43
10103,4/10/2022 2:20:32 PM,-3.36
10103,4/10/2022 2:20:36 PM,-3.36
10103,4/10/2022 2:20:40 PM,-2.68
10103,4/10/2022 2:20:44 PM,-2.68
10103,4/10/2022 2:20:48 PM,-2.68
10103,4/10/2022 2:20:52 PM,-2.22
10103,4/10/2022 2:20:56 PM,-2.68
10103,4/10/2022 2:21:00 PM,-2.68
10103,4/10/2022 2:21:04 PM,-2.93
10103,4/10/2022 2:21:08 PM,-2.44
10103,4/10/2022 2:21:12 PM,-2.68
10103,4/10/2022 2:21:16 PM,-2.68
10103,4/10/2022 2:21:20 PM,-2.23
10103,4/10/2022 2:21:24 PM,-2.68
10103,4/10/2022 2:21:28 PM,-2.93
10103,4/10/2022 2:21:32 PM,-2.44
10103,4/10/2022 2:21:36 PM,-2.68
10103,4/10/2022 2:21:40 PM,-2.66
10103,4/10/2022 2:21:44 PM,-3.60
10103,4/10/2022 2:21:48 PM,-2.68
10103,4/10/2022 2:21:52 PM,-2.68
10103,4/10/2022 2:21:56 PM,-2.23
10103,4/10/2022 2:22:00 PM,-1.99
10103,4/10/2022 2:22:04 PM,-2.68
10103,4/10/2022 2:22:08 PM,-2.68
10103,4/10/2022 2:22:12 PM,-2.68
10103,4/10/2022 2:22:16 PM,-2.68
10103,4/10/2022 2:22:20 PM,-2.23
10103,4/10/2022 2:22:24 PM,-3.21
10103,4/10/2022 2:22:28 PM,-2.68
10103,4/10/2022 2:22:32 PM,-2.68
10103,4/10/2022 2:22:36 PM,-2.68
10103,4/10/2022 2:22:40 PM,-2.46
10103,4/10/2022 2:22:44 PM,-2.44
10103,4/10/2022 2:22:48 PM,-2.00
10103,4/10/2022 2:22:52 PM,-2.90
10103,4/10/2022 2:22:56 PM,-2.47
10103,4/10/2022 2:23:00 PM,-2.67
10103,4/10/2022 2:23:04 PM,-2.46
10103,4/10/2022 2:23:08 PM,-2.44
10103,4/10/2022 2:23:12 PM,-2.68
10103,4/10/2022 2:23:16 PM,-2.44
10103,4/10/2022 2:23:20 PM,-2.91
10103,4/10/2022 2:23:24 PM,-3.36
10103,4/10/2022 2:23:28 PM,-2.93
10103,4/10/2022 2:23:32 PM,-2.89
10103,4/10/2022 2:23:36 PM,-2.68
10103,4/10/2022 2:23:40 PM,-2.68
10103,4/10/2022 2:23:44 PM,-3.13
10103,4/10/2022 2:23:48 PM,-2.68
10103,4/10/2022 2:23:52 PM,-2.46
10103,4/10/2022 2:23:56 PM,-2.44
10103,4/10/2022 2:24:00 PM,-3.36
10103,4/10/2022 2:24:04 PM,-2.68
10103,4/10/2022 2:24:08 PM,-2.68
10103,4/10/2022 2:24:12 PM,-2.00
10103,4/10/2022 2:24:16 PM,-2.46
10103,4/10/2022 2:24:20 PM,-1.99
10103,4/10/2022 2:24:24 PM,-1.31
10103,4/10/2022 2:24:28 PM,-3.12
10103,4/10/2022 2:24:32 PM,-3.15
10103,4/10/2022 2:24:36 PM,-2.00
10103,4/10/2022 2:24:40 PM,-2.90
10103,4/10/2022 2:24:44 PM,-2.92
10103,4/10/2022 2:24:48 PM,-2.68
10103,4/10/2022 2:24:52 PM,-2.90
10103,4/10/2022 2:24:56 PM,-2.92
10103,4/10/2022 2:25:00 PM,-2.68
10103,4/10/2022 2:25:04 PM,-2.21
10103,4/10/2022 2:25:08 PM,-2.68
10103,4/10/2022 2:25:12 PM,-2.00
10103,4/10/2022 2:25:16 PM,-3.36
10103,4/10/2022 2:25:20 PM,-2.46
10103,4/10/2022 2:25:24 PM,-2.67
10103,4/10/2022 2:25:28 PM,-2.68
10103,4/10/2022 2:25:32 PM,-2.23
10103,4/10/2022 2:25:36 PM,-2.67
10103,4/10/2022 2:25:40 PM,-1.99
10103,4/10/2022 2:25:44 PM,-2.44
10103,4/10/2022 2:25:48 PM,-2.00
10103,4/10/2022 2:25:52 PM,-2.68
10103,4/10/2022 2:25:56 PM,-2.68
10103,4/10/2022 2:26:00 PM,-2.68
10103,4/10/2022 2:26:04 PM,-3.14
10103,4/10/2022 2:26:08 PM,-2.23
10103,4/10/2022 2:26:12 PM,-3.35
10103,4/10/2022 2:26:16 PM,-2.68
10103,4/10/2022 2:26:20 PM,-2.68
10103,4/10/2022 2:26:24 PM,-2.68
10103,4/10/2022 2:26:28 PM,-3.24
10103,4/10/2022 2:26:32 PM,-2.68
10103,4/10/2022 2:26:36 PM,-2.00
10103,4/10/2022 2:26:40 PM,-2.43
10103,4/10/2022 2:26:44 PM,-2.47
10103,4/10/2022 2:26:48 PM,-2.67
10103,4/10/2022 2:26:52 PM,-2.46
10103,4/10/2022 2:26:56 PM,-2.44
10103,4/10/2022 2:27:00 PM,-3.36
10103,4/10/2022 2:27:04 PM,-2.68
10103,4/10/2022 2:27:08 PM,-3.13
10103,4/10/2022 2:27:12 PM,-2.69
10103,4/10/2022 2:27:16 PM,-3.14
10103,4/10/2022 2:27:20 PM,-2.68
10103,4/10/2022 2:27:24 PM,-2.68
10103,4/10/2022 2:27:28 PM,-2.68
10103,4/10/2022 2:27:32 PM,-2.68
10103,4/10/2022 2:27:36 PM,-2.68
10103,4/10/2022 2:27:40 PM,-2.68
10103,4/10/2022 2:27:44 PM,-3.13
10103,4/10/2022 2:27:48 PM,-2.01
10103,4/10/2022 2:27:52 PM,-1.99
10103,4/10/2022 2:27:56 PM,-2.44
10103,4/10/2022 2:28:00 PM,-2.68
10103,4/10/2022 2:28:04 PM,-2.46
10103,4/10/2022 2:28:08 PM,-1.99
10103,4/10/2022 2:28:12 PM,-1.99
10103,4/10/2022 2:28:16 PM,-2.68
10103,4/10/2022 2:28:20 PM,-2.23
10103,4/10/2022 2:28:24 PM,-2.67
10103,4/10/2022 2:28:28 PM,-2.11
10103,4/10/2022 2:28:32 PM,-2.68
10103,4/10/2022 2:28:36 PM,-2.00
10103,4/10/2022 2:28:40 PM,-2.43
10103,4/10/2022 2:28:44 PM,-2.92
10103,4/10/2022 2:28:48 PM,-2.00
10103,4/10/2022 2:28:52 PM,-3.14
10103,4/10/2022 2:28:56 PM,-2.68
10103,4/10/2022 2:29:00 PM,-2.00
10103,4/10/2022 2:29:04 PM,-2.46
10103,4/10/2022 2:29:08 PM,-2.44
10103,4/10/2022 2:29:12 PM,-2.68
10103,4/10/2022 2:29:16 PM,-3.36
10103,4/10/2022 2:29:20 PM,-2.91
10103,4/10/2022 2:29:24 PM,-2.68
10103,4/10/2022 2:29:28 PM,-2.46
10103,4/10/2022 2:29:32 PM,-2.44
10103,4/10/2022 2:29:36 PM,-2.00
10103,4/10/2022 2:29:40 PM,-2.68
10103,4/10/2022 2:29:44 PM,-2.68
10103,4/10/2022 2:29:48 PM,-2.68
10103,4/10/2022 2:29:52 PM,-2.90
10103,4/10/2022 2:29:56 PM,-2.92
10103,4/10/2022 2:30:00 PM,-2.68
10103,4/10/2022 2:30:04 PM,-2.92
10103,4/10/2022 2:30:08 PM,-2.44
10103,4/10/2022 2:30:12 PM,-2.68
10103,4/10/2022 2:30:16 PM,-1.99
10103,4/10/2022 2:30:20 PM,-1.99
10103,4/10/2022 2:30:24 PM,-2.67
10103,4/10/2022 2:30:28 PM,-3.36
10103,4/10/2022 2:30:32 PM,-2.91
10103,4/10/2022 2:30:36 PM,-3.36
10103,4/10/2022 2:30:40 PM,-1.99
10103,4/10/2022 2:30:44 PM,-2.89
10103,4/10/2022 2:30:48 PM,-2.01
10103,4/10/2022 2:30:52 PM,-2.68
10103,4/10/2022 2:30:56 PM,-2.23
10103,4/10/2022 2:31:00 PM,-1.99
10103,4/10/2022 2:31:04 PM,-3.14
10103,4/10/2022 2:31:08 PM,-2.68
10103,4/10/2022 2:31:12 PM,-2.68
10103,4/10/2022 2:31:16 PM,-2.68
10103,4/10/2022 2:31:20 PM,-2.68
10103,4/10/2022 2:31:24 PM,-2.68
10103,4/10/2022 2:31:28 PM,-2.47
10103,4/10/2022 2:31:32 PM,-2.89
10103,4/10/2022 2:31:36 PM,-2.01
10103,4/10/2022 2:31:40 PM,-2.68
10103,4/10/2022 2:31:44 PM,-2.68
10103,4/10/2022 2:31:48 PM,-2.68
10103,4/10/2022 2:31:52 PM,-3.14
10103,4/10/2022 2:31:56 PM,-2.68
10103,4/10/2022 2:32:00 PM,-2.00
10103,4/10/2022 2:32:04 PM,-2.21
10103,4/10/2022 2:32:08 PM,-2.68
10103,4/10/2022 2:32:12 PM,-2.68
10103,4/10/2022 2:32:16 PM,-2.90
10103,4/10/2022 2:32:20 PM,-2.92
10103,4/10/2022 2:32:24 PM,-2.68
10103,4/10/2022 2:32:28 PM,-3.05
10103,4/10/2022 2:32:32 PM,-3.25
10103,4/10/2022 2:32:36 PM,-2.68
10103,4/10/2022 2:32:40 PM,-2.68
10103,4/10/2022 2:32:44 PM,-2.68
10103,4/10/2022 2:32:48 PM,-3.36
10103,4/10/2022 2:32:52 PM,-3.12
10103,4/10/2022 2:32:56 PM,-2.71
10103,4/10/2022 2:33:00 PM,-2.67
10103,4/10/2022 2:33:04 PM,-2.46
10103,4/10/2022 2:33:08 PM,-2.44
10103,4/10/2022 2:33:12 PM,-2.68
10103,4/10/2022 2:33:16 PM,-2.43
10103,4/10/2022 2:33:20 PM,-3.36
10103,4/10/2022 2:33:24 PM,-2.69
10103,4/10/2022 2:33:28 PM,-2.21
10103,4/10/2022 2:33:32 PM,-1.78
10103,4/10/2022 2:33:36 PM,-2.67
10103,4/10/2022 2:33:40 PM,-2.21
10103,4/10/2022 2:33:44 PM,-2.68
10103,4/10/2022 2:33:48 PM,-3.36
10103,4/10/2022 2:33:52 PM,-3.14
10103,4/10/2022 2:33:56 PM,-2.23
10103,4/10/2022 2:34:00 PM,-1.99
10103,4/10/2022 2:34:04 PM,-2.90
10103,4/10/2022 2:34:08 PM,-2.91
10103,4/10/2022 2:34:12 PM,-2.68
10103,4/10/2022 2:34:16 PM,-3.36
10103,4/10/2022 2:34:20 PM,-2.91
10103,4/10/2022 2:34:24 PM,-2.68
10103,4/10/2022 2:34:28 PM,-3.18
10103,4/10/2022 2:34:32 PM,-2.68
10103,4/10/2022 2:34:36 PM,-3.36
10103,4/10/2022 2:34:40 PM,-2.46
10103,4/10/2022 2:34:44 PM,-2.44
10103,4/10/2022 2:34:48 PM,-3.36
10103,4/10/2022 2:34:52 PM,-3.14
10103,4/10/2022 2:34:56 PM,-2.68
10103,4/10/2022 2:35:00 PM,-2.68
10103,4/10/2022 2:35:04 PM,-3.14
10103,4/10/2022 2:35:08 PM,-2.68
10103,4/10/2022 2:35:12 PM,-2.01
10103,4/10/2022 2:35:16 PM,-2.92
10103,4/10/2022 2:35:20 PM,-2.45
10103,4/10/2022 2:35:24 PM,-2.00
10103,4/10/2022 2:35:28 PM,-2.68
10103,4/10/2022 2:35:32 PM,-2.68
10103,4/10/2022 2:35:36 PM,-3.36
10103,4/10/2022 2:35:40 PM,-1.99
10103,4/10/2022 2:35:44 PM,-2.44
10103,4/10/2022 2:35:48 PM,-2.00
10103,4/10/2022 2:35:52 PM,-2.46
10103,4/10/2022 2:35:56 PM,-1.99
10103,4/10/2022 2:36:00 PM,-2.67
10103,4/10/2022 2:36:04 PM,-2.46
10103,4/10/2022 2:36:08 PM,-1.99
10103,4/10/2022 2:36:12 PM,-2.67
10103,4/10/2022 2:36:16 PM,-2.66
10103,4/10/2022 2:36:20 PM,-3.15
10103,4/10/2022 2:36:24 PM,-2.68
10103,4/10/2022 2:36:28 PM,-2.68
10103,4/10/2022 2:36:32 PM,-2.68
10103,4/10/2022 2:36:36 PM,-3.36
10103,4/10/2022 2:36:40 PM,-3.14
10103,4/10/2022 2:36:44 PM,-2.23
10103,4/10/2022 2:36:48 PM,-2.67
10103,4/10/2022 2:36:52 PM,-1.99
10103,4/10/2022 2:36:56 PM,-2.40
10103,4/10/2022 2:37:00 PM,-2.68
10103,4/10/2022 2:37:04 PM,-2.90
10103,4/10/2022 2:37:08 PM,-3.36
10103,4/10/2022 2:37:12 PM,-3.36
10103,4/10/2022 2:37:16 PM,-3.36
10103,4/10/2022 2:37:20 PM,-2.91
10103,4/10/2022 2:37:24 PM,-2.68
10103,4/10/2022 2:37:28 PM,-3.14
10103,4/10/2022 2:37:32 PM,-2.23
10103,4/10/2022 2:37:36 PM,-2.67
10103,4/10/2022 2:37:40 PM,-2.68
10103,4/10/2022 2:37:44 PM,-2.68
10103,4/10/2022 2:37:48 PM,-2.68
10103,4/10/2022 2:37:52 PM,-1.99
10103,4/10/2022 2:37:56 PM,-2.44
10103,4/10/2022 2:38:00 PM,-2.68
10103,4/10/2022 2:38:04 PM,-2.21
10103,4/10/2022 2:38:08 PM,-2.68
10103,4/10/2022 2:38:12 PM,-1.33
10103,4/10/2022 2:38:16 PM,-2.90
10103,4/10/2022 2:38:20 PM,-2.91
10103,4/10/2022 2:38:24 PM,-2.68
10103,4/10/2022 2:38:28 PM,-2.46
10103,4/10/2022 2:38:32 PM,-2.40
10103,4/10/2022 2:38:36 PM,-2.68
10103,4/10/2022 2:38:40 PM,-1.99
10103,4/10/2022 2:38:44 PM,-2.44
10103,4/10/2022 2:38:48 PM,-2.68
10103,4/10/2022 2:38:52 PM,-3.14
10103,4/10/2022 2:38:56 PM,-2.68
10103,4/10/2022 2:39:00 PM,-2.68
10103,4/10/2022 2:39:04 PM,-2.46
10103,4/10/2022 2:39:08 PM,-2.44
10103,4/10/2022 2:39:12 PM,-2.68
10103,4/10/2022 2:39:16 PM,-2.21
10103,4/10/2022 2:39:20 PM,-3.13
10103,4/10/2022 2:39:24 PM,-2.68
10103,4/10/2022 2:39:28 PM,-2.90
10103,4/10/2022 2:39:32 PM,-2.91
10103,4/10/2022 2:39:36 PM,-2.00
10103,4/10/2022 2:39:40 PM,-1.99
10103,4/10/2022 2:39:44 PM,-1.99
10103,4/10/2022 2:39:48 PM,-2.67
10103,4/10/2022 2:39:52 PM,-2.44
10103,4/10/2022 2:39:56 PM,-2.92
10103,4/10/2022 2:40:00 PM,-2.00
10103,4/10/2022 2:40:04 PM,-2.90
10103,4/10/2022 2:40:08 PM,-2.46
10103,4/10/2022 2:40:12 PM,-1.99
10103,4/10/2022 2:40:16 PM,-3.14
10103,4/10/2022 2:40:20 PM,-2.23
10103,4/10/2022 2:40:24 PM,-3.35
10103,4/10/2022 2:40:28 PM,-2.46
10103,4/10/2022 2:40:32 PM,-2.42
10103,4/10/2022 2:40:36 PM,-3.36
10103,4/10/2022 2:40:40 PM,-2.68
10103,4/10/2022 2:40:44 PM,-3.13
10103,4/10/2022 2:40:48 PM,-2.68
10103,4/10/2022 2:40:52 PM,-2.68
10103,4/10/2022 2:40:56 PM,-2.68
10103,4/10/2022 2:41:00 PM,-2.00
10103,4/10/2022 2:41:04 PM,-1.97
10103,4/10/2022 2:41:08 PM,-2.47
10103,4/10/2022 2:41:12 PM,-2.67
10103,4/10/2022 2:41:16 PM,-2.46
10103,4/10/2022 2:41:20 PM,-2.44
10103,4/10/2022 2:41:24 PM,-3.35
10103,4/10/2022 2:41:28 PM,-2.68
10103,4/10/2022 2:41:32 PM,-2.68
10103,4/10/2022 2:41:36 PM,-2.00
10103,4/10/2022 2:41:40 PM,-2.21
10103,4/10/2022 2:41:44 PM,-2.68
10103,4/10/2022 2:41:48 PM,-3.36
10103,4/10/2022 2:41:52 PM,-2.46
10103,4/10/2022 2:41:56 PM,-1.99
10103,4/10/2022 2:42:00 PM,-2.67
10103,4/10/2022 2:42:04 PM,-2.68
10103,4/10/2022 2:42:08 PM,-2.68
10103,4/10/2022 2:42:12 PM,-2.68
10103,4/10/2022 2:42:16 PM,-2.43
10103,4/10/2022 2:42:20 PM,-2.92
10103,4/10/2022 2:42:24 PM,-2.68
10103,4/10/2022 2:42:28 PM,-3.14
10103,4/10/2022 2:42:32 PM,-3.10
10103,4/10/2022 2:42:36 PM,-2.01
10103,4/10/2022 2:42:40 PM,-2.21
10103,4/10/2022 2:42:44 PM,-3.12
10103,4/10/2022 2:42:48 PM,-3.36
10103,4/10/2022 2:42:52 PM,-2.68
10103,4/10/2022 2:42:56 PM,-2.68
10103,4/10/2022 2:43:00 PM,-2.00
10103,4/10/2022 2:43:04 PM,-2.46
10103,4/10/2022 2:43:08 PM,-1.99
10103,4/10/2022 2:43:12 PM,-1.99
10103,4/10/2022 2:43:16 PM,-2.68
10103,4/10/2022 2:43:20 PM,-3.13
10103,4/10/2022 2:43:24 PM,-2.01
10103,4/10/2022 2:43:28 PM,-2.21
10103,4/10/2022 2:43:32 PM,-3.13
10103,4/10/2022 2:43:36 PM,-2.69
10103,4/10/2022 2:43:40 PM,-2.21
10103,4/10/2022 2:43:44 PM,-2.68
10103,4/10/2022 2:43:48 PM,-2.68
10103,4/10/2022 2:43:52 PM,-2.43
10103,4/10/2022 2:43:56 PM,-3.36
10103,4/10/2022 2:44:00 PM,-3.36
10103,4/10/2022 2:44:04 PM,-3.14
10103,4/10/2022 2:44:08 PM,-2.23
10103,4/10/2022 2:44:12 PM,-2.67
10103,4/10/2022 2:44:16 PM,-2.90
10103,4/10/2022 2:44:20 PM,-2.91
10103,4/10/2022 2:44:24 PM,-2.68
10103,4/10/2022 2:44:28 PM,-2.21
10103,4/10/2022 2:44:32 PM,-2.23
10103,4/10/2022 2:44:36 PM,-3.35
10103,4/10/2022 2:44:40 PM,-2.21
10103,4/10/2022 2:44:44 PM,-2.68
10103,4/10/2022 2:44:48 PM,-2.68
10103,4/10/2022 2:44:52 PM,-2.68
10103,4/10/2022 2:44:56 PM,-2.68
10103,4/10/2022 2:45:00 PM,-3.36
10103,4/10/2022 2:45:04 PM,-2.68
10103,4/10/2022 2:45:08 PM,-2.23
10103,4/10/2022 2:45:12 PM,-2.67
10103,4/10/2022 2:45:16 PM,-3.39
10103,4/10/2022 2:45:20 PM,-2.44
10103,4/10/2022 2:45:24 PM,-2.68
10103,4/10/2022 2:45:28 PM,-2.68
10103,4/10/2022 2:45:32 PM,-2.23
10103,4/10/2022 2:45:36 PM,-2.67
10103,4/10/2022 2:45:40 PM,-2.68
10103,4/10/2022 2:45:44 PM,-2.68
10103,4/10/2022 2:45:48 PM,-2.68
10103,4/10/2022 2:45:52 PM,-2.68
10103,4/10/2022 2:45:56 PM,-2.68
10103,4/10/2022 2:46:00 PM,-3.36
10103,4/10/2022 2:46:04 PM,-2.46
10103,4/10/2022 2:46:08 PM,-3.34
10103,4/10/2022 2:46:12 PM,-2.70
10103,4/10/2022 2:46:16 PM,-2.46
10103,4/10/2022 2:46:20 PM,-2.89
10103,4/10/2022 2:46:24 PM,-2.69
10103,4/10/2022 2:46:28 PM,-2.46
10103,4/10/2022 2:46:32 PM,-2.44
10103,4/10/2022 2:46:36 PM,-2.68
10103,4/10/2022 2:46:40 PM,-2.68
10103,4/10/2022 2:46:44 PM,-2.68
10103,4/10/2022 2:46:48 PM,-2.68
10103,4/10/2022 2:46:52 PM,-2.68
10103,4/10/2022 2:46:56 PM,-2.68
10103,4/10/2022 2:47:00 PM,-2.00
10103,4/10/2022 2:47:04 PM,-3.36
10103,4/10/2022 2:47:08 PM,-2.46
10103,4/10/2022 2:47:12 PM,-2.67
10103,4/10/2022 2:47:16 PM,-3.36
10103,4/10/2022 2:47:20 PM,-2.91
10103,4/10/2022 2:47:24 PM,-2.68
10103,4/10/2022 2:47:28 PM,-2.90
10103,4/10/2022 2:47:32 PM,-2.91
10103,4/10/2022 2:47:36 PM,-2.00
10103,4/10/2022 2:47:40 PM,-2.68
10103,4/10/2022 2:47:44 PM,-3.13
10103,4/10/2022 2:47:48 PM,-2.00
10103,4/10/2022 2:47:52 PM,-2.90
10103,4/10/2022 2:47:56 PM,-2.92
10103,4/10/2022 2:48:00 PM,-2.68
10103,4/10/2022 2:48:04 PM,-2.68
10103,4/10/2022 2:48:08 PM,-2.23
10103,4/10/2022 2:48:12 PM,-1.99
10103,4/10/2022 2:48:16 PM,-2.68
10103,4/10/2022 2:48:20 PM,-3.13
10103,4/10/2022 2:48:24 PM,-2.68
10103,4/10/2022 2:48:28 PM,-2.46
10103,4/10/2022 2:48:32 PM,-1.99
10103,4/10/2022 2:48:36 PM,-3.20
10103,4/10/2022 2:48:40 PM,-2.68
10103,4/10/2022 2:48:44 PM,-3.13
10103,4/10/2022 2:48:48 PM,-2.68
10103,4/10/2022 2:48:52 PM,-2.68
10103,4/10/2022 2:48:56 PM,-2.68
10103,4/10/2022 2:49:00 PM,-2.68
10103,4/10/2022 2:49:04 PM,-2.22
10103,4/10/2022 2:49:08 PM,-2.68
10103,4/10/2022 2:49:12 PM,-2.68
10103,4/10/2022 2:49:16 PM,-2.68
10103,4/10/2022 2:49:20 PM,-2.68
10103,4/10/2022 2:49:24 PM,-2.68
10103,4/10/2022 2:49:28 PM,-2.93
10103,4/10/2022 2:49:32 PM,-2.89
10103,4/10/2022 2:49:36 PM,-2.00
10103,4/10/2022 2:49:40 PM,-2.46
10103,4/10/2022 2:49:44 PM,-2.44
10103,4/10/2022 2:49:48 PM,-2.68
10103,4/10/2022 2:49:52 PM,-2.22
10103,4/10/2022 2:49:56 PM,-3.13
10103,4/10/2022 2:50:00 PM,-2.00
10103,4/10/2022 2:50:04 PM,-3.14
10103,4/10/2022 2:50:08 PM,-2.68
10103,4/10/2022 2:50:12 PM,-2.68
10103,4/10/2022 2:50:16 PM,-2.68
10103,4/10/2022 2:50:20 PM,-2.23
10103,4/10/2022 2:50:24 PM,-2.67
10103,4/10/2022 2:50:28 PM,-2.68
10103,4/10/2022 2:50:32 PM,-2.68
10103,4/10/2022 2:50:36 PM,-4.04
10103,4/10/2022 2:50:40 PM,-2.84
10103,4/10/2022 2:50:44 PM,-3.36
10103,4/10/2022 2:50:48 PM,-2.68
10103,4/10/2022 2:50:52 PM,-2.68
10103,4/10/2022 2:50:56 PM,-2.68
10103,4/10/2022 2:51:00 PM,-2.68
10103,4/10/2022 2:51:04 PM,-2.46
10103,4/10/2022 2:51:08 PM,-2.44
10103,4/10/2022 2:51:12 PM,-2.68
10103,4/10/2022 2:51:16 PM,-2.22
10103,4/10/2022 2:51:20 PM,-2.23
10103,4/10/2022 2:51:24 PM,-2.67
10103,4/10/2022 2:51:28 PM,-2.68
10103,4/10/2022 2:51:32 PM,-2.68
10103,4/10/2022 2:51:36 PM,-2.68
10103,4/10/2022 2:51:40 PM,-2.68
10103,4/10/2022 2:51:44 PM,-2.68
10103,4/10/2022 2:51:48 PM,-3.36
10103,4/10/2022 2:51:52 PM,-2.68
10103,4/10/2022 2:51:56 PM,-3.13
10103,4/10/2022 2:52:00 PM,-2.68
10103,4/10/2022 2:52:04 PM,-2.68
10103,4/10/2022 2:52:08 PM,-2.68
10103,4/10/2022 2:52:12 PM,-3.35
10103,4/10/2022 2:52:16 PM,-2.21
10103,4/10/2022 2:52:20 PM,-2.23
10103,4/10/2022 2:52:24 PM,-4.03
10103,4/10/2022 2:52:28 PM,-2.46
10103,4/10/2022 2:52:32 PM,-2.89
10103,4/10/2022 2:52:36 PM,-2.00
10103,4/10/2022 2:52:40 PM,-2.15
10103,4/10/2022 2:52:44 PM,-2.68
10103,4/10/2022 2:52:48 PM,-2.00
10103,4/10/2022 2:52:52 PM,-3.60
10103,4/10/2022 2:52:56 PM,-2.68
10103,4/10/2022 2:53:00 PM,-2.68
10103,4/10/2022 2:53:04 PM,-3.14
10103,4/10/2022 2:53:08 PM,-3.13
10103,4/10/2022 2:53:12 PM,-2.69
10103,4/10/2022 2:53:16 PM,-2.68
10103,4/10/2022 2:53:20 PM,-2.68
10103,4/10/2022 2:53:24 PM,-2.68
10103,4/10/2022 2:53:28 PM,-3.36
10103,4/10/2022 2:53:32 PM,-3.36
10103,4/10/2022 2:53:36 PM,-3.36
10103,4/10/2022 2:53:40 PM,-2.90
10103,4/10/2022 2:53:44 PM,-2.47
10103,4/10/2022 2:53:48 PM,-3.35
10103,4/10/2022 2:53:52 PM,-2.46
10103,4/10/2022 2:53:56 PM,-1.99
10103,4/10/2022 2:54:00 PM,-3.35
10103,4/10/2022 2:54:04 PM,-2.68
10103,4/10/2022 2:54:08 PM,-3.13
10103,4/10/2022 2:54:12 PM,-2.01
10103,4/10/2022 2:54:16 PM,-3.14
10103,4/10/2022 2:54:20 PM,-2.23
10103,4/10/2022 2:54:24 PM,-2.67
10103,4/10/2022 2:54:28 PM,-2.68
10103,4/10/2022 2:54:32 PM,-3.12
10103,4/10/2022 2:54:36 PM,-2.01
10103,4/10/2022 2:54:40 PM,-2.46
10103,4/10/2022 2:54:44 PM,-2.89
10103,4/10/2022 2:54:48 PM,-2.68
10103,4/10/2022 2:54:52 PM,-2.68
10103,4/10/2022 2:54:56 PM,-2.23
10103,4/10/2022 2:55:00 PM,-2.67
10103,4/10/2022 2:55:04 PM,-3.14
10103,4/10/2022 2:55:08 PM,-2.68
10103,4/10/2022 2:55:12 PM,-2.68
10103,4/10/2022 2:55:16 PM,-2.68
10103,4/10/2022 2:55:20 PM,-2.68
10103,4/10/2022 2:55:24 PM,-2.68
10103,4/10/2022 2:55:28 PM,-2.21
10103,4/10/2022 2:55:32 PM,-2.23
10103,4/10/2022 2:55:36 PM,-2.67
10103,4/10/2022 2:55:40 PM,-3.36
10103,4/10/2022 2:55:44 PM,-2.47
10103,4/10/2022 2:55:48 PM,-2.67
10103,4/10/2022 2:55:52 PM,-2.68
10103,4/10/2022 2:55:56 PM,-2.68
10103,4/10/2022 2:56:00 PM,-3.36
10103,4/10/2022 2:56:04 PM,-2.68
10103,4/10/2022 2:56:08 PM,-2.23
10103,4/10/2022 2:56:12 PM,-2.67
10103,4/10/2022 2:56:16 PM,-3.14
10103,4/10/2022 2:56:20 PM,-2.23
10103,4/10/2022 2:56:24 PM,-2.67
10103,4/10/2022 2:56:28 PM,-2.21
10103,4/10/2022 2:56:32 PM,-2.68
10103,4/10/2022 2:56:36 PM,-3.36
10103,4/10/2022 2:56:40 PM,-2.47
10103,4/10/2022 2:56:44 PM,-2.43
10103,4/10/2022 2:56:48 PM,-2.68
10103,4/10/2022 2:56:52 PM,-1.99
10103,4/10/2022 2:56:56 PM,-2.44
10103,4/10/2022 2:57:00 PM,-2.68
10103,4/10/2022 2:57:04 PM,-2.46
10103,4/10/2022 2:57:08 PM,-2.44
10103,4/10/2022 2:57:12 PM,-2.68
10103,4/10/2022 2:57:16 PM,-2.21
10103,4/10/2022 2:57:20 PM,-2.68
10103,4/10/2022 2:57:24 PM,-2.68
10103,4/10/2022 2:57:28 PM,-1.99
10103,4/10/2022 2:57:32 PM,-1.99
10103,4/10/2022 2:57:36 PM,-2.67
10103,4/10/2022 2:57:40 PM,-2.68
10103,4/10/2022 2:57:44 PM,-2.68
10103,4/10/2022 2:57:48 PM,-2.68
10103,4/10/2022 2:57:52 PM,-2.46
10103,4/10/2022 2:57:56 PM,-2.44
10103,4/10/2022 2:58:00 PM,-2.68
10103,4/10/2022 2:58:04 PM,-3.14
10103,4/10/2022 2:58:08 PM,-2.68
10103,4/10/2022 2:58:12 PM,-2.00
10103,4/10/2022 2:58:16 PM,-2.46
10103,4/10/2022 2:58:20 PM,-2.44
10103,4/10/2022 2:58:24 PM,-2.68
10103,4/10/2022 2:58:28 PM,-2.90
10103,4/10/2022 2:58:32 PM,-3.36
10103,4/10/2022 2:58:36 PM,-2.68
10103,4/10/2022 2:58:40 PM,-3.36
10103,4/10/2022 2:58:44 PM,-3.36
10103,4/10/2022 2:58:48 PM,-2.69
10103,4/10/2022 2:58:52 PM,-2.90
10103,4/10/2022 2:58:56 PM,-2.92
10103,4/10/2022 2:59:00 PM,-2.68
10103,4/10/2022 2:59:04 PM,-2.90
10103,4/10/2022 2:59:08 PM,-2.91
10103,4/10/2022 2:59:12 PM,-2.68
10103,4/10/2022 2:59:16 PM,-2.46
10103,4/10/2022 2:59:20 PM,-2.90
10103,4/10/2022 2:59:24 PM,-2.68
10103,4/10/2022 2:59:28 PM,-3.14
10103,4/10/2022 2:59:32 PM,-2.68
10103,4/10/2022 2:59:36 PM,-4.04
10103,4/10/2022 2:59:40 PM,-1.99
10103,4/10/2022 2:59:44 PM,-2.44
10103,4/10/2022 2:59:48 PM,-2.68
10103,4/10/2022 2:59:52 PM,-2.46
10103,4/10/2022 2:59:56 PM,-2.89
10103,4/10/2022 3:00:00 PM,-2.68
10103,4/10/2022 3:00:04 PM,-3.36
10103,4/10/2022 3:00:08 PM,-3.81
10103,4/10/2022 3:00:12 PM,-3.37
10103,4/10/2022 3:00:16 PM,-2.92
10103,4/10/2022 3:00:20 PM,-2.44
10103,4/10/2022 3:00:24 PM,-2.68
10103,4/10/2022 3:00:28 PM,-2.92
10103,4/10/2022 3:00:32 PM,-2.45
10103,4/10/2022 3:00:36 PM,-2.68
10103,4/10/2022 3:00:40 PM,-2.68
10103,4/10/2022 3:00:44 PM,-2.68
10103,4/10/2022 3:00:48 PM,-3.36
10103,4/10/2022 3:00:52 PM,-2.92
10103,4/10/2022 3:00:56 PM,-2.44
10103,4/10/2022 3:01:00 PM,-2.68
10103,4/10/2022 3:01:04 PM,-3.14
10103,4/10/2022 3:01:08 PM,-2.68
10103,4/10/2022 3:01:12 PM,-2.68
10103,4/10/2022 3:01:16 PM,-3.36
10103,4/10/2022 3:01:20 PM,-2.46
10103,4/10/2022 3:01:24 PM,-1.99
10103,4/10/2022 3:01:28 PM,-2.46
10103,4/10/2022 3:01:32 PM,-2.44
10103,4/10/2022 3:01:36 PM,-2.68
10103,4/10/2022 3:01:40 PM,-2.90
10103,4/10/2022 3:01:44 PM,-2.46
10103,4/10/2022 3:01:48 PM,-2.67
10103,4/10/2022 3:01:52 PM,-2.92
10103,4/10/2022 3:01:56 PM,-2.89
10103,4/10/2022 3:02:00 PM,-2.68
10103,4/10/2022 3:02:04 PM,-2.92
10103,4/10/2022 3:02:08 PM,-1.99
10103,4/10/2022 3:02:12 PM,-2.67
10103,4/10/2022 3:02:16 PM,-2.90
10103,4/10/2022 3:02:20 PM,-3.36
10103,4/10/2022 3:02:24 PM,-2.68
10103,4/10/2022 3:02:28 PM,-2.68
10103,4/10/2022 3:02:32 PM,-2.68
10103,4/10/2022 3:02:36 PM,-2.00
10103,4/10/2022 3:02:40 PM,-3.12
10103,4/10/2022 3:02:44 PM,-3.62
10103,4/10/2022 3:02:48 PM,-3.36
10103,4/10/2022 3:02:52 PM,-3.14
10103,4/10/2022 3:02:56 PM,-2.68
10103,4/10/2022 3:03:00 PM,-2.68
10103,4/10/2022 3:03:04 PM,-2.68
10103,4/10/2022 3:03:08 PM,-2.68
10103,4/10/2022 3:03:12 PM,-2.68
10103,4/10/2022 3:03:16 PM,-2.90
10103,4/10/2022 3:03:20 PM,-2.46
10103,4/10/2022 3:03:24 PM,-2.67
10103,4/10/2022 3:03:28 PM,-3.14
10103,4/10/2022 3:03:32 PM,-2.68
10103,4/10/2022 3:03:36 PM,-3.36
10103,4/10/2022 3:03:40 PM,-2.90
10103,4/10/2022 3:03:44 PM,-2.91
10103,4/10/2022 3:03:48 PM,-2.68
10103,4/10/2022 3:03:52 PM,-2.68
10103,4/10/2022 3:03:56 PM,-2.68
10103,4/10/2022 3:04:00 PM,-3.36
10103,4/10/2022 3:04:04 PM,-2.68
10103,4/10/2022 3:04:08 PM,-2.68
10103,4/10/2022 3:04:12 PM,-2.68
10103,4/10/2022 3:04:16 PM,-2.90
10103,4/10/2022 3:04:20 PM,-2.91
10103,4/10/2022 3:04:24 PM,-2.68
10103,4/10/2022 3:04:28 PM,-2.21
10103,4/10/2022 3:04:32 PM,-3.13
10103,4/10/2022 3:04:36 PM,-2.68
10103,4/10/2022 3:04:40 PM,-3.36
10103,4/10/2022 3:04:44 PM,-3.36
10103,4/10/2022 3:04:48 PM,-3.36
10103,4/10/2022 3:04:52 PM,-3.12
10103,4/10/2022 3:04:56 PM,-3.60
10103,4/10/2022 3:05:00 PM,-2.68
10103,4/10/2022 3:05:04 PM,-2.68
10103,4/10/2022 3:05:08 PM,-2.68
10103,4/10/2022 3:05:12 PM,-2.68
10103,4/10/2022 3:05:16 PM,-2.22
10103,4/10/2022 3:05:20 PM,-2.68
10103,4/10/2022 3:05:24 PM,-2.68
10103,4/10/2022 3:05:28 PM,-2.93
10103,4/10/2022 3:05:32 PM,-2.44
10103,4/10/2022 3:05:36 PM,-2.68
10103,4/10/2022 3:05:40 PM,-3.58
10103,4/10/2022 3:05:44 PM,-3.15
10103,4/10/2022 3:05:48 PM,-3.36
10103,4/10/2022 3:05:52 PM,-2.21
10103,4/10/2022 3:05:56 PM,-3.13
10103,4/10/2022 3:06:00 PM,-4.04
10103,4/10/2022 3:06:04 PM,-2.68
10103,4/10/2022 3:06:08 PM,-2.68
10103,4/10/2022 3:06:12 PM,-2.68
10103,4/10/2022 3:06:16 PM,-2.46
10103,4/10/2022 3:06:20 PM,-2.44
10103,4/10/2022 3:06:24 PM,-2.68
10103,4/10/2022 3:06:28 PM,-3.14
10103,4/10/2022 3:06:32 PM,-2.68
10103,4/10/2022 3:06:36 PM,-2.68
10103,4/10/2022 3:06:40 PM,-3.14
10103,4/10/2022 3:06:44 PM,-3.10
10103,4/10/2022 3:06:48 PM,-2.68
10103,4/10/2022 3:06:52 PM,-2.92
10103,4/10/2022 3:06:56 PM,-2.44
10103,4/10/2022 3:07:00 PM,-2.68
10103,4/10/2022 3:07:04 PM,-2.90
10103,4/10/2022 3:07:08 PM,-2.47
10103,4/10/2022 3:07:12 PM,-2.67
10103,4/10/2022 3:07:16 PM,-3.14
10103,4/10/2022 3:07:20 PM,-3.13
10103,4/10/2022 3:07:24 PM,-2.01
10103,4/10/2022 3:07:28 PM,-2.68
10103,4/10/2022 3:07:32 PM,-3.12
10103,4/10/2022 3:07:36 PM,-2.01
10103,4/10/2022 3:07:40 PM,-2.68
10103,4/10/2022 3:07:44 PM,-2.68
10103,4/10/2022 3:07:48 PM,-3.36
10103,4/10/2022 3:07:52 PM,-2.21
10103,4/10/2022 3:07:56 PM,-2.68
10103,4/10/2022 3:08:00 PM,-2.68
10103,4/10/2022 3:08:04 PM,-2.90
10103,4/10/2022 3:08:08 PM,-2.91
10103,4/10/2022 3:08:12 PM,-2.68
10103,4/10/2022 3:08:16 PM,-2.68
10103,4/10/2022 3:08:20 PM,-2.68
10103,4/10/2022 3:08:24 PM,-2.00
10103,4/10/2022 3:08:28 PM,-2.65
10103,4/10/2022 3:08:32 PM,-3.15
10103,4/10/2022 3:08:36 PM,-4.04
10103,4/10/2022 3:08:40 PM,-3.61
10103,4/10/2022 3:08:44 PM,-2.68
10103,4/10/2022 3:08:48 PM,-2.68
10103,4/10/2022 3:08:52 PM,-2.90
10103,4/10/2022 3:08:56 PM,-2.92
10103,4/10/2022 3:09:00 PM,-1.32
10103,4/10/2022 3:09:04 PM,-2.21
10103,4/10/2022 3:09:08 PM,-2.68
10103,4/10/2022 3:09:12 PM,-2.68
10103,4/10/2022 3:09:16 PM,-2.92
10103,4/10/2022 3:09:20 PM,-2.44
10103,4/10/2022 3:09:24 PM,-2.68
10103,4/10/2022 3:09:28 PM,-2.68
10103,4/10/2022 3:09:32 PM,-3.13
10103,4/10/2022 3:09:36 PM,-3.36
10103,4/10/2022 3:09:40 PM,-2.21
10103,4/10/2022 3:09:44 PM,-2.68
10103,4/10/2022 3:09:48 PM,-2.68
10103,4/10/2022 3:09:52 PM,-2.68
10103,4/10/2022 3:09:56 PM,-2.68
10103,4/10/2022 3:10:00 PM,-2.68
10103,4/10/2022 3:10:04 PM,-3.83
10103,4/10/2022 3:10:08 PM,-2.47
10103,4/10/2022 3:10:12 PM,-4.02
10103,4/10/2022 3:10:16 PM,-2.46
10103,4/10/2022 3:10:20 PM,-1.99
10103,4/10/2022 3:10:24 PM,-2.67
10103,4/10/2022 3:10:28 PM,-2.68
10103,4/10/2022 3:10:32 PM,-2.68
10103,4/10/2022 3:10:36 PM,-2.00
10103,4/10/2022 3:10:40 PM,-2.68
10103,4/10/2022 3:10:44 PM,-2.68
10103,4/10/2022 3:10:48 PM,-2.06
10103,4/10/2022 3:10:52 PM,-2.43
10103,4/10/2022 3:10:56 PM,-2.92
10103,4/10/2022 3:11:00 PM,-2.68
10103,4/10/2022 3:11:04 PM,-3.36
10103,4/10/2022 3:11:08 PM,-2.92
10103,4/10/2022 3:11:12 PM,-1.33
10103,4/10/2022 3:11:16 PM,-3.15
10103,4/10/2022 3:11:20 PM,-2.68
10103,4/10/2022 3:11:24 PM,-2.00
10103,4/10/2022 3:11:28 PM,-2.46
10103,4/10/2022 3:11:32 PM,-2.44
10103,4/10/2022 3:11:36 PM,-2.68
10103,4/10/2022 3:11:40 PM,-2.22
10103,4/10/2022 3:11:44 PM,-2.68
10103,4/10/2022 3:11:48 PM,-2.68
10103,4/10/2022 3:11:52 PM,-2.68
10103,4/10/2022 3:11:56 PM,-2.68
10103,4/10/2022 3:12:00 PM,-2.68
10103,4/10/2022 3:12:04 PM,-2.92
10103,4/10/2022 3:12:08 PM,-2.44
10103,4/10/2022 3:12:12 PM,-2.00
10103,4/10/2022 3:12:16 PM,-3.14
10103,4/10/2022 3:12:20 PM,-2.23
10103,4/10/2022 3:12:24 PM,-2.68
10103,4/10/2022 3:12:28 PM,-2.68
10103,4/10/2022 3:12:32 PM,-3.13
10103,4/10/2022 3:12:36 PM,-2.68
10103,4/10/2022 3:12:40 PM,-3.14
10103,4/10/2022 3:12:44 PM,-2.68
10103,4/10/2022 3:12:48 PM,-2.68
10103,4/10/2022 3:12:52 PM,-2.21
10103,4/10/2022 3:12:56 PM,-3.12
10103,4/10/2022 3:13:00 PM,-2.68
10103,4/10/2022 3:13:04 PM,-2.68
10103,4/10/2022 3:13:08 PM,-2.68
10103,4/10/2022 3:13:12 PM,-2.00
10103,4/10/2022 3:13:16 PM,-3.14
10103,4/10/2022 3:13:20 PM,-3.13
10103,4/10/2022 3:13:24 PM,-3.36
10103,4/10/2022 3:13:28 PM,-2.21
10103,4/10/2022 3:13:32 PM,-3.13
10103,4/10/2022 3:13:36 PM,-2.68
10103,4/10/2022 3:13:40 PM,-2.68
10103,4/10/2022 3:13:44 PM,-2.68
10103,4/10/2022 3:13:48 PM,-2.00
10103,4/10/2022 3:13:52 PM,-2.90
10103,4/10/2022 3:13:56 PM,-2.92
10103,4/10/2022 3:14:00 PM,-2.68
10103,4/10/2022 3:14:04 PM,-2.46
10103,4/10/2022 3:14:08 PM,-2.45
10103,4/10/2022 3:14:12 PM,-3.36
10103,4/10/2022 3:14:16 PM,-2.46
10103,4/10/2022 3:14:20 PM,-2.44
10103,4/10/2022 3:14:24 PM,-2.68
10103,4/10/2022 3:14:28 PM,-2.44
10103,4/10/2022 3:14:32 PM,-3.36
10103,4/10/2022 3:14:36 PM,-2.68
10103,4/10/2022 3:14:40 PM,-2.44
10103,4/10/2022 3:14:44 PM,-2.47
10103,4/10/2022 3:14:48 PM,-2.67
10103,4/10/2022 3:14:52 PM,-2.90
10103,4/10/2022 3:14:56 PM,-2.47
10103,4/10/2022 3:15:00 PM,-2.67
10103,4/10/2022 3:15:04 PM,-2.68
10103,4/10/2022 3:15:08 PM,-2.68
10103,4/10/2022 3:15:12 PM,-3.36
10103,4/10/2022 3:15:16 PM,-3.14
10103,4/10/2022 3:15:20 PM,-2.23
10103,4/10/2022 3:15:24 PM,-2.67
10103,4/10/2022 3:15:28 PM,-2.90
10103,4/10/2022 3:15:32 PM,-2.46
10103,4/10/2022 3:15:36 PM,-2.67
10103,4/10/2022 3:15:40 PM,-2.68
10103,4/10/2022 3:15:44 PM,-2.68
10103,4/10/2022 3:15:48 PM,-3.36
10103,4/10/2022 3:15:52 PM,-3.14
10103,4/10/2022 3:15:56 PM,-3.13
10103,4/10/2022 3:16:00 PM,-2.68
10103,4/10/2022 3:16:04 PM,-2.90
10103,4/10/2022 3:16:08 PM,-2.91
10103,4/10/2022 3:16:12 PM,-2.00
10103,4/10/2022 3:16:16 PM,-1.97
10103,4/10/2022 3:16:20 PM,-2.91
10103,4/10/2022 3:16:24 PM,-2.00
10103,4/10/2022 3:16:28 PM,-3.39
10103,4/10/2022 3:16:32 PM,-1.99
10103,4/10/2022 3:16:36 PM,-1.99
10103,4/10/2022 3:16:40 PM,-2.21
10103,4/10/2022 3:16:44 PM,-3.13
10103,4/10/2022 3:16:48 PM,-2.68
10103,4/10/2022 3:16:52 PM,-3.36
10103,4/10/2022 3:16:56 PM,-3.81
10103,4/10/2022 3:17:00 PM,-3.37
10103,4/10/2022 3:17:04 PM,-2.68
10103,4/10/2022 3:17:08 PM,-2.68
10103,4/10/2022 3:17:12 PM,-2.00
10103,4/10/2022 3:17:16 PM,-2.68
10103,4/10/2022 3:17:20 PM,-2.68
10103,4/10/2022 3:17:24 PM,-2.68
10103,4/10/2022 3:17:28 PM,-2.68
10103,4/10/2022 3:17:32 PM,-2.68
10103,4/10/2022 3:17:36 PM,-2.68
10103,4/10/2022 3:17:40 PM,-2.68
10103,4/10/2022 3:17:44 PM,-2.68
10103,4/10/2022 3:17:48 PM,-2.68
10103,4/10/2022 3:17:52 PM,-2.46
10103,4/10/2022 3:17:56 PM,-2.89
10103,4/10/2022 3:18:00 PM,-2.68
10103,4/10/2022 3:18:04 PM,-1.99
10103,4/10/2022 3:18:08 PM,-1.99
10103,4/10/2022 3:18:12 PM,-2.67
10103,4/10/2022 3:18:16 PM,-2.90
10103,4/10/2022 3:18:20 PM,-2.91
10103,4/10/2022 3:18:24 PM,-2.68
10103,4/10/2022 3:18:28 PM,-2.21
10103,4/10/2022 3:18:32 PM,-2.68
10103,4/10/2022 3:18:36 PM,-2.68
10103,4/10/2022 3:18:40 PM,-2.68
10103,4/10/2022 3:18:44 PM,-2.23
10103,4/10/2022 3:18:48 PM,-2.67
10103,4/10/2022 3:18:52 PM,-2.22
10103,4/10/2022 3:18:56 PM,-2.68
10103,4/10/2022 3:19:00 PM,-2.68
10103,4/10/2022 3:19:04 PM,-2.68
10103,4/10/2022 3:19:08 PM,-2.23
10103,4/10/2022 3:19:12 PM,-2.67
10103,4/10/2022 3:19:16 PM,-2.68
10103,4/10/2022 3:19:20 PM,-3.13
10103,4/10/2022 3:19:24 PM,-2.68
10103,4/10/2022 3:19:28 PM,-2.43
10103,4/10/2022 3:19:32 PM,-2.92
10103,4/10/2022 3:19:36 PM,-4.04
10103,4/10/2022 3:19:40 PM,-2.92
10103,4/10/2022 3:19:44 PM,-1.99
10103,4/10/2022 3:19:48 PM,-1.99
10103,4/10/2022 3:19:52 PM,-2.21
10103,4/10/2022 3:19:56 PM,-3.12
10103,4/10/2022 3:20:00 PM,-2.01
10103,4/10/2022 3:20:04 PM,-2.22
10103,4/10/2022 3:20:08 PM,-2.68
10103,4/10/2022 3:20:12 PM,-2.00
10103,4/10/2022 3:20:16 PM,-2.68
10103,4/10/2022 3:20:20 PM,-2.68
10103,4/10/2022 3:20:24 PM,-1.32
10103,4/10/2022 3:20:28 PM,-1.99
10103,4/10/2022 3:20:32 PM,-2.89
10103,4/10/2022 3:20:36 PM,-2.68
10103,4/10/2022 3:20:40 PM,-2.24
10103,4/10/2022 3:20:44 PM,-2.20
10103,4/10/2022 3:20:48 PM,-2.68
10103,4/10/2022 3:20:52 PM,-2.90
10103,4/10/2022 3:20:56 PM,-2.92
10103,4/10/2022 3:21:00 PM,-3.36
10103,4/10/2022 3:21:04 PM,-2.68
10103,4/10/2022 3:21:08 PM,-2.23
10103,4/10/2022 3:21:12 PM,-1.99
10103,4/10/2022 3:21:16 PM,-2.21
10103,4/10/2022 3:21:20 PM,-2.23
10103,4/10/2022 3:21:24 PM,-3.35
10103,4/10/2022 3:21:28 PM,-2.46
10103,4/10/2022 3:21:32 PM,-1.99
10103,4/10/2022 3:21:36 PM,-1.32
10103,4/10/2022 3:21:40 PM,-3.14
10103,4/10/2022 3:21:44 PM,-2.23
10103,4/10/2022 3:21:48 PM,-1.99
10103,4/10/2022 3:21:52 PM,-2.68
10103,4/10/2022 3:21:56 PM,-2.23
10103,4/10/2022 3:22:00 PM,-3.35
10103,4/10/2022 3:22:04 PM,-3.14
10103,4/10/2022 3:22:08 PM,-2.68
10103,4/10/2022 3:22:12 PM,-2.68
10103,4/10/2022 3:22:16 PM,-2.68
10103,4/10/2022 3:22:20 PM,-2.23
10103,4/10/2022 3:22:24 PM,-2.67
10103,4/10/2022 3:22:28 PM,-2.21
10103,4/10/2022 3:22:32 PM,-2.23
10103,4/10/2022 3:22:36 PM,-1.99
10103,4/10/2022 3:22:40 PM,-2.21
10103,4/10/2022 3:22:44 PM,-2.68
10103,4/10/2022 3:22:48 PM,-2.68
10103,4/10/2022 3:22:52 PM,-2.46
10103,4/10/2022 3:22:56 PM,-2.44
10103,4/10/2022 3:23:00 PM,-3.35
10103,4/10/2022 3:23:04 PM,-2.21
10103,4/10/2022 3:23:08 PM,-2.68
10103,4/10/2022 3:23:12 PM,-2.68
10103,4/10/2022 3:23:16 PM,-2.46
10103,4/10/2022 3:23:20 PM,-2.44
10103,4/10/2022 3:23:24 PM,-3.36
10103,4/10/2022 3:23:28 PM,-1.99
10103,4/10/2022 3:23:32 PM,-2.89
10103,4/10/2022 3:23:36 PM,-2.69
10103,4/10/2022 3:23:40 PM,-2.21
10103,4/10/2022 3:23:44 PM,-2.68
10103,4/10/2022 3:23:48 PM,-2.68
10103,4/10/2022 3:23:52 PM,-2.68
10103,4/10/2022 3:23:56 PM,-2.68
10103,4/10/2022 3:24:00 PM,-2.68
10103,4/10/2022 3:24:04 PM,-2.22
10103,4/10/2022 3:24:08 PM,-3.13
10103,4/10/2022 3:24:12 PM,-2.69
10103,4/10/2022 3:24:16 PM,-2.93
10103,4/10/2022 3:24:20 PM,-2.44
10103,4/10/2022 3:24:24 PM,-2.68
10103,4/10/2022 3:24:28 PM,-2.68
10103,4/10/2022 3:24:32 PM,-2.23
10103,4/10/2022 3:24:36 PM,-1.99
10103,4/10/2022 3:24:40 PM,-2.68
10103,4/10/2022 3:24:44 PM,-2.68
10103,4/10/2022 3:24:48 PM,-3.36
10103,4/10/2022 3:24:52 PM,-1.99
10103,4/10/2022 3:24:56 PM,-2.89
10103,4/10/2022 3:25:00 PM,-2.68
10103,4/10/2022 3:25:04 PM,-2.92
10103,4/10/2022 3:25:08 PM,-2.44
10103,4/10/2022 3:25:12 PM,-3.36
10103,4/10/2022 3:25:16 PM,-2.22
10103,4/10/2022 3:25:20 PM,-2.68
10103,4/10/2022 3:25:24 PM,-2.68
10103,4/10/2022 3:25:28 PM,-2.50
10103,4/10/2022 3:25:32 PM,-2.38
10103,4/10/2022 3:25:36 PM,-2.68
10103,4/10/2022 3:25:40 PM,-2.68
10103,4/10/2022 3:25:44 PM,-2.23
10103,4/10/2022 3:25:48 PM,-1.99
10103,4/10/2022 3:25:52 PM,-2.22
10103,4/10/2022 3:25:56 PM,-2.68
10103,4/10/2022 3:26:00 PM,-2.68
10103,4/10/2022 3:26:04 PM,-2.68
10103,4/10/2022 3:26:08 PM,-2.68
10103,4/10/2022 3:26:12 PM,-2.00
10103,4/10/2022 3:26:16 PM,-2.46
10103,4/10/2022 3:26:20 PM,-2.44
10103,4/10/2022 3:26:24 PM,-2.68
10103,4/10/2022 3:26:28 PM,-2.68
10103,4/10/2022 3:26:32 PM,-2.23
10103,4/10/2022 3:26:36 PM,-2.67
10103,4/10/2022 3:26:40 PM,-2.46
10103,4/10/2022 3:26:44 PM,-2.44
10103,4/10/2022 3:26:48 PM,-2.68
10103,4/10/2022 3:26:52 PM,-3.14
10103,4/10/2022 3:26:56 PM,-2.68
10103,4/10/2022 3:27:00 PM,-2.68
10103,4/10/2022 3:27:04 PM,-2.92
10103,4/10/2022 3:27:08 PM,-2.44
10103,4/10/2022 3:27:12 PM,-2.00
10103,4/10/2022 3:27:16 PM,-2.36
10103,4/10/2022 3:27:20 PM,-2.21
10103,4/10/2022 3:27:24 PM,-2.00
10103,4/10/2022 3:27:28 PM,-2.21
10103,4/10/2022 3:27:32 PM,-2.23
10103,4/10/2022 3:27:36 PM,-3.35
10103,4/10/2022 3:27:40 PM,-2.46
10103,4/10/2022 3:27:44 PM,-2.44
10103,4/10/2022 3:27:48 PM,-2.68
10103,4/10/2022 3:27:52 PM,-2.68
10103,4/10/2022 3:27:56 PM,-2.23
10103,4/10/2022 3:28:00 PM,-2.67
10103,4/10/2022 3:28:04 PM,-3.14
10103,4/10/2022 3:28:08 PM,-2.68
10103,4/10/2022 3:28:12 PM,-2.68
10103,4/10/2022 3:28:16 PM,-2.68
10103,4/10/2022 3:28:20 PM,-2.23
10103,4/10/2022 3:28:24 PM,-2.67
10103,4/10/2022 3:28:28 PM,-3.14
10103,4/10/2022 3:28:32 PM,-2.23
10103,4/10/2022 3:28:36 PM,-1.99
10103,4/10/2022 3:28:40 PM,-1.97
10103,4/10/2022 3:28:44 PM,-2.92
10103,4/10/2022 3:28:48 PM,-2.00
10103,4/10/2022 3:28:52 PM,-2.68
10103,4/10/2022 3:28:56 PM,-2.23
10103,4/10/2022 3:29:00 PM,-1.99
10103,4/10/2022 3:29:04 PM,-2.92
10103,4/10/2022 3:29:08 PM,-2.44
10103,4/10/2022 3:29:12 PM,-2.68
10103,4/10/2022 3:29:16 PM,-2.90
10103,4/10/2022 3:29:20 PM,-2.91
10103,4/10/2022 3:29:24 PM,-2.68
10103,4/10/2022 3:29:28 PM,-2.93
10103,4/10/2022 3:29:32 PM,-2.89
10103,4/10/2022 3:29:36 PM,-2.68
10103,4/10/2022 3:29:40 PM,-2.68
10103,4/10/2022 3:29:44 PM,-2.68
10103,4/10/2022 3:29:48 PM,-2.68
10103,4/10/2022 3:29:52 PM,-1.99
10103,4/10/2022 3:29:56 PM,-1.99
10103,4/10/2022 3:30:00 PM,-2.67
10103,4/10/2022 3:30:04 PM,-2.46
10103,4/10/2022 3:30:08 PM,-1.99
10103,4/10/2022 3:30:12 PM,-1.99
10103,4/10/2022 3:30:16 PM,-2.21
10103,4/10/2022 3:30:20 PM,-2.23
10103,4/10/2022 3:30:24 PM,-1.99
10103,4/10/2022 3:30:28 PM,-2.21
10103,4/10/2022 3:30:32 PM,-2.23
10103,4/10/2022 3:30:36 PM,-1.99
10103,4/10/2022 3:30:40 PM,-1.99
10103,4/10/2022 3:30:44 PM,-2.44
10103,4/10/2022 3:30:48 PM,-3.35
10103,4/10/2022 3:30:52 PM,-2.22
10103,4/10/2022 3:30:56 PM,-2.68
10103,4/10/2022 3:31:00 PM,-2.68
10103,4/10/2022 3:31:04 PM,-2.68
10103,4/10/2022 3:31:08 PM,-2.68
10103,4/10/2022 3:31:12 PM,-3.35
10103,4/10/2022 3:31:16 PM,-2.68
10103,4/10/2022 3:31:20 PM,-2.68
10103,4/10/2022 3:31:24 PM,-2.68
10103,4/10/2022 3:31:28 PM,-3.25
10103,4/10/2022 3:31:32 PM,-3.13
10103,4/10/2022 3:31:36 PM,-2.68
10103,4/10/2022 3:31:40 PM,-2.21
10103,4/10/2022 3:31:44 PM,-2.68
10103,4/10/2022 3:31:48 PM,-3.36
10103,4/10/2022 3:31:52 PM,-2.68
10103,4/10/2022 3:31:56 PM,-2.23
10103,4/10/2022 3:32:00 PM,-3.34
10103,4/10/2022 3:32:04 PM,-2.22
10103,4/10/2022 3:32:08 PM,-2.68
10103,4/10/2022 3:32:12 PM,-2.68
10103,4/10/2022 3:32:16 PM,-2.21
10103,4/10/2022 3:32:20 PM,-3.12
10103,4/10/2022 3:32:24 PM,-2.01
10103,4/10/2022 3:32:28 PM,-2.68
10103,4/10/2022 3:32:32 PM,-2.23
10103,4/10/2022 3:32:36 PM,-2.67
10103,4/10/2022 3:32:40 PM,-2.46
10103,4/10/2022 3:32:44 PM,-1.99
10103,4/10/2022 3:32:48 PM,-2.67
10103,4/10/2022 3:32:52 PM,-2.68
10103,4/10/2022 3:32:56 PM,-2.68
10103,4/10/2022 3:33:00 PM,-2.68
10103,4/10/2022 3:33:04 PM,-2.21
10103,4/10/2022 3:33:08 PM,-2.68
10103,4/10/2022 3:33:12 PM,-2.68
10103,4/10/2022 3:33:16 PM,-1.75
10103,4/10/2022 3:33:20 PM,-3.13
10103,4/10/2022 3:33:24 PM,-2.68
10103,4/10/2022 3:33:28 PM,-1.99
10103,4/10/2022 3:33:32 PM,-2.44
10103,4/10/2022 3:33:36 PM,-2.00
10103,4/10/2022 3:33:40 PM,-3.14
10103,4/10/2022 3:33:44 PM,-2.68
10103,4/10/2022 3:33:48 PM,-2.00
10103,4/10/2022 3:33:52 PM,-2.68
10103,4/10/2022 3:33:56 PM,-2.23
10103,4/10/2022 3:34:00 PM,-2.67
10103,4/10/2022 3:34:04 PM,-2.68
10103,4/10/2022 3:34:08 PM,-2.68
10103,4/10/2022 3:34:12 PM,-3.35
10103,4/10/2022 3:34:16 PM,-2.68
10103,4/10/2022 3:34:20 PM,-3.13
10103,4/10/2022 3:34:24 PM,-2.69
10103,4/10/2022 3:34:28 PM,-2.46
10103,4/10/2022 3:34:32 PM,-2.89
10103,4/10/2022 3:34:36 PM,-2.69
10103,4/10/2022 3:34:40 PM,-2.90
10103,4/10/2022 3:34:44 PM,-2.47
10103,4/10/2022 3:34:48 PM,-3.35
10103,4/10/2022 3:34:52 PM,-1.99
10103,4/10/2022 3:34:56 PM,-2.44
10103,4/10/2022 3:35:00 PM,-2.68
10103,4/10/2022 3:35:04 PM,-2.43
10103,4/10/2022 3:35:08 PM,-2.92
10103,4/10/2022 3:35:12 PM,-2.00
10103,4/10/2022 3:35:16 PM,-2.90
10103,4/10/2022 3:35:20 PM,-2.02
10103,4/10/2022 3:35:24 PM,-1.99
10103,4/10/2022 3:35:28 PM,-2.93
10103,4/10/2022 3:35:32 PM,-1.99
10103,4/10/2022 3:35:36 PM,-2.67
10103,4/10/2022 3:35:40 PM,-2.68
10103,4/10/2022 3:35:44 PM,-3.13
10103,4/10/2022 3:35:48 PM,-2.14
10103,4/10/2022 3:35:52 PM,-2.46
10103,4/10/2022 3:35:56 PM,-2.89
10103,4/10/2022 3:36:00 PM,-3.36
10103,4/10/2022 3:36:04 PM,-2.21
10103,4/10/2022 3:36:08 PM,-1.78
10103,4/10/2022 3:36:12 PM,-2.66
10103,4/10/2022 3:36:16 PM,-3.14
10103,4/10/2022 3:36:20 PM,-3.13
10103,4/10/2022 3:36:24 PM,-3.36
10103,4/10/2022 3:36:28 PM,-2.46
10103,4/10/2022 3:36:32 PM,-2.89
10103,4/10/2022 3:36:36 PM,-2.69
10103,4/10/2022 3:36:40 PM,-2.46
10103,4/10/2022 3:36:44 PM,-2.89
10103,4/10/2022 3:36:48 PM,-2.69
10103,4/10/2022 3:36:52 PM,-2.22
10103,4/10/2022 3:36:56 PM,-2.23
10103,4/10/2022 3:37:00 PM,-3.36
10103,4/10/2022 3:37:04 PM,-2.22
10103,4/10/2022 3:37:08 PM,-3.13
10103,4/10/2022 3:37:12 PM,-2.69
10103,4/10/2022 3:37:16 PM,-1.99
10103,4/10/2022 3:37:20 PM,-2.45
10103,4/10/2022 3:37:24 PM,-2.68
10103,4/10/2022 3:37:28 PM,-2.21
10103,4/10/2022 3:37:32 PM,-2.68
10103,4/10/2022 3:37:36 PM,-2.68
10103,4/10/2022 3:37:40 PM,-2.22
10103,4/10/2022 3:37:44 PM,-3.13
10103,4/10/2022 3:37:48 PM,-3.36
10103,4/10/2022 3:37:52 PM,-1.99
10103,4/10/2022 3:37:56 PM,-1.99
10103,4/10/2022 3:38:00 PM,-2.67
10103,4/10/2022 3:38:04 PM,-1.99
10103,4/10/2022 3:38:08 PM,-2.39
10103,4/10/2022 3:38:12 PM,-2.00
10103,4/10/2022 3:38:16 PM,-2.44
10103,4/10/2022 3:38:20 PM,-2.91
10103,4/10/2022 3:38:24 PM,-2.68
10103,4/10/2022 3:38:28 PM,-2.44
10103,4/10/2022 3:38:32 PM,-2.91
10103,4/10/2022 3:38:36 PM,-2.00
10103,4/10/2022 3:38:40 PM,-2.92
10103,4/10/2022 3:38:44 PM,-2.89
10103,4/10/2022 3:38:48 PM,-2.68
10103,4/10/2022 3:38:52 PM,-2.46
10103,4/10/2022 3:38:56 PM,-2.44
10103,4/10/2022 3:39:00 PM,-2.68
10103,4/10/2022 3:39:04 PM,-1.99
10103,4/10/2022 3:39:08 PM,-1.99
10103,4/10/2022 3:39:12 PM,-1.99
10103,4/10/2022 3:39:16 PM,-1.53
10103,4/10/2022 3:39:20 PM,-2.45
10103,4/10/2022 3:39:24 PM,-2.68
10103,4/10/2022 3:39:28 PM,-2.68
10103,4/10/2022 3:39:32 PM,-2.23
10103,4/10/2022 3:39:36 PM,-2.67
10103,4/10/2022 3:39:40 PM,-2.68
10103,4/10/2022 3:39:44 PM,-2.23
10103,4/10/2022 3:39:48 PM,-3.36
10103,4/10/2022 3:39:52 PM,-2.90
10103,4/10/2022 3:39:56 PM,-2.47
10103,4/10/2022 3:40:00 PM,-3.35
10103,4/10/2022 3:40:04 PM,-2.46
10103,4/10/2022 3:40:08 PM,-2.90
10103,4/10/2022 3:40:12 PM,-2.69
10103,4/10/2022 3:40:16 PM,-2.22
10103,4/10/2022 3:40:20 PM,-3.13
10103,4/10/2022 3:40:24 PM,-3.36
10103,4/10/2022 3:40:28 PM,-1.53
10103,4/10/2022 3:40:32 PM,-1.99
10103,4/10/2022 3:40:36 PM,-2.67
10103,4/10/2022 3:40:40 PM,-2.46
10103,4/10/2022 3:40:44 PM,-2.44
10103,4/10/2022 3:40:48 PM,-3.36
10103,4/10/2022 3:40:52 PM,-1.99
10103,4/10/2022 3:40:56 PM,-1.99
10103,4/10/2022 3:41:00 PM,-2.67
10103,4/10/2022 3:41:04 PM,-2.46
10103,4/10/2022 3:41:08 PM,-1.99
10103,4/10/2022 3:41:12 PM,-1.99
10103,4/10/2022 3:41:16 PM,-3.14
10103,4/10/2022 3:41:20 PM,-2.23
10103,4/10/2022 3:41:24 PM,-3.35
10103,4/10/2022 3:41:28 PM,-2.68
10103,4/10/2022 3:41:32 PM,-2.23
10103,4/10/2022 3:41:36 PM,-2.67
10103,4/10/2022 3:41:40 PM,-2.22
10103,4/10/2022 3:41:44 PM,-3.13
10103,4/10/2022 3:41:48 PM,-2.68
10103,4/10/2022 3:41:52 PM,-2.68
10103,4/10/2022 3:41:56 PM,-2.23
10103,4/10/2022 3:42:00 PM,-2.67
10103,4/10/2022 3:42:04 PM,-2.22
10103,4/10/2022 3:42:08 PM,-2.23
10103,4/10/2022 3:42:12 PM,-2.67
10103,4/10/2022 3:42:16 PM,-1.53
10103,4/10/2022 3:42:20 PM,-2.44
10103,4/10/2022 3:42:24 PM,-2.00
10103,4/10/2022 3:42:28 PM,-2.68
10103,4/10/2022 3:42:32 PM,-2.68
10103,4/10/2022 3:42:36 PM,-2.68
10103,4/10/2022 3:42:40 PM,-2.21
10103,4/10/2022 3:42:44 PM,-2.68
10103,4/10/2022 3:42:48 PM,-2.68
10103,4/10/2022 3:42:52 PM,-2.46
10103,4/10/2022 3:42:56 PM,-2.75
10103,4/10/2022 3:43:00 PM,-2.68
10103,4/10/2022 3:43:04 PM,-2.46
10103,4/10/2022 3:43:08 PM,-1.99
10103,4/10/2022 3:43:12 PM,-3.35
10103,4/10/2022 3:43:16 PM,-2.92
10103,4/10/2022 3:43:20 PM,-1.99
10103,4/10/2022 3:43:24 PM,-1.99
10103,4/10/2022 3:43:28 PM,-1.53
10103,4/10/2022 3:43:32 PM,-2.44
10103,4/10/2022 3:43:36 PM,-4.04
10103,4/10/2022 3:43:40 PM,-2.68
10103,4/10/2022 3:43:44 PM,-2.68
10103,4/10/2022 3:43:48 PM,-3.36
10103,4/10/2022 3:43:52 PM,-2.68
10103,4/10/2022 3:43:56 PM,-2.68
10103,4/10/2022 3:44:00 PM,-3.36
10103,4/10/2022 3:44:04 PM,-2.22
10103,4/10/2022 3:44:08 PM,-2.23
10103,4/10/2022 3:44:12 PM,-1.32
10103,4/10/2022 3:44:16 PM,-2.92
10103,4/10/2022 3:44:20 PM,-2.44
10103,4/10/2022 3:44:24 PM,-2.68
10103,4/10/2022 3:44:28 PM,-2.90
10103,4/10/2022 3:44:32 PM,-2.91
10103,4/10/2022 3:44:36 PM,-2.00
10103,4/10/2022 3:44:40 PM,-2.46
10103,4/10/2022 3:44:44 PM,-2.44
10103,4/10/2022 3:44:48 PM,-3.36
10103,4/10/2022 3:44:52 PM,-2.68
10103,4/10/2022 3:44:56 PM,-2.23
10103,4/10/2022 3:45:00 PM,-3.35
10103,4/10/2022 3:45:04 PM,-2.21
10103,4/10/2022 3:45:08 PM,-2.23
10103,4/10/2022 3:45:12 PM,-3.34
10103,4/10/2022 3:45:16 PM,-2.68
10103,4/10/2022 3:45:20 PM,-3.13
10103,4/10/2022 3:45:24 PM,-2.68
10103,4/10/2022 3:45:28 PM,-2.68
10103,4/10/2022 3:45:32 PM,-2.68
10103,4/10/2022 3:45:36 PM,-2.68
10103,4/10/2022 3:45:40 PM,-2.43
10103,4/10/2022 3:45:44 PM,-2.47
10103,4/10/2022 3:45:48 PM,-2.67
10103,4/10/2022 3:45:52 PM,-2.46
10103,4/10/2022 3:45:56 PM,-2.44
10103,4/10/2022 3:46:00 PM,-2.00
10103,4/10/2022 3:46:04 PM,-2.68
10103,4/10/2022 3:46:08 PM,-2.68
10103,4/10/2022 3:46:12 PM,-2.68
10103,4/10/2022 3:46:16 PM,-2.90
10103,4/10/2022 3:46:20 PM,-2.92
10103,4/10/2022 3:46:24 PM,-2.68
10103,4/10/2022 3:46:28 PM,-2.68
10103,4/10/2022 3:46:32 PM,-2.23
10103,4/10/2022 3:46:36 PM,-1.99
10103,4/10/2022 3:46:40 PM,-3.14
10103,4/10/2022 3:46:44 PM,-2.23
10103,4/10/2022 3:46:48 PM,-2.67
10103,4/10/2022 3:46:52 PM,-2.68
10103,4/10/2022 3:46:56 PM,-2.68
10103,4/10/2022 3:47:00 PM,-2.00
10103,4/10/2022 3:47:04 PM,-2.21
10103,4/10/2022 3:47:08 PM,-2.68
10103,4/10/2022 3:47:12 PM,-2.68
10103,4/10/2022 3:47:16 PM,-2.21
10103,4/10/2022 3:47:20 PM,-2.68
10103,4/10/2022 3:47:24 PM,-2.00
10103,4/10/2022 3:47:28 PM,-2.21
10103,4/10/2022 3:47:32 PM,-2.68
10103,4/10/2022 3:47:36 PM,-2.68
10103,4/10/2022 3:47:40 PM,-2.92
10103,4/10/2022 3:47:44 PM,-2.44
10103,4/10/2022 3:47:48 PM,-2.68
10103,4/10/2022 3:47:52 PM,-2.21
10103,4/10/2022 3:47:56 PM,-2.68
10103,4/10/2022 3:48:00 PM,-2.68
10103,4/10/2022 3:48:04 PM,-2.21
10103,4/10/2022 3:48:08 PM,-2.68
10103,4/10/2022 3:48:12 PM,-2.68
10103,4/10/2022 3:48:16 PM,-2.68
10103,4/10/2022 3:48:20 PM,-3.12
10103,4/10/2022 3:48:24 PM,-2.69
10103,4/10/2022 3:48:28 PM,-2.89
10103,4/10/2022 3:48:32 PM,-3.36
10103,4/10/2022 3:48:36 PM,-2.69
10103,4/10/2022 3:48:40 PM,-2.90
10103,4/10/2022 3:48:44 PM,-2.92
10103,4/10/2022 3:48:48 PM,-2.00
10103,4/10/2022 3:48:52 PM,-3.14
10103,4/10/2022 3:48:56 PM,-2.68
10103,4/10/2022 3:49:00 PM,-3.36
10103,4/10/2022 3:49:04 PM,-1.99
10103,4/10/2022 3:49:08 PM,-2.44
10103,4/10/2022 3:49:12 PM,-2.68
10103,4/10/2022 3:49:16 PM,-2.90
10103,4/10/2022 3:49:20 PM,-2.91
10103,4/10/2022 3:49:24 PM,-3.36
10103,4/10/2022 3:49:28 PM,-3.15
10103,4/10/2022 3:49:32 PM,-2.23
10103,4/10/2022 3:49:36 PM,-2.67
10103,4/10/2022 3:49:40 PM,-2.43
10103,4/10/2022 3:49:44 PM,-2.92
10103,4/10/2022 3:49:48 PM,-2.68
10103,4/10/2022 3:49:52 PM,-1.99
10103,4/10/2022 3:49:56 PM,-1.99
10103,4/10/2022 3:50:00 PM,-2.67
10103,4/10/2022 3:50:04 PM,-2.84
10103,4/10/2022 3:50:08 PM,-3.36
10103,4/10/2022 3:50:12 PM,-3.36
10103,4/10/2022 3:50:16 PM,-2.46
10103,4/10/2022 3:50:20 PM,-2.44
10103,4/10/2022 3:50:24 PM,-2.68
10103,4/10/2022 3:50:28 PM,-2.68
10103,4/10/2022 3:50:32 PM,-2.23
10103,4/10/2022 3:50:36 PM,-2.68
10103,4/10/2022 3:50:40 PM,-2.68
10103,4/10/2022 3:50:44 PM,-3.13
10103,4/10/2022 3:50:48 PM,-2.00
10103,4/10/2022 3:50:52 PM,-2.22
10103,4/10/2022 3:50:56 PM,-3.13
10103,4/10/2022 3:51:00 PM,-2.68
10103,4/10/2022 3:51:04 PM,-2.68
10103,4/10/2022 3:51:08 PM,-2.68
10103,4/10/2022 3:51:12 PM,-3.36
10103,4/10/2022 3:51:16 PM,-2.68
10103,4/10/2022 3:51:20 PM,-2.68
10103,4/10/2022 3:51:24 PM,-4.04
10103,4/10/2022 3:51:28 PM,-2.21
10103,4/10/2022 3:51:32 PM,-2.68
10103,4/10/2022 3:51:36 PM,-2.00
10103,4/10/2022 3:51:40 PM,-2.68
10103,4/10/2022 3:51:44 PM,-2.68
10103,4/10/2022 3:51:48 PM,-2.68
10103,4/10/2022 3:51:52 PM,-1.99
10103,4/10/2022 3:51:56 PM,-2.44
10103,4/10/2022 3:52:00 PM,-2.68
10103,4/10/2022 3:52:04 PM,-2.22
10103,4/10/2022 3:52:08 PM,-3.58
10103,4/10/2022 3:52:12 PM,-2.02
10103,4/10/2022 3:52:16 PM,-2.68
10103,4/10/2022 3:52:20 PM,-2.68
10103,4/10/2022 3:52:24 PM,-2.68
10103,4/10/2022 3:52:28 PM,-2.68
10103,4/10/2022 3:52:32 PM,-2.68
10103,4/10/2022 3:52:36 PM,-2.68
10103,4/10/2022 3:52:40 PM,-2.44
10103,4/10/2022 3:52:44 PM,-2.47
10103,4/10/2022 3:52:48 PM,-1.99
10103,4/10/2022 3:52:52 PM,-2.68
10103,4/10/2022 3:52:56 PM,-2.68
10103,4/10/2022 3:53:00 PM,-2.00
10103,4/10/2022 3:53:04 PM,-3.14
10103,4/10/2022 3:53:08 PM,-2.23
10103,4/10/2022 3:53:12 PM,-2.67
10103,4/10/2022 3:53:16 PM,-2.68
10103,4/10/2022 3:53:20 PM,-2.68
10103,4/10/2022 3:53:24 PM,-2.68
10103,4/10/2022 3:53:28 PM,-2.68
10103,4/10/2022 3:53:32 PM,-3.58
10103,4/10/2022 3:53:36 PM,-2.01
10103,4/10/2022 3:53:40 PM,-2.68
10103,4/10/2022 3:53:44 PM,-2.68
10103,4/10/2022 3:53:48 PM,-2.68
10103,4/10/2022 3:53:52 PM,-1.99
10103,4/10/2022 3:53:56 PM,-2.44
10103,4/10/2022 3:54:00 PM,-2.68
10103,4/10/2022 3:54:04 PM,-2.21
10103,4/10/2022 3:54:08 PM,-2.68
10103,4/10/2022 3:54:12 PM,-2.68
10103,4/10/2022 3:54:16 PM,-2.90
10103,4/10/2022 3:54:20 PM,-2.91
10103,4/10/2022 3:54:24 PM,-2.68
10103,4/10/2022 3:54:28 PM,-2.46
10103,4/10/2022 3:54:32 PM,-2.44
10103,4/10/2022 3:54:36 PM,-2.68
10103,4/10/2022 3:54:40 PM,-2.68
10103,4/10/2022 3:54:44 PM,-2.68
10103,4/10/2022 3:54:48 PM,-2.00
10103,4/10/2022 3:54:52 PM,-1.75
10103,4/10/2022 3:54:56 PM,-2.23
10103,4/10/2022 3:55:00 PM,-2.67
10103,4/10/2022 3:55:04 PM,-3.14
10103,4/10/2022 3:55:08 PM,-2.23
10103,4/10/2022 3:55:12 PM,-1.32
10103,4/10/2022 3:55:16 PM,-2.68
10103,4/10/2022 3:55:20 PM,-2.68
10103,4/10/2022 3:55:24 PM,-3.36
10103,4/10/2022 3:55:28 PM,-2.18
10103,4/10/2022 3:55:32 PM,-2.68
10103,4/10/2022 3:55:36 PM,-2.68
10103,4/10/2022 3:55:40 PM,-2.68
10103,4/10/2022 3:55:44 PM,-2.68
10103,4/10/2022 3:55:48 PM,-2.68
10103,4/10/2022 3:55:52 PM,-2.68
10103,4/10/2022 3:55:56 PM,-2.68
10103,4/10/2022 3:56:00 PM,-2.68
10103,4/10/2022 3:56:04 PM,-1.99
10103,4/10/2022 3:56:08 PM,-1.99
10103,4/10/2022 3:56:12 PM,-1.32
10103,4/10/2022 3:56:16 PM,-2.46
10103,4/10/2022 3:56:20 PM,-1.99
10103,4/10/2022 3:56:24 PM,-3.35
10103,4/10/2022 3:56:28 PM,-1.77
10103,4/10/2022 3:56:32 PM,-2.66
10103,4/10/2022 3:56:36 PM,-2.68
10103,4/10/2022 3:56:40 PM,-2.21
10103,4/10/2022 3:56:44 PM,-3.13
10103,4/10/2022 3:56:48 PM,-2.68
10103,4/10/2022 3:56:52 PM,-3.14
10103,4/10/2022 3:56:56 PM,-2.68
10103,4/10/2022 3:57:00 PM,-2.68
10103,4/10/2022 3:57:04 PM,-2.37
10103,4/10/2022 3:57:08 PM,-2.91
10103,4/10/2022 3:57:12 PM,-2.68
10103,4/10/2022 3:57:16 PM,-2.46
10103,4/10/2022 3:57:20 PM,-2.89
10103,4/10/2022 3:57:24 PM,-2.68
10103,4/10/2022 3:57:28 PM,-2.46
10103,4/10/2022 3:57:32 PM,-2.89
10103,4/10/2022 3:57:36 PM,-2.68
10103,4/10/2022 3:57:40 PM,-2.68
10103,4/10/2022 3:57:44 PM,-2.23
10103,4/10/2022 3:57:48 PM,-2.67
10103,4/10/2022 3:57:52 PM,-2.68
10103,4/10/2022 3:57:56 PM,-2.68
10103,4/10/2022 3:58:00 PM,-2.00
10103,4/10/2022 3:58:04 PM,-2.46
10103,4/10/2022 3:58:08 PM,-2.88
10103,4/10/2022 3:58:12 PM,-2.01
10103,4/10/2022 3:58:16 PM,-1.99
10103,4/10/2022 3:58:20 PM,-1.99
10103,4/10/2022 3:58:24 PM,-3.35
10103,4/10/2022 3:58:28 PM,-1.99
10103,4/10/2022 3:58:32 PM,-1.99
10103,4/10/2022 3:58:36 PM,-1.99
10103,4/10/2022 3:58:40 PM,-1.99
10103,4/10/2022 3:58:44 PM,-2.44
10103,4/10/2022 3:58:48 PM,-2.68
10103,4/10/2022 3:58:52 PM,-2.68
10103,4/10/2022 3:58:56 PM,-2.24
10103,4/10/2022 3:59:00 PM,-2.67
10103,4/10/2022 3:59:04 PM,-2.68
10103,4/10/2022 3:59:08 PM,-2.23
10103,4/10/2022 3:59:12 PM,-2.67
10103,4/10/2022 3:59:16 PM,-3.14
10103,4/10/2022 3:59:20 PM,-2.68
10103,4/10/2022 3:59:24 PM,-3.36
10103,4/10/2022 3:59:28 PM,-2.68
10103,4/10/2022 3:59:32 PM,-2.68
10103,4/10/2022 3:59:36 PM,-2.68
10103,4/10/2022 3:59:40 PM,-2.92
10103,4/10/2022 3:59:44 PM,-1.99
10103,4/10/2022 3:59:48 PM,-2.67
10103,4/10/2022 3:59:52 PM,-2.68
10103,4/10/2022 3:59:56 PM,-2.68
10103,4/10/2022 4:00:00 PM,-2.01
10103,4/10/2022 4:00:04 PM,-1.99
10103,4/10/2022 4:00:08 PM,-1.99
10103,4/10/2022 4:00:12 PM,-3.34
10103,4/10/2022 4:00:16 PM,-2.68
10103,4/10/2022 4:00:20 PM,-2.23
10103,4/10/2022 4:00:24 PM,-2.67
10103,4/10/2022 4:00:28 PM,-2.21
10103,4/10/2022 4:00:32 PM,-2.68
10103,4/10/2022 4:00:36 PM,-2.68
10103,4/10/2022 4:00:40 PM,-2.68
10103,4/10/2022 4:00:44 PM,-2.68
10103,4/10/2022 4:00:48 PM,-2.68
10103,4/10/2022 4:00:52 PM,-1.99
10103,4/10/2022 4:00:56 PM,-2.44
10103,4/10/2022 4:01:00 PM,-2.68
10103,4/10/2022 4:01:04 PM,-2.90
10103,4/10/2022 4:01:08 PM,-2.92
10103,4/10/2022 4:01:12 PM,-2.68
10103,4/10/2022 4:01:16 PM,-2.68
10103,4/10/2022 4:01:20 PM,-2.68
10103,4/10/2022 4:01:24 PM,-2.68
10103,4/10/2022 4:01:28 PM,-2.42
10103,4/10/2022 4:01:32 PM,-2.47
10103,4/10/2022 4:01:36 PM,-2.67
10103,4/10/2022 4:01:40 PM,-3.14
10103,4/10/2022 4:01:44 PM,-2.68
10103,4/10/2022 4:01:48 PM,-3.29
10103,4/10/2022 4:01:52 PM,-2.90
10103,4/10/2022 4:01:56 PM,-2.92
10103,4/10/2022 4:02:00 PM,-2.68
10103,4/10/2022 4:02:04 PM,-3.36
10103,4/10/2022 4:02:08 PM,-3.36
10103,4/10/2022 4:02:12 PM,-2.69
10103,4/10/2022 4:02:16 PM,-2.68
10103,4/10/2022 4:02:20 PM,-2.23
10103,4/10/2022 4:02:24 PM,-2.67
10103,4/10/2022 4:02:28 PM,-2.93
10103,4/10/2022 4:02:32 PM,-2.44
10103,4/10/2022 4:02:36 PM,-2.00
10103,4/10/2022 4:02:40 PM,-2.21
10103,4/10/2022 4:02:44 PM,-1.78
10103,4/10/2022 4:02:48 PM,-2.67
10103,4/10/2022 4:02:52 PM,-2.46
10103,4/10/2022 4:02:56 PM,-1.99
10103,4/10/2022 4:03:00 PM,-3.25
10103,4/10/2022 4:03:04 PM,-2.22
10103,4/10/2022 4:03:08 PM,-2.68
10103,4/10/2022 4:03:12 PM,-2.00
10103,4/10/2022 4:03:16 PM,-1.53
10103,4/10/2022 4:03:20 PM,-2.45
10103,4/10/2022 4:03:24 PM,-2.00
10103,4/10/2022 4:03:28 PM,-2.21
10103,4/10/2022 4:03:32 PM,-3.13
10103,4/10/2022 4:03:36 PM,-2.00
10103,4/10/2022 4:03:40 PM,-1.53
10103,4/10/2022 4:03:44 PM,-2.44
10103,4/10/2022 4:03:48 PM,-3.36
10103,4/10/2022 4:03:52 PM,-1.99
10103,4/10/2022 4:03:56 PM,-2.44
10103,4/10/2022 4:04:00 PM,-2.68
10103,4/10/2022 4:04:04 PM,-1.77
10103,4/10/2022 4:04:08 PM,-2.21
10103,4/10/2022 4:04:12 PM,-2.68
10103,4/10/2022 4:04:16 PM,-2.68
10103,4/10/2022 4:04:20 PM,-3.13
10103,4/10/2022 4:04:24 PM,-2.68
10103,4/10/2022 4:04:28 PM,-1.99
10103,4/10/2022 4:04:32 PM,-2.83
10103,4/10/2022 4:04:36 PM,-1.32
10103,4/10/2022 4:04:40 PM,-1.75
10103,4/10/2022 4:04:44 PM,-3.13
10103,4/10/2022 4:04:48 PM,-2.00
10103,4/10/2022 4:04:52 PM,-1.99
10103,4/10/2022 4:04:56 PM,-2.44
10103,4/10/2022 4:05:00 PM,-2.68
10103,4/10/2022 4:05:04 PM,-2.46
10103,4/10/2022 4:05:08 PM,-1.99
10103,4/10/2022 4:05:12 PM,-1.99
10103,4/10/2022 4:05:16 PM,-2.92
10103,4/10/2022 4:05:20 PM,-2.45
10103,4/10/2022 4:05:24 PM,-2.68
10103,4/10/2022 4:05:28 PM,-2.68
10103,4/10/2022 4:05:32 PM,-2.23
10103,4/10/2022 4:05:36 PM,-3.36
10103,4/10/2022 4:05:40 PM,-2.90
10103,4/10/2022 4:05:44 PM,-2.91
10103,4/10/2022 4:05:48 PM,-2.68
10103,4/10/2022 4:05:52 PM,-2.68
10103,4/10/2022 4:05:56 PM,-2.68
10103,4/10/2022 4:06:00 PM,-2.68
10103,4/10/2022 4:06:04 PM,-2.46
10103,4/10/2022 4:06:08 PM,-1.99
10103,4/10/2022 4:06:12 PM,-1.99
10103,4/10/2022 4:06:16 PM,-3.12
10103,4/10/2022 4:06:20 PM,-3.15
10103,4/10/2022 4:06:24 PM,-2.00
10103,4/10/2022 4:06:28 PM,-2.68
10103,4/10/2022 4:06:32 PM,-2.68
10103,4/10/2022 4:06:36 PM,-2.00
10103,4/10/2022 4:06:40 PM,-2.21
10103,4/10/2022 4:06:44 PM,-2.68
10103,4/10/2022 4:06:48 PM,-2.68
10103,4/10/2022 4:06:52 PM,-3.14
10103,4/10/2022 4:06:56 PM,-2.68
10103,4/10/2022 4:07:00 PM,-2.68
10103,4/10/2022 4:07:04 PM,-1.99
10103,4/10/2022 4:07:08 PM,-2.44
10103,4/10/2022 4:07:12 PM,-2.68
10103,4/10/2022 4:07:16 PM,-1.99
10103,4/10/2022 4:07:20 PM,-2.44
10103,4/10/2022 4:07:24 PM,-2.68
10103,4/10/2022 4:07:28 PM,-2.68
10103,4/10/2022 4:07:32 PM,-3.13
10103,4/10/2022 4:07:36 PM,-2.00
10103,4/10/2022 4:07:40 PM,-2.22
10103,4/10/2022 4:07:44 PM,-2.68
10103,4/10/2022 4:07:48 PM,-3.36
10103,4/10/2022 4:07:52 PM,-3.14
10103,4/10/2022 4:07:56 PM,-2.23
10103,4/10/2022 4:08:00 PM,-2.67
10103,4/10/2022 4:08:04 PM,-2.68
10103,4/10/2022 4:08:08 PM,-2.23
10103,4/10/2022 4:08:12 PM,-2.67
10103,4/10/2022 4:08:16 PM,-2.68
10103,4/10/2022 4:08:20 PM,-2.68
10103,4/10/2022 4:08:24 PM,-2.00
10103,4/10/2022 4:08:28 PM,-2.21
10103,4/10/2022 4:08:32 PM,-2.23
10103,4/10/2022 4:08:36 PM,-1.99
10103,4/10/2022 4:08:40 PM,-3.14
10103,4/10/2022 4:08:44 PM,-2.23
10103,4/10/2022 4:08:48 PM,-1.99
10103,4/10/2022 4:08:52 PM,-2.46
10103,4/10/2022 4:08:56 PM,-1.99
10103,4/10/2022 4:09:00 PM,-2.67
10103,4/10/2022 4:09:04 PM,-2.46
10103,4/10/2022 4:09:08 PM,-1.99
10103,4/10/2022 4:09:12 PM,-2.67
10103,4/10/2022 4:09:16 PM,-3.14
10103,4/10/2022 4:09:20 PM,-2.23
10103,4/10/2022 4:09:24 PM,-2.67
10103,4/10/2022 4:09:28 PM,-2.46
10103,4/10/2022 4:09:32 PM,-2.44
10103,4/10/2022 4:09:36 PM,-1.32
10103,4/10/2022 4:09:40 PM,-2.21
10103,4/10/2022 4:09:44 PM,-2.68
10103,4/10/2022 4:09:48 PM,-2.68
10103,4/10/2022 4:09:52 PM,-2.68
10103,4/10/2022 4:09:56 PM,-3.13
10103,4/10/2022 4:10:00 PM,-2.68
10103,4/10/2022 4:10:04 PM,-2.90
10103,4/10/2022 4:10:08 PM,-2.91
10103,4/10/2022 4:10:12 PM,-2.68
10103,4/10/2022 4:10:16 PM,-3.14
10103,4/10/2022 4:10:20 PM,-3.13
10103,4/10/2022 4:10:24 PM,-2.00
10103,4/10/2022 4:10:28 PM,-2.68
10103,4/10/2022 4:10:32 PM,-2.68
10103,4/10/2022 4:10:36 PM,-2.68
10103,4/10/2022 4:10:40 PM,-2.68
10103,4/10/2022 4:10:44 PM,-2.23
10103,4/10/2022 4:10:48 PM,-3.35
10103,4/10/2022 4:10:52 PM,-2.46
10103,4/10/2022 4:10:56 PM,-2.89
10103,4/10/2022 4:11:00 PM,-2.68
10103,4/10/2022 4:11:04 PM,-2.68
10103,4/10/2022 4:11:08 PM,-1.78
10103,4/10/2022 4:11:12 PM,-2.65
10103,4/10/2022 4:11:16 PM,-1.99
10103,4/10/2022 4:11:20 PM,-2.44
10103,4/10/2022 4:11:24 PM,-3.35
10103,4/10/2022 4:11:28 PM,-2.46
10103,4/10/2022 4:11:32 PM,-2.44
10103,4/10/2022 4:11:36 PM,-2.00
10103,4/10/2022 4:11:40 PM,-2.68
10103,4/10/2022 4:11:44 PM,-2.68
10103,4/10/2022 4:11:48 PM,-3.36
10103,4/10/2022 4:11:52 PM,-3.14
10103,4/10/2022 4:11:56 PM,-2.68
10103,4/10/2022 4:12:00 PM,-2.68
10103,4/10/2022 4:12:04 PM,-2.68
10103,4/10/2022 4:12:08 PM,-2.68
10103,4/10/2022 4:12:12 PM,-2.00
10103,4/10/2022 4:12:16 PM,-2.68
10103,4/10/2022 4:12:20 PM,-2.68
10103,4/10/2022 4:12:24 PM,-3.36
10103,4/10/2022 4:12:28 PM,-2.46
10103,4/10/2022 4:12:32 PM,-2.44
10103,4/10/2022 4:12:36 PM,-3.36
10103,4/10/2022 4:12:40 PM,-2.68
10103,4/10/2022 4:12:44 PM,-2.68
10103,4/10/2022 4:12:48 PM,-2.00
10103,4/10/2022 4:12:52 PM,-3.61
10103,4/10/2022 4:12:56 PM,-2.23
10103,4/10/2022 4:13:00 PM,-2.67
10103,4/10/2022 4:13:04 PM,-1.99
10103,4/10/2022 4:13:08 PM,-2.44
10103,4/10/2022 4:13:12 PM,-2.68
10103,4/10/2022 4:13:16 PM,-1.99
10103,4/10/2022 4:13:20 PM,-2.44
10103,4/10/2022 4:13:24 PM,-2.68
10103,4/10/2022 4:13:28 PM,-3.58
10103,4/10/2022 4:13:32 PM,-3.15
10103,4/10/2022 4:13:36 PM,-3.36
10103,4/10/2022 4:13:40 PM,-2.68
10103,4/10/2022 4:13:44 PM,-2.23
10103,4/10/2022 4:13:48 PM,-2.67
10103,4/10/2022 4:13:52 PM,-3.14
10103,4/10/2022 4:13:56 PM,-2.68
10103,4/10/2022 4:14:00 PM,-3.36
10103,4/10/2022 4:14:04 PM,-2.46
10103,4/10/2022 4:14:08 PM,-2.44
10103,4/10/2022 4:14:12 PM,-2.68
10103,4/10/2022 4:14:16 PM,-2.92
10103,4/10/2022 4:14:20 PM,-2.44
10103,4/10/2022 4:14:24 PM,-2.68
10103,4/10/2022 4:14:28 PM,-2.68
10103,4/10/2022 4:14:32 PM,-3.12
10103,4/10/2022 4:14:36 PM,-2.69
10103,4/10/2022 4:14:40 PM,-2.21
10103,4/10/2022 4:14:44 PM,-2.68
10103,4/10/2022 4:14:48 PM,-2.00
10103,4/10/2022 4:14:52 PM,-2.68
10103,4/10/2022 4:14:56 PM,-2.23
10103,4/10/2022 4:15:00 PM,-1.99
10103,4/10/2022 4:15:04 PM,-2.70
10103,4/10/2022 4:15:08 PM,-2.20
10103,4/10/2022 4:15:12 PM,-2.00
10103,4/10/2022 4:15:16 PM,-2.92
10103,4/10/2022 4:15:20 PM,-2.44
10103,4/10/2022 4:15:24 PM,-2.68
10103,4/10/2022 4:15:28 PM,-2.43
10103,4/10/2022 4:15:32 PM,-2.92
10103,4/10/2022 4:15:36 PM,-2.00
10103,4/10/2022 4:15:40 PM,-3.36
10103,4/10/2022 4:15:44 PM,-2.47
10103,4/10/2022 4:15:48 PM,-2.67
10103,4/10/2022 4:15:52 PM,-2.21
10103,4/10/2022 4:15:56 PM,-2.68
10103,4/10/2022 4:16:00 PM,-2.68
10103,4/10/2022 4:16:04 PM,-3.14
10103,4/10/2022 4:16:08 PM,-2.68
10103,4/10/2022 4:16:12 PM,-2.00
10103,4/10/2022 4:16:16 PM,-2.46
10103,4/10/2022 4:16:20 PM,-2.89
10103,4/10/2022 4:16:24 PM,-2.69
10103,4/10/2022 4:16:28 PM,-3.15
10103,4/10/2022 4:16:32 PM,-2.68
10103,4/10/2022 4:16:36 PM,-2.68
10103,4/10/2022 4:16:40 PM,-2.68
10103,4/10/2022 4:16:44 PM,-2.68
10103,4/10/2022 4:16:48 PM,-2.68
10103,4/10/2022 4:16:52 PM,-2.68
10103,4/10/2022 4:16:56 PM,-2.68
10103,4/10/2022 4:17:00 PM,-2.00
10103,4/10/2022 4:17:04 PM,-2.46
10103,4/10/2022 4:17:08 PM,-2.90
10103,4/10/2022 4:17:12 PM,-1.33
10103,4/10/2022 4:17:16 PM,-2.22
10103,4/10/2022 4:17:20 PM,-2.23
10103,4/10/2022 4:17:24 PM,-2.68
10103,4/10/2022 4:17:28 PM,-2.21
10103,4/10/2022 4:17:32 PM,-2.68
10103,4/10/2022 4:17:36 PM,-2.00
10103,4/10/2022 4:17:40 PM,-2.46
10103,4/10/2022 4:17:44 PM,-2.44
10103,4/10/2022 4:17:48 PM,-2.68
10103,4/10/2022 4:17:52 PM,-2.90
10103,4/10/2022 4:17:56 PM,-2.92
10103,4/10/2022 4:18:00 PM,-2.00
10103,4/10/2022 4:18:04 PM,-2.22
10103,4/10/2022 4:18:08 PM,-3.13
10103,4/10/2022 4:18:12 PM,-3.36
10103,4/10/2022 4:18:16 PM,-2.90
10103,4/10/2022 4:18:20 PM,-2.55
10103,4/10/2022 4:18:24 PM,-1.99
10103,4/10/2022 4:18:28 PM,-2.68
10103,4/10/2022 4:18:32 PM,-2.23
10103,4/10/2022 4:18:36 PM,-2.67
10103,4/10/2022 4:18:40 PM,-2.21
10103,4/10/2022 4:18:44 PM,-3.13
10103,4/10/2022 4:18:48 PM,-2.68
10103,4/10/2022 4:18:52 PM,-2.22
10103,4/10/2022 4:18:56 PM,-2.68
10103,4/10/2022 4:19:00 PM,-2.00
10103,4/10/2022 4:19:04 PM,-2.68
10103,4/10/2022 4:19:08 PM,-2.68
10103,4/10/2022 4:19:12 PM,-2.68
10103,4/10/2022 4:19:16 PM,-2.46
10103,4/10/2022 4:19:20 PM,-2.90
10103,4/10/2022 4:19:24 PM,-2.68
10103,4/10/2022 4:19:28 PM,-2.21
10103,4/10/2022 4:19:32 PM,-2.68
10103,4/10/2022 4:19:36 PM,-2.00
10103,4/10/2022 4:19:40 PM,-2.90
10103,4/10/2022 4:19:44 PM,-2.92
10103,4/10/2022 4:19:48 PM,-2.68
10103,4/10/2022 4:19:52 PM,-1.99
10103,4/10/2022 4:19:56 PM,-2.44
10103,4/10/2022 4:20:00 PM,-2.00
10103,4/10/2022 4:20:04 PM,-2.90
10103,4/10/2022 4:20:08 PM,-2.91
10103,4/10/2022 4:20:12 PM,-2.00
10103,4/10/2022 4:20:16 PM,-2.46
10103,4/10/2022 4:20:20 PM,-2.44
10103,4/10/2022 4:20:24 PM,-2.68
10103,4/10/2022 4:20:28 PM,-2.21
10103,4/10/2022 4:20:32 PM,-3.13
10103,4/10/2022 4:20:36 PM,-2.68
10103,4/10/2022 4:20:40 PM,-3.14
10103,4/10/2022 4:20:44 PM,-2.68
10103,4/10/2022 4:20:48 PM,-3.36
10103,4/10/2022 4:20:52 PM,-2.46
10103,4/10/2022 4:20:56 PM,-1.99
10103,4/10/2022 4:21:00 PM,-2.67
10103,4/10/2022 4:21:04 PM,-3.61
10103,4/10/2022 4:21:08 PM,-3.13
10103,4/10/2022 4:21:12 PM,-3.36
10103,4/10/2022 4:21:16 PM,-2.22
10103,4/10/2022 4:21:20 PM,-2.68
10103,4/10/2022 4:21:24 PM,-2.68
10103,4/10/2022 4:21:28 PM,-2.90
10103,4/10/2022 4:21:32 PM,-2.91
10103,4/10/2022 4:21:36 PM,-2.00
10103,4/10/2022 4:21:40 PM,-2.68
10103,4/10/2022 4:21:44 PM,-3.13
10103,4/10/2022 4:21:48 PM,-2.68
10103,4/10/2022 4:21:52 PM,-2.68
10103,4/10/2022 4:21:56 PM,-2.23
10103,4/10/2022 4:22:00 PM,-1.99
10103,4/10/2022 4:22:04 PM,-2.68
10103,4/10/2022 4:22:08 PM,-2.68
10103,4/10/2022 4:22:12 PM,-2.00
10103,4/10/2022 4:22:16 PM,-2.46
10103,4/10/2022 4:22:20 PM,-2.44
10103,4/10/2022 4:22:24 PM,-2.68
10103,4/10/2022 4:22:28 PM,-3.36
10103,4/10/2022 4:22:32 PM,-2.91
10103,4/10/2022 4:22:36 PM,-2.68
10103,4/10/2022 4:22:40 PM,-2.46
10103,4/10/2022 4:22:44 PM,-2.44
10103,4/10/2022 4:22:48 PM,-3.36
10103,4/10/2022 4:22:52 PM,-2.22
10103,4/10/2022 4:22:56 PM,-2.68
10103,4/10/2022 4:23:00 PM,-2.00
10103,4/10/2022 4:23:04 PM,-3.15
10103,4/10/2022 4:23:08 PM,-2.23
10103,4/10/2022 4:23:12 PM,-3.35
10103,4/10/2022 4:23:16 PM,-2.44
10103,4/10/2022 4:23:20 PM,-2.46
10103,4/10/2022 4:23:24 PM,-2.67
10103,4/10/2022 4:23:28 PM,-2.68
10103,4/10/2022 4:23:32 PM,-2.23
10103,4/10/2022 4:23:36 PM,-2.67
10103,4/10/2022 4:23:40 PM,-2.68
10103,4/10/2022 4:23:44 PM,-2.68
10103,4/10/2022 4:23:48 PM,-2.68
10103,4/10/2022 4:23:52 PM,-2.68
10103,4/10/2022 4:23:56 PM,-2.23
10103,4/10/2022 4:24:00 PM,-2.67
10103,4/10/2022 4:24:04 PM,-2.68
10103,4/10/2022 4:24:08 PM,-2.68
10103,4/10/2022 4:24:12 PM,-3.35
10103,4/10/2022 4:24:16 PM,-1.99
10103,4/10/2022 4:24:20 PM,-2.44
10103,4/10/2022 4:24:24 PM,-2.00
10103,4/10/2022 4:24:28 PM,-2.46
10103,4/10/2022 4:24:32 PM,-2.44
10103,4/10/2022 4:24:36 PM,-3.35
10103,4/10/2022 4:24:40 PM,-3.11
10103,4/10/2022 4:24:44 PM,-2.72
10103,4/10/2022 4:24:48 PM,-2.67
10103,4/10/2022 4:24:52 PM,-2.68
10103,4/10/2022 4:24:56 PM,-2.23
10103,4/10/2022 4:25:00 PM,-2.67
10103,4/10/2022 4:25:04 PM,-2.68
10103,4/10/2022 4:25:08 PM,-3.11
10103,4/10/2022 4:25:12 PM,-2.69
10103,4/10/2022 4:25:16 PM,-2.44
10103,4/10/2022 4:25:20 PM,-2.46
10103,4/10/2022 4:25:24 PM,-3.35
10103,4/10/2022 4:25:28 PM,-2.68
10103,4/10/2022 4:25:32 PM,-2.68
10103,4/10/2022 4:25:36 PM,-2.00
10103,4/10/2022 4:25:40 PM,-2.68
10103,4/10/2022 4:25:44 PM,-2.23
10103,4/10/2022 4:25:48 PM,-2.67
10103,4/10/2022 4:25:52 PM,-3.36
10103,4/10/2022 4:25:56 PM,-2.47
10103,4/10/2022 4:26:00 PM,-2.67
10103,4/10/2022 4:26:04 PM,-2.68
10103,4/10/2022 4:26:08 PM,-2.68
10103,4/10/2022 4:26:12 PM,-2.00
10103,4/10/2022 4:26:16 PM,-2.21
10103,4/10/2022 4:26:20 PM,-2.23
10103,4/10/2022 4:26:24 PM,-2.61
10103,4/10/2022 4:26:28 PM,-2.46
10103,4/10/2022 4:26:32 PM,-1.55
10103,4/10/2022 4:26:36 PM,-2.65
10103,4/10/2022 4:26:40 PM,-2.21
10103,4/10/2022 4:26:44 PM,-2.68
10103,4/10/2022 4:26:48 PM,-2.68
10103,4/10/2022 4:26:52 PM,-1.75
10103,4/10/2022 4:26:56 PM,-2.23
10103,4/10/2022 4:27:00 PM,-3.36
10103,4/10/2022 4:27:04 PM,-2.21
10103,4/10/2022 4:27:08 PM,-3.12
10103,4/10/2022 4:27:12 PM,-2.69
10103,4/10/2022 4:27:16 PM,-2.46
10103,4/10/2022 4:27:20 PM,-1.99
10103,4/10/2022 4:27:24 PM,-2.67
10103,4/10/2022 4:27:28 PM,-2.46
10103,4/10/2022 4:27:32 PM,-2.44
10103,4/10/2022 4:27:36 PM,-2.00
10103,4/10/2022 4:27:40 PM,-1.53
10103,4/10/2022 4:27:44 PM,-1.99
10103,4/10/2022 4:27:48 PM,-2.67
10103,4/10/2022 4:27:52 PM,-2.21
10103,4/10/2022 4:27:56 PM,-2.68
10103,4/10/2022 4:28:00 PM,-2.68
10103,4/10/2022 4:28:04 PM,-3.14
10103,4/10/2022 4:28:08 PM,-2.68
10103,4/10/2022 4:28:12 PM,-2.68
10103,4/10/2022 4:28:16 PM,-2.46
10103,4/10/2022 4:28:20 PM,-1.99
10103,4/10/2022 4:28:24 PM,-1.99
10103,4/10/2022 4:28:28 PM,-3.13
10103,4/10/2022 4:28:32 PM,-1.99
10103,4/10/2022 4:28:36 PM,-1.99
10103,4/10/2022 4:28:40 PM,-3.14
10103,4/10/2022 4:28:44 PM,-2.68
10103,4/10/2022 4:28:48 PM,-2.68
10103,4/10/2022 4:28:52 PM,-2.68
10103,4/10/2022 4:28:56 PM,-2.68
10103,4/10/2022 4:29:00 PM,-2.68
10103,4/10/2022 4:29:04 PM,-2.22
10103,4/10/2022 4:29:08 PM,-2.23
10103,4/10/2022 4:29:12 PM,-2.67
10103,4/10/2022 4:29:16 PM,-2.22
10103,4/10/2022 4:29:20 PM,-2.68
10103,4/10/2022 4:29:24 PM,-3.36
10103,4/10/2022 4:29:28 PM,-2.92
10103,4/10/2022 4:29:32 PM,-2.44
10103,4/10/2022 4:29:36 PM,-2.68
10103,4/10/2022 4:29:40 PM,-2.68
10103,4/10/2022 4:29:44 PM,-3.13
10103,4/10/2022 4:29:48 PM,-2.68
10103,4/10/2022 4:29:52 PM,-2.68
10103,4/10/2022 4:29:56 PM,-2.23
10103,4/10/2022 4:30:00 PM,-3.36
10103,4/10/2022 4:30:04 PM,-2.22
10103,4/10/2022 4:30:08 PM,-2.68
10103,4/10/2022 4:30:12 PM,-3.36
10103,4/10/2022 4:30:16 PM,-2.68
10103,4/10/2022 4:30:20 PM,-2.23
10103,4/10/2022 4:30:24 PM,-1.99
10103,4/10/2022 4:30:28 PM,-1.99
10103,4/10/2022 4:30:32 PM,-2.45
10103,4/10/2022 4:30:36 PM,-4.04
10103,4/10/2022 4:30:40 PM,-2.24
10103,4/10/2022 4:30:44 PM,-2.66
10103,4/10/2022 4:30:48 PM,-2.68
10103,4/10/2022 4:30:52 PM,-3.14
10103,4/10/2022 4:30:56 PM,-2.23
10103,4/10/2022 4:31:00 PM,-2.67
10103,4/10/2022 4:31:04 PM,-3.60
10103,4/10/2022 4:31:08 PM,-2.68
10103,4/10/2022 4:31:12 PM,-2.00
10103,4/10/2022 4:31:16 PM,-2.90
10103,4/10/2022 4:31:20 PM,-2.47
10103,4/10/2022 4:31:24 PM,-2.67
10103,4/10/2022 4:31:28 PM,-2.43
10103,4/10/2022 4:31:32 PM,-2.91
10103,4/10/2022 4:31:36 PM,-3.36
10103,4/10/2022 4:31:40 PM,-3.14
10103,4/10/2022 4:31:44 PM,-2.23
10103,4/10/2022 4:31:48 PM,-1.99
10103,4/10/2022 4:31:52 PM,-2.68
10103,4/10/2022 4:31:56 PM,-2.68
10103,4/10/2022 4:32:00 PM,-3.36
10103,4/10/2022 4:32:04 PM,-2.68
10103,4/10/2022 4:32:08 PM,-2.68
10103,4/10/2022 4:32:12 PM,-3.36
10103,4/10/2022 4:32:16 PM,-2.68
10103,4/10/2022 4:32:20 PM,-2.68
10103,4/10/2022 4:32:24 PM,-2.68
10103,4/10/2022 4:32:28 PM,-2.18
10103,4/10/2022 4:32:32 PM,-3.08
10103,4/10/2022 4:32:36 PM,-2.00
10103,4/10/2022 4:32:40 PM,-2.68
10103,4/10/2022 4:32:44 PM,-2.23
10103,4/10/2022 4:32:48 PM,-2.67
10103,4/10/2022 4:32:52 PM,-2.90
10103,4/10/2022 4:32:56 PM,-2.92
10103,4/10/2022 4:33:00 PM,-2.68
10103,4/10/2022 4:33:04 PM,-2.68
10103,4/10/2022 4:33:08 PM,-2.23
10103,4/10/2022 4:33:12 PM,-2.67
10103,4/10/2022 4:33:16 PM,-2.68
10103,4/10/2022 4:33:20 PM,-2.68
10103,4/10/2022 4:33:24 PM,-2.00
10103,4/10/2022 4:33:28 PM,-2.93
10103,4/10/2022 4:33:32 PM,-2.44
10103,4/10/2022 4:33:36 PM,-2.00
10103,4/10/2022 4:33:40 PM,-2.21
10103,4/10/2022 4:33:44 PM,-2.23
10103,4/10/2022 4:33:48 PM,-3.35
10103,4/10/2022 4:33:52 PM,-2.46
10103,4/10/2022 4:33:56 PM,-2.44
10103,4/10/2022 4:34:00 PM,-2.68
10103,4/10/2022 4:34:04 PM,-2.22
10103,4/10/2022 4:34:08 PM,-2.68
10103,4/10/2022 4:34:12 PM,-2.00
10103,4/10/2022 4:34:16 PM,-2.46
10103,4/10/2022 4:34:20 PM,-2.44
10103,4/10/2022 4:34:24 PM,-2.68
10103,4/10/2022 4:34:28 PM,-2.68
10103,4/10/2022 4:34:32 PM,-2.23
10103,4/10/2022 4:34:36 PM,-1.99
10103,4/10/2022 4:34:40 PM,-2.92
10103,4/10/2022 4:34:44 PM,-2.44
10103,4/10/2022 4:34:48 PM,-2.68
10103,4/10/2022 4:34:52 PM,-2.68
10103,4/10/2022 4:34:56 PM,-2.68
10103,4/10/2022 4:35:00 PM,-3.36
10103,4/10/2022 4:35:04 PM,-1.99
10103,4/10/2022 4:35:08 PM,-2.44
10103,4/10/2022 4:35:12 PM,-2.68
10103,4/10/2022 4:35:16 PM,-2.44
10103,4/10/2022 4:35:20 PM,-2.46
10103,4/10/2022 4:35:24 PM,-3.35
10103,4/10/2022 4:35:28 PM,-3.15
10103,4/10/2022 4:35:32 PM,-2.68
10103,4/10/2022 4:35:36 PM,-2.68
10103,4/10/2022 4:35:40 PM,-2.21
10103,4/10/2022 4:35:44 PM,-2.23
10103,4/10/2022 4:35:48 PM,-1.99
10103,4/10/2022 4:35:52 PM,-2.68
10103,4/10/2022 4:35:56 PM,-3.12
10103,4/10/2022 4:36:00 PM,-2.01
10103,4/10/2022 4:36:04 PM,-2.46
10103,4/10/2022 4:36:08 PM,-1.99
10103,4/10/2022 4:36:12 PM,-2.67
10103,4/10/2022 4:36:16 PM,-2.68
10103,4/10/2022 4:36:20 PM,-3.13
10103,4/10/2022 4:36:24 PM,-2.68
10103,4/10/2022 4:36:28 PM,-2.68
10103,4/10/2022 4:36:32 PM,-2.68
10103,4/10/2022 4:36:36 PM,-2.00
10103,4/10/2022 4:36:40 PM,-2.43
10103,4/10/2022 4:36:44 PM,-3.36
10103,4/10/2022 4:36:48 PM,-2.68
10103,4/10/2022 4:36:52 PM,-2.52
10103,4/10/2022 4:36:56 PM,-2.39
10103,4/10/2022 4:37:00 PM,-2.68
10103,4/10/2022 4:37:04 PM,-2.21
10103,4/10/2022 4:37:08 PM,-3.12
10103,4/10/2022 4:37:12 PM,-3.36
10103,4/10/2022 4:37:16 PM,-2.46
10103,4/10/2022 4:37:20 PM,-2.44
10103,4/10/2022 4:37:24 PM,-2.00
10103,4/10/2022 4:37:28 PM,-3.15
10103,4/10/2022 4:37:32 PM,-2.68
10103,4/10/2022 4:37:36 PM,-2.68
10103,4/10/2022 4:37:40 PM,-2.46
10103,4/10/2022 4:37:44 PM,-2.89
10103,4/10/2022 4:37:48 PM,-2.68
10103,4/10/2022 4:37:52 PM,-2.68
10103,4/10/2022 4:37:56 PM,-2.68
10103,4/10/2022 4:38:00 PM,-2.68
10103,4/10/2022 4:38:04 PM,-2.46
10103,4/10/2022 4:38:08 PM,-2.44
10103,4/10/2022 4:38:12 PM,-2.68
10103,4/10/2022 4:38:16 PM,-2.68
10103,4/10/2022 4:38:20 PM,-2.68
10103,4/10/2022 4:38:24 PM,-2.68
10103,4/10/2022 4:38:28 PM,-2.49
10103,4/10/2022 4:38:32 PM,-2.39
10103,4/10/2022 4:38:36 PM,-2.68
10103,4/10/2022 4:38:40 PM,-2.90
10103,4/10/2022 4:38:44 PM,-3.36
10103,4/10/2022 4:38:48 PM,-2.68
10103,4/10/2022 4:38:52 PM,-2.21
10103,4/10/2022 4:38:56 PM,-1.79
10103,4/10/2022 4:39:00 PM,-1.99
10103,4/10/2022 4:39:04 PM,-2.68
10103,4/10/2022 4:39:08 PM,-2.68
10103,4/10/2022 4:39:12 PM,-2.68
10103,4/10/2022 4:39:16 PM,-2.44
10103,4/10/2022 4:39:20 PM,-3.36
10103,4/10/2022 4:39:24 PM,-2.69
10103,4/10/2022 4:39:28 PM,-2.90
10103,4/10/2022 4:39:32 PM,-2.92
10103,4/10/2022 4:39:36 PM,-2.68
10103,4/10/2022 4:39:40 PM,-2.68
10103,4/10/2022 4:39:44 PM,-3.12
10103,4/10/2022 4:39:48 PM,-2.01
10103,4/10/2022 4:39:52 PM,-3.14
10103,4/10/2022 4:39:56 PM,-2.68
10103,4/10/2022 4:40:00 PM,-2.68
10103,4/10/2022 4:40:04 PM,-2.68
10103,4/10/2022 4:40:08 PM,-2.68
10103,4/10/2022 4:40:12 PM,-2.68
10103,4/10/2022 4:40:16 PM,-1.99
10103,4/10/2022 4:40:20 PM,-2.89
10103,4/10/2022 4:40:24 PM,-2.69
10103,4/10/2022 4:40:28 PM,-2.93
10103,4/10/2022 4:40:32 PM,-2.41
10103,4/10/2022 4:40:36 PM,-3.36
10103,4/10/2022 4:40:40 PM,-2.21
10103,4/10/2022 4:40:44 PM,-2.23
10103,4/10/2022 4:40:48 PM,-1.99
10103,4/10/2022 4:40:52 PM,-2.21
10103,4/10/2022 4:40:56 PM,-2.68
10103,4/10/2022 4:41:00 PM,-2.68
10103,4/10/2022 4:41:04 PM,-2.92
10103,4/10/2022 4:41:08 PM,-2.44
10103,4/10/2022 4:41:12 PM,-2.00
10103,4/10/2022 4:41:16 PM,-2.68
10103,4/10/2022 4:41:20 PM,-2.23
10103,4/10/2022 4:41:24 PM,-2.67
10103,4/10/2022 4:41:28 PM,-2.90
10103,4/10/2022 4:41:32 PM,-2.91
10103,4/10/2022 4:41:36 PM,-2.00
10103,4/10/2022 4:41:40 PM,-2.46
10103,4/10/2022 4:41:44 PM,-2.44
10103,4/10/2022 4:41:48 PM,-2.68
10103,4/10/2022 4:41:52 PM,-2.22
10103,4/10/2022 4:41:56 PM,-1.78
10103,4/10/2022 4:42:00 PM,-3.35
10103,4/10/2022 4:42:04 PM,-2.90
10103,4/10/2022 4:42:08 PM,-2.91
10103,4/10/2022 4:42:12 PM,-2.00
10103,4/10/2022 4:42:16 PM,-3.14
10103,4/10/2022 4:42:20 PM,-2.23
10103,4/10/2022 4:42:24 PM,-2.68
10103,4/10/2022 4:42:28 PM,-2.21
10103,4/10/2022 4:42:32 PM,-3.10
10103,4/10/2022 4:42:36 PM,-2.68
10103,4/10/2022 4:42:40 PM,-2.68
10103,4/10/2022 4:42:44 PM,-2.23
10103,4/10/2022 4:42:48 PM,-1.99
10103,4/10/2022 4:42:52 PM,-2.46
10103,4/10/2022 4:42:56 PM,-1.99
10103,4/10/2022 4:43:00 PM,-2.67
10103,4/10/2022 4:43:04 PM,-2.46
10103,4/10/2022 4:43:08 PM,-2.89
10103,4/10/2022 4:43:12 PM,-3.36
10103,4/10/2022 4:43:16 PM,-2.68
10103,4/10/2022 4:43:20 PM,-2.68
10103,4/10/2022 4:43:24 PM,-2.00
10103,4/10/2022 4:43:28 PM,-2.68
10103,4/10/2022 4:43:32 PM,-3.13
10103,4/10/2022 4:43:36 PM,-2.00
10103,4/10/2022 4:43:40 PM,-3.14
10103,4/10/2022 4:43:44 PM,-2.68
10103,4/10/2022 4:43:48 PM,-2.68
10103,4/10/2022 4:43:52 PM,-2.46
10103,4/10/2022 4:43:56 PM,-2.44
10103,4/10/2022 4:44:00 PM,-2.68
10103,4/10/2022 4:44:04 PM,-2.46
10103,4/10/2022 4:44:08 PM,-1.99
10103,4/10/2022 4:44:12 PM,-1.99
10103,4/10/2022 4:44:16 PM,-2.68
10103,4/10/2022 4:44:20 PM,-2.23
10103,4/10/2022 4:44:24 PM,-1.99
10103,4/10/2022 4:44:28 PM,-3.14
10103,4/10/2022 4:44:32 PM,-2.68
10103,4/10/2022 4:44:36 PM,-2.00
10103,4/10/2022 4:44:40 PM,-3.20
10103,4/10/2022 4:44:44 PM,-2.68
10103,4/10/2022 4:44:48 PM,-3.36
10103,4/10/2022 4:44:52 PM,-2.22
10103,4/10/2022 4:44:56 PM,-2.68
10103,4/10/2022 4:45:00 PM,-2.00
10103,4/10/2022 4:45:04 PM,-3.36
10103,4/10/2022 4:45:08 PM,-3.36
10103,4/10/2022 4:45:12 PM,-2.72
10103,4/10/2022 4:45:16 PM,-2.68
10103,4/10/2022 4:45:20 PM,-2.68
10103,4/10/2022 4:45:24 PM,-2.68
10103,4/10/2022 4:45:28 PM,-2.43
10103,4/10/2022 4:45:32 PM,-2.91
10103,4/10/2022 4:45:36 PM,-2.68
10103,4/10/2022 4:45:40 PM,-2.68
10103,4/10/2022 4:45:44 PM,-2.68
10103,4/10/2022 4:45:48 PM,-3.36
10103,4/10/2022 4:45:52 PM,-2.22
10103,4/10/2022 4:45:56 PM,-2.23
10103,4/10/2022 4:46:00 PM,-1.99
10103,4/10/2022 4:46:04 PM,-3.12
10103,4/10/2022 4:46:08 PM,-2.70
10103,4/10/2022 4:46:12 PM,-2.67
10103,4/10/2022 4:46:16 PM,-2.22
10103,4/10/2022 4:46:20 PM,-2.68
10103,4/10/2022 4:46:24 PM,-3.36
10103,4/10/2022 4:46:28 PM,-2.68
10103,4/10/2022 4:46:32 PM,-2.68
10103,4/10/2022 4:46:36 PM,-3.36
10103,4/10/2022 4:46:40 PM,-3.14
10103,4/10/2022 4:46:44 PM,-3.13
10103,4/10/2022 4:46:48 PM,-2.00
10103,4/10/2022 4:46:52 PM,-2.22
10103,4/10/2022 4:46:56 PM,-2.68
10103,4/10/2022 4:47:00 PM,-3.36
10103,4/10/2022 4:47:04 PM,-2.21
10103,4/10/2022 4:47:08 PM,-2.68
10103,4/10/2022 4:47:12 PM,-2.00
10103,4/10/2022 4:47:16 PM,-2.46
10103,4/10/2022 4:47:20 PM,-2.44
10103,4/10/2022 4:47:24 PM,-2.68
10103,4/10/2022 4:47:28 PM,-2.68
10103,4/10/2022 4:47:32 PM,-2.68
10103,4/10/2022 4:47:36 PM,-2.68
10103,4/10/2022 4:47:40 PM,-3.14
10103,4/10/2022 4:47:44 PM,-3.13
10103,4/10/2022 4:47:48 PM,-2.00
10103,4/10/2022 4:47:52 PM,-2.90
10103,4/10/2022 4:47:56 PM,-2.92
10103,4/10/2022 4:48:00 PM,-3.36
10103,4/10/2022 4:48:04 PM,-3.14
10103,4/10/2022 4:48:08 PM,-3.13
10103,4/10/2022 4:48:12 PM,-2.68
10103,4/10/2022 4:48:16 PM,-2.90
10103,4/10/2022 4:48:20 PM,-2.91
10103,4/10/2022 4:48:24 PM,-2.68
10103,4/10/2022 4:48:28 PM,-2.21
10103,4/10/2022 4:48:32 PM,-1.78
10103,4/10/2022 4:48:36 PM,-2.53
10103,4/10/2022 4:48:40 PM,-3.15
10103,4/10/2022 4:48:44 PM,-3.57
10103,4/10/2022 4:48:48 PM,-2.69
10103,4/10/2022 4:48:52 PM,-2.68
10103,4/10/2022 4:48:56 PM,-3.13
10103,4/10/2022 4:49:00 PM,-2.01
10103,4/10/2022 4:49:04 PM,-2.90
10103,4/10/2022 4:49:08 PM,-2.92
10103,4/10/2022 4:49:12 PM,-3.35
10103,4/10/2022 4:49:16 PM,-2.68
10103,4/10/2022 4:49:20 PM,-2.23
10103,4/10/2022 4:49:24 PM,-2.67
10103,4/10/2022 4:49:28 PM,-1.99
10103,4/10/2022 4:49:32 PM,-1.99
10103,4/10/2022 4:49:36 PM,-2.67
10103,4/10/2022 4:49:40 PM,-3.14
10103,4/10/2022 4:49:44 PM,-2.68
10103,4/10/2022 4:49:48 PM,-3.36
10103,4/10/2022 4:49:52 PM,-2.68
10103,4/10/2022 4:49:56 PM,-2.68
10103,4/10/2022 4:50:00 PM,-2.68
10103,4/10/2022 4:50:04 PM,-2.93
10103,4/10/2022 4:50:08 PM,-1.99
10103,4/10/2022 4:50:12 PM,-1.99
10103,4/10/2022 4:50:16 PM,-2.68
10103,4/10/2022 4:50:20 PM,-2.68
10103,4/10/2022 4:50:24 PM,-3.36
10103,4/10/2022 4:50:28 PM,-2.90
10103,4/10/2022 4:50:32 PM,-2.91
10103,4/10/2022 4:50:36 PM,-3.29
10103,4/10/2022 4:50:40 PM,-2.68
10103,4/10/2022 4:50:44 PM,-2.68
10103,4/10/2022 4:50:48 PM,-2.68
10103,4/10/2022 4:50:52 PM,-3.14
10103,4/10/2022 4:50:56 PM,-3.13
10103,4/10/2022 4:51:00 PM,-2.68
10103,4/10/2022 4:51:04 PM,-2.21
10103,4/10/2022 4:51:08 PM,-2.68
10103,4/10/2022 4:51:12 PM,-2.68
10103,4/10/2022 4:51:16 PM,-1.99
10103,4/10/2022 4:51:20 PM,-2.44
10103,4/10/2022 4:51:24 PM,-2.68
10103,4/10/2022 4:51:28 PM,-2.46
10103,4/10/2022 4:51:32 PM,-1.99
10103,4/10/2022 4:51:36 PM,-2.67
10103,4/10/2022 4:51:40 PM,-2.68
10103,4/10/2022 4:51:44 PM,-2.68
10103,4/10/2022 4:51:48 PM,-4.04
10103,4/10/2022 4:51:52 PM,-2.68
10103,4/10/2022 4:51:56 PM,-2.68
10103,4/10/2022 4:52:00 PM,-3.36
10103,4/10/2022 4:52:04 PM,-2.21
10103,4/10/2022 4:52:08 PM,-2.23
10103,4/10/2022 4:52:12 PM,-2.67
10103,4/10/2022 4:52:16 PM,-2.90
10103,4/10/2022 4:52:20 PM,-2.47
10103,4/10/2022 4:52:24 PM,-2.67
10103,4/10/2022 4:52:28 PM,-2.68
10103,4/10/2022 4:52:32 PM,-3.13
10103,4/10/2022 4:52:36 PM,-2.73
10103,4/10/2022 4:52:40 PM,-2.89
10103,4/10/2022 4:52:44 PM,-2.92
10103,4/10/2022 4:52:48 PM,-2.00
10103,4/10/2022 4:52:52 PM,-3.14
10103,4/10/2022 4:52:56 PM,-2.68
10103,4/10/2022 4:53:00 PM,-2.00
10103,4/10/2022 4:53:04 PM,-3.14
10103,4/10/2022 4:53:08 PM,-2.68
10103,4/10/2022 4:53:12 PM,-2.68
10103,4/10/2022 4:53:16 PM,-2.46
10103,4/10/2022 4:53:20 PM,-2.44
10103,4/10/2022 4:53:24 PM,-2.00
10103,4/10/2022 4:53:28 PM,-2.90
10103,4/10/2022 4:53:32 PM,-3.36
10103,4/10/2022 4:53:36 PM,-3.36
10103,4/10/2022 4:53:40 PM,-2.68
10103,4/10/2022 4:53:44 PM,-2.68
10103,4/10/2022 4:53:48 PM,-2.68
10103,4/10/2022 4:53:52 PM,-2.93
10103,4/10/2022 4:53:56 PM,-2.88
10103,4/10/2022 4:54:00 PM,-3.36
10103,4/10/2022 4:54:04 PM,-2.68
10103,4/10/2022 4:54:08 PM,-2.68
10103,4/10/2022 4:54:12 PM,-2.68
10103,4/10/2022 4:54:16 PM,-2.68
10103,4/10/2022 4:54:20 PM,-3.13
10103,4/10/2022 4:54:24 PM,-2.68
10103,4/10/2022 4:54:28 PM,-2.90
10103,4/10/2022 4:54:32 PM,-2.91
10103,4/10/2022 4:54:36 PM,-3.36
10103,4/10/2022 4:54:40 PM,-2.68
10103,4/10/2022 4:54:44 PM,-2.68
10103,4/10/2022 4:54:48 PM,-2.68
10103,4/10/2022 4:54:52 PM,-2.68
10103,4/10/2022 4:54:56 PM,-2.68
10103,4/10/2022 4:55:00 PM,-3.36
10103,4/10/2022 4:55:04 PM,-3.61
10103,4/10/2022 4:55:08 PM,-2.68
10103,4/10/2022 4:55:12 PM,-2.68
10103,4/10/2022 4:55:16 PM,-3.14
10103,4/10/2022 4:55:20 PM,-2.23
10103,4/10/2022 4:55:24 PM,-3.36
10103,4/10/2022 4:55:28 PM,-3.36
10103,4/10/2022 4:55:32 PM,-2.46
10103,4/10/2022 4:55:36 PM,-2.67
10103,4/10/2022 4:55:40 PM,-3.16
10103,4/10/2022 4:55:44 PM,-2.21
10103,4/10/2022 4:55:48 PM,-2.68
10103,4/10/2022 4:55:52 PM,-2.68
10103,4/10/2022 4:55:56 PM,-2.68
10103,4/10/2022 4:56:00 PM,-2.68
10103,4/10/2022 4:56:04 PM,-2.46
10103,4/10/2022 4:56:08 PM,-2.45
10103,4/10/2022 4:56:12 PM,-2.68
10103,4/10/2022 4:56:16 PM,-2.46
10103,4/10/2022 4:56:20 PM,-1.99
10103,4/10/2022 4:56:24 PM,-2.67
10103,4/10/2022 4:56:28 PM,-2.68
10103,4/10/2022 4:56:32 PM,-2.68
10103,4/10/2022 4:56:36 PM,-2.68
10103,4/10/2022 4:56:40 PM,-2.68
10103,4/10/2022 4:56:44 PM,-2.68
10103,4/10/2022 4:56:48 PM,-3.36
10103,4/10/2022 4:56:52 PM,-1.99
10103,4/10/2022 4:56:56 PM,-2.89
10103,4/10/2022 4:57:00 PM,-2.00
10103,4/10/2022 4:57:04 PM,-2.22
10103,4/10/2022 4:57:08 PM,-2.68
10103,4/10/2022 4:57:12 PM,-4.03
10103,4/10/2022 4:57:16 PM,-2.68
10103,4/10/2022 4:57:20 PM,-3.13
10103,4/10/2022 4:57:24 PM,-2.68
10103,4/10/2022 4:57:28 PM,-2.68
10103,4/10/2022 4:57:32 PM,-2.68
10103,4/10/2022 4:57:36 PM,-2.68
10103,4/10/2022 4:57:40 PM,-2.21
10103,4/10/2022 4:57:44 PM,-2.68
10103,4/10/2022 4:57:48 PM,-2.68
10103,4/10/2022 4:57:52 PM,-2.68
10103,4/10/2022 4:57:56 PM,-2.68
10103,4/10/2022 4:58:00 PM,-2.68
10103,4/10/2022 4:58:04 PM,-3.36
10103,4/10/2022 4:58:08 PM,-2.46
10103,4/10/2022 4:58:12 PM,-1.99
10103,4/10/2022 4:58:16 PM,-2.46
10103,4/10/2022 4:58:20 PM,-2.44
10103,4/10/2022 4:58:24 PM,-2.68
10103,4/10/2022 4:58:28 PM,-2.68
10103,4/10/2022 4:58:32 PM,-3.13
10103,4/10/2022 4:58:36 PM,-2.68
10103,4/10/2022 4:58:40 PM,-3.05
10103,4/10/2022 4:58:44 PM,-1.99
10103,4/10/2022 4:58:48 PM,-2.67
10103,4/10/2022 4:58:52 PM,-2.68
10103,4/10/2022 4:58:56 PM,-2.68
10103,4/10/2022 4:59:00 PM,-2.68
10103,4/10/2022 4:59:04 PM,-2.46
10103,4/10/2022 4:59:08 PM,-2.89
10103,4/10/2022 4:59:12 PM,-3.36
10103,4/10/2022 4:59:16 PM,-2.46
10103,4/10/2022 4:59:20 PM,-2.45
10103,4/10/2022 4:59:24 PM,-3.36
10103,4/10/2022 4:59:28 PM,-2.93
10103,4/10/2022 4:59:32 PM,-2.44
10103,4/10/2022 4:59:36 PM,-2.68
10103,4/10/2022 4:59:40 PM,-2.90
10103,4/10/2022 4:59:44 PM,-2.91
10103,4/10/2022 4:59:48 PM,-3.36
10103,4/10/2022 4:59:52 PM,-1.99
10103,4/10/2022 4:59:56 PM,-2.44
10103,4/10/2022 5:00:00 PM,-2.68
10103,4/10/2022 5:00:04 PM,-2.68
10103,4/10/2022 5:00:08 PM,-1.78
10103,4/10/2022 5:00:12 PM,-2.66
10103,4/10/2022 5:00:16 PM,-3.14
10103,4/10/2022 5:00:20 PM,-2.23
10103,4/10/2022 5:00:24 PM,-2.67
10103,4/10/2022 5:00:28 PM,-3.36
10103,4/10/2022 5:00:32 PM,-2.91
10103,4/10/2022 5:00:36 PM,-3.36
10103,4/10/2022 5:00:40 PM,-2.68
10103,4/10/2022 5:00:44 PM,-2.68
10103,4/10/2022 5:00:48 PM,-2.68
10103,4/10/2022 5:00:52 PM,-2.22
10103,4/10/2022 5:00:56 PM,-3.13
10103,4/10/2022 5:01:00 PM,-2.68
10103,4/10/2022 5:01:04 PM,-2.46
10103,4/10/2022 5:01:08 PM,-2.44
10103,4/10/2022 5:01:12 PM,-2.68
10103,4/10/2022 5:01:16 PM,-2.22
10103,4/10/2022 5:01:20 PM,-2.23
10103,4/10/2022 5:01:24 PM,-4.03
10103,4/10/2022 5:01:28 PM,-2.21
10103,4/10/2022 5:01:32 PM,-2.68
10103,4/10/2022 5:01:36 PM,-2.68
10103,4/10/2022 5:01:40 PM,-2.68
10103,4/10/2022 5:01:44 PM,-2.23
10103,4/10/2022 5:01:48 PM,-2.67
10103,4/10/2022 5:01:52 PM,-2.68
10103,4/10/2022 5:01:56 PM,-2.68
10103,4/10/2022 5:02:00 PM,-2.00
10103,4/10/2022 5:02:04 PM,-2.92
10103,4/10/2022 5:02:08 PM,-1.99
10103,4/10/2022 5:02:12 PM,-1.99
10103,4/10/2022 5:02:16 PM,-1.99
10103,4/10/2022 5:02:20 PM,-1.99
10103,4/10/2022 5:02:24 PM,-1.99
10103,4/10/2022 5:02:28 PM,-2.68
10103,4/10/2022 5:02:32 PM,-2.68
10103,4/10/2022 5:02:36 PM,-2.68
10103,4/10/2022 5:02:40 PM,-2.88
10103,4/10/2022 5:02:44 PM,-2.93
10103,4/10/2022 5:02:48 PM,-2.68
10103,4/10/2022 5:02:52 PM,-3.14
10103,4/10/2022 5:02:56 PM,-2.68
10103,4/10/2022 5:03:00 PM,-3.36
10103,4/10/2022 5:03:04 PM,-2.68
10103,4/10/2022 5:03:08 PM,-3.12
10103,4/10/2022 5:03:12 PM,-2.01
10103,4/10/2022 5:03:16 PM,-3.12
10103,4/10/2022 5:03:20 PM,-2.70
10103,4/10/2022 5:03:24 PM,-3.35
10103,4/10/2022 5:03:28 PM,-2.68
10103,4/10/2022 5:03:32 PM,-2.68
10103,4/10/2022 5:03:36 PM,-3.36
10103,4/10/2022 5:03:40 PM,-2.21
10103,4/10/2022 5:03:44 PM,-2.68
10103,4/10/2022 5:03:48 PM,-3.36
10103,4/10/2022 5:03:52 PM,-2.68
10103,4/10/2022 5:03:56 PM,-3.12
10103,4/10/2022 5:04:00 PM,-2.01
10103,4/10/2022 5:04:04 PM,-2.22
10103,4/10/2022 5:04:08 PM,-2.68
10103,4/10/2022 5:04:12 PM,-2.00
10103,4/10/2022 5:04:16 PM,-1.97
10103,4/10/2022 5:04:20 PM,-2.47
10103,4/10/2022 5:04:24 PM,-1.32
10103,4/10/2022 5:04:28 PM,-2.68
10103,4/10/2022 5:04:32 PM,-2.23
10103,4/10/2022 5:04:36 PM,-1.99
10103,4/10/2022 5:04:40 PM,-1.99
10103,4/10/2022 5:04:44 PM,-1.99
10103,4/10/2022 5:04:48 PM,-1.99
10103,4/10/2022 5:04:52 PM,-2.90
10103,4/10/2022 5:04:56 PM,-2.92
10103,4/10/2022 5:05:00 PM,-2.68
10103,4/10/2022 5:05:04 PM,-3.14
10103,4/10/2022 5:05:08 PM,-2.23
10103,4/10/2022 5:05:12 PM,-1.32
10103,4/10/2022 5:05:16 PM,-2.44
10103,4/10/2022 5:05:20 PM,-2.91
10103,4/10/2022 5:05:24 PM,-2.00
10103,4/10/2022 5:05:28 PM,-2.46
10103,4/10/2022 5:05:32 PM,-2.44
10103,4/10/2022 5:05:36 PM,-2.68
10103,4/10/2022 5:05:40 PM,-2.93
10103,4/10/2022 5:05:44 PM,-1.99
10103,4/10/2022 5:05:48 PM,-2.67
10103,4/10/2022 5:05:52 PM,-2.46
10103,4/10/2022 5:05:56 PM,-2.89
10103,4/10/2022 5:06:00 PM,-2.68
10103,4/10/2022 5:06:04 PM,-1.99
10103,4/10/2022 5:06:08 PM,-1.99
10103,4/10/2022 5:06:12 PM,-1.99
10103,4/10/2022 5:06:16 PM,-2.21
10103,4/10/2022 5:06:20 PM,-3.13
10103,4/10/2022 5:06:24 PM,-2.68
10103,4/10/2022 5:06:28 PM,-1.99
10103,4/10/2022 5:06:32 PM,-1.99
10103,4/10/2022 5:06:36 PM,-1.99
10103,4/10/2022 5:06:40 PM,-2.43
10103,4/10/2022 5:06:44 PM,-2.94
10103,4/10/2022 5:06:48 PM,-2.00
10103,4/10/2022 5:06:52 PM,-3.15
10103,4/10/2022 5:06:56 PM,-2.23
10103,4/10/2022 5:07:00 PM,-2.67
10103,4/10/2022 5:07:04 PM,-2.46
10103,4/10/2022 5:07:08 PM,-2.44
10103,4/10/2022 5:07:12 PM,-2.00
10103,4/10/2022 5:07:16 PM,-2.46
10103,4/10/2022 5:07:20 PM,-2.89
10103,4/10/2022 5:07:24 PM,-1.33
10103,4/10/2022 5:07:28 PM,-2.21
10103,4/10/2022 5:07:32 PM,-2.23
10103,4/10/2022 5:07:36 PM,-1.99
10103,4/10/2022 5:07:40 PM,-2.68
10103,4/10/2022 5:07:44 PM,-2.23
10103,4/10/2022 5:07:48 PM,-2.67
10103,4/10/2022 5:07:52 PM,-2.43
10103,4/10/2022 5:07:56 PM,-2.92
10103,4/10/2022 5:08:00 PM,-2.00
10103,4/10/2022 5:08:04 PM,-2.46
10103,4/10/2022 5:08:08 PM,-1.99
10103,4/10/2022 5:08:12 PM,-2.67
10103,4/10/2022 5:08:16 PM,-2.43
10103,4/10/2022 5:08:20 PM,-2.47
10103,4/10/2022 5:08:24 PM,-2.67
10103,4/10/2022 5:08:28 PM,-3.15
10103,4/10/2022 5:08:32 PM,-3.13
10103,4/10/2022 5:08:36 PM,-2.69
10103,4/10/2022 5:08:40 PM,-2.21
10103,4/10/2022 5:08:44 PM,-2.23
10103,4/10/2022 5:08:48 PM,-1.99
10103,4/10/2022 5:08:52 PM,-2.22
10103,4/10/2022 5:08:56 PM,-2.68
10103,4/10/2022 5:09:00 PM,-2.68
10103,4/10/2022 5:09:04 PM,-2.92
10103,4/10/2022 5:09:08 PM,-2.44
10103,4/10/2022 5:09:12 PM,-2.68
10103,4/10/2022 5:09:16 PM,-2.68
10103,4/10/2022 5:09:20 PM,-2.68
10103,4/10/2022 5:09:24 PM,-3.36
10103,4/10/2022 5:09:28 PM,-2.46
10103,4/10/2022 5:09:32 PM,-2.44
10103,4/10/2022 5:09:36 PM,-3.36
10103,4/10/2022 5:09:40 PM,-2.22
10103,4/10/2022 5:09:44 PM,-2.68
10103,4/10/2022 5:09:48 PM,-2.68
10103,4/10/2022 5:09:52 PM,-2.68
10103,4/10/2022 5:09:56 PM,-2.68
10103,4/10/2022 5:10:00 PM,-2.00
10103,4/10/2022 5:10:04 PM,-2.92
10103,4/10/2022 5:10:08 PM,-2.45
10103,4/10/2022 5:10:12 PM,-2.68
10103,4/10/2022 5:10:16 PM,-2.19
10103,4/10/2022 5:10:20 PM,-2.68
10103,4/10/2022 5:10:24 PM,-3.36
10103,4/10/2022 5:10:28 PM,-3.14
10103,4/10/2022 5:10:32 PM,-3.13
10103,4/10/2022 5:10:36 PM,-2.68
10103,4/10/2022 5:10:40 PM,-3.14
10103,4/10/2022 5:10:44 PM,-3.10
10103,4/10/2022 5:10:48 PM,-2.68
10103,4/10/2022 5:10:52 PM,-2.68
10103,4/10/2022 5:10:56 PM,-2.68
10103,4/10/2022 5:11:00 PM,-2.68
10103,4/10/2022 5:11:04 PM,-2.68
10103,4/10/2022 5:11:08 PM,-2.68
10103,4/10/2022 5:11:12 PM,-2.00
10103,4/10/2022 5:11:16 PM,-2.68
10103,4/10/2022 5:11:20 PM,-2.23
10103,4/10/2022 5:11:24 PM,-3.36
10103,4/10/2022 5:11:28 PM,-3.14
10103,4/10/2022 5:11:32 PM,-2.68
10103,4/10/2022 5:11:36 PM,-2.68
10103,4/10/2022 5:11:40 PM,-2.68
10103,4/10/2022 5:11:44 PM,-2.23
10103,4/10/2022 5:11:48 PM,-2.67
10103,4/10/2022 5:11:52 PM,-2.68
10103,4/10/2022 5:11:56 PM,-2.68
10103,4/10/2022 5:12:00 PM,-2.68
10103,4/10/2022 5:12:04 PM,-2.68
10103,4/10/2022 5:12:08 PM,-2.23
10103,4/10/2022 5:12:12 PM,-1.99
10103,4/10/2022 5:12:16 PM,-2.68
10103,4/10/2022 5:12:20 PM,-2.68
10103,4/10/2022 5:12:24 PM,-2.68
10103,4/10/2022 5:12:28 PM,-2.21
10103,4/10/2022 5:12:32 PM,-3.13
10103,4/10/2022 5:12:36 PM,-2.68
10103,4/10/2022 5:12:40 PM,-2.90
10103,4/10/2022 5:12:44 PM,-2.92
10103,4/10/2022 5:12:48 PM,-2.68
10103,4/10/2022 5:12:52 PM,-3.36
10103,4/10/2022 5:12:56 PM,-2.92
10103,4/10/2022 5:13:00 PM,-2.00
10103,4/10/2022 5:13:04 PM,-3.14
10103,4/10/2022 5:13:08 PM,-2.68
10103,4/10/2022 5:13:12 PM,-2.68
10103,4/10/2022 5:13:16 PM,-3.12
10103,4/10/2022 5:13:20 PM,-3.15
10103,4/10/2022 5:13:24 PM,-2.68
10103,4/10/2022 5:13:28 PM,-2.90
10103,4/10/2022 5:13:32 PM,-2.91
10103,4/10/2022 5:13:36 PM,-2.68
10103,4/10/2022 5:13:40 PM,-2.90
10103,4/10/2022 5:13:44 PM,-3.36
10103,4/10/2022 5:13:48 PM,-2.68
10103,4/10/2022 5:13:52 PM,-2.44
10103,4/10/2022 5:13:56 PM,-2.92
10103,4/10/2022 5:14:00 PM,-1.32
10103,4/10/2022 5:14:04 PM,-2.46
10103,4/10/2022 5:14:08 PM,-1.99
10103,4/10/2022 5:14:12 PM,-2.67
10103,4/10/2022 5:14:16 PM,-2.68
10103,4/10/2022 5:14:20 PM,-2.68
10103,4/10/2022 5:14:24 PM,-2.00
10103,4/10/2022 5:14:28 PM,-2.92
10103,4/10/2022 5:14:32 PM,-2.89
10103,4/10/2022 5:14:36 PM,-3.36
10103,4/10/2022 5:14:40 PM,-2.68
10103,4/10/2022 5:14:44 PM,-2.68
10103,4/10/2022 5:14:48 PM,-3.36
10103,4/10/2022 5:14:52 PM,-3.60
10103,4/10/2022 5:14:56 PM,-2.68
10103,4/10/2022 5:15:00 PM,-2.68
10103,4/10/2022 5:15:04 PM,-2.90
10103,4/10/2022 5:15:08 PM,-2.91
10103,4/10/2022 5:15:12 PM,-3.83
10103,4/10/2022 5:15:16 PM,-2.68
10103,4/10/2022 5:15:20 PM,-3.58
10103,4/10/2022 5:15:24 PM,-2.69
10103,4/10/2022 5:15:28 PM,-3.15
10103,4/10/2022 5:15:32 PM,-2.68
10103,4/10/2022 5:15:36 PM,-2.00
10103,4/10/2022 5:15:40 PM,-1.99
10103,4/10/2022 5:15:44 PM,-2.44
10103,4/10/2022 5:15:48 PM,-2.68
10103,4/10/2022 5:15:52 PM,-2.68
10103,4/10/2022 5:15:56 PM,-3.12
10103,4/10/2022 5:16:00 PM,-2.68
10103,4/10/2022 5:16:04 PM,-2.68
10103,4/10/2022 5:16:08 PM,-2.68
10103,4/10/2022 5:16:12 PM,-1.33
10103,4/10/2022 5:16:16 PM,-2.43
10103,4/10/2022 5:16:20 PM,-2.92
10103,4/10/2022 5:16:24 PM,-3.36
10103,4/10/2022 5:16:28 PM,-2.90
10103,4/10/2022 5:16:32 PM,-2.91
10103,4/10/2022 5:16:36 PM,-2.68
10103,4/10/2022 5:16:40 PM,-3.15
10103,4/10/2022 5:16:44 PM,-2.68
10103,4/10/2022 5:16:48 PM,-3.32
10103,4/10/2022 5:16:52 PM,-2.46
10103,4/10/2022 5:16:56 PM,-1.55
10103,4/10/2022 5:17:00 PM,-3.35
10103,4/10/2022 5:17:04 PM,-2.68
10103,4/10/2022 5:17:08 PM,-2.68
10103,4/10/2022 5:17:12 PM,-2.68
10103,4/10/2022 5:17:16 PM,-2.68
10103,4/10/2022 5:17:20 PM,-2.68
10103,4/10/2022 5:17:24 PM,-2.00
10103,4/10/2022 5:17:28 PM,-2.43
10103,4/10/2022 5:17:32 PM,-3.36
10103,4/10/2022 5:17:36 PM,-3.36
10103,4/10/2022 5:17:40 PM,-3.36
10103,4/10/2022 5:17:44 PM,-2.92
10103,4/10/2022 5:17:48 PM,-2.00
10103,4/10/2022 5:17:52 PM,-2.90
10103,4/10/2022 5:17:56 PM,-2.92
10103,4/10/2022 5:18:00 PM,-2.68
10103,4/10/2022 5:18:04 PM,-2.68
10103,4/10/2022 5:18:08 PM,-1.79
10103,4/10/2022 5:18:12 PM,-1.97
10103,4/10/2022 5:18:16 PM,-2.46
10103,4/10/2022 5:18:20 PM,-2.89
10103,4/10/2022 5:18:24 PM,-2.01
10103,4/10/2022 5:18:28 PM,-1.99
10103,4/10/2022 5:18:32 PM,-1.99
10103,4/10/2022 5:18:36 PM,-2.67
10103,4/10/2022 5:18:40 PM,-2.21
10103,4/10/2022 5:18:44 PM,-2.68
10103,4/10/2022 5:18:48 PM,-2.68
10103,4/10/2022 5:18:52 PM,-2.46
10103,4/10/2022 5:18:56 PM,-2.44
10103,4/10/2022 5:19:00 PM,-2.68
10103,4/10/2022 5:19:04 PM,-2.21
10103,4/10/2022 5:19:08 PM,-2.68
10103,4/10/2022 5:19:12 PM,-2.01
10103,4/10/2022 5:19:16 PM,-2.21
10103,4/10/2022 5:19:20 PM,-2.68
10103,4/10/2022 5:19:24 PM,-2.68
10103,4/10/2022 5:19:28 PM,-2.90
10103,4/10/2022 5:19:32 PM,-2.47
10103,4/10/2022 5:19:36 PM,-3.35
10103,4/10/2022 5:19:40 PM,-2.21
10103,4/10/2022 5:19:44 PM,-1.78
10103,4/10/2022 5:19:48 PM,-1.99
10103,4/10/2022 5:19:52 PM,-2.68
10103,4/10/2022 5:19:56 PM,-2.68
10103,4/10/2022 5:20:00 PM,-1.32
10103,4/10/2022 5:20:04 PM,-2.68
10103,4/10/2022 5:20:08 PM,-2.68
10103,4/10/2022 5:20:12 PM,-2.68
10103,4/10/2022 5:20:16 PM,-2.24
10103,4/10/2022 5:20:20 PM,-1.76
10103,4/10/2022 5:20:24 PM,-2.68
10103,4/10/2022 5:20:28 PM,-2.22
10103,4/10/2022 5:20:32 PM,-2.68
10103,4/10/2022 5:20:36 PM,-2.68
10103,4/10/2022 5:20:40 PM,-2.68
10103,4/10/2022 5:20:44 PM,-2.68
10103,4/10/2022 5:20:48 PM,-2.00
10103,4/10/2022 5:20:52 PM,-2.22
10103,4/10/2022 5:20:56 PM,-2.68
10103,4/10/2022 5:21:00 PM,-2.00
10103,4/10/2022 5:21:04 PM,-2.68
10103,4/10/2022 5:21:08 PM,-3.13
10103,4/10/2022 5:21:12 PM,-2.69
10103,4/10/2022 5:21:16 PM,-2.46
10103,4/10/2022 5:21:20 PM,-2.45
10103,4/10/2022 5:21:24 PM,-2.00
10103,4/10/2022 5:21:28 PM,-2.68
10103,4/10/2022 5:21:32 PM,-2.29
10103,4/10/2022 5:21:36 PM,-2.68
10103,4/10/2022 5:21:40 PM,-2.68
10103,4/10/2022 5:21:44 PM,-2.68
10103,4/10/2022 5:21:48 PM,-2.00
10103,4/10/2022 5:21:52 PM,-2.44
10103,4/10/2022 5:21:56 PM,-3.36
10103,4/10/2022 5:22:00 PM,-2.00
10103,4/10/2022 5:22:04 PM,-2.22
10103,4/10/2022 5:22:08 PM,-2.68
10103,4/10/2022 5:22:12 PM,-2.68
10103,4/10/2022 5:22:16 PM,-2.46
10103,4/10/2022 5:22:20 PM,-2.89
10103,4/10/2022 5:22:24 PM,-2.00
10103,4/10/2022 5:22:28 PM,-2.21
10103,4/10/2022 5:22:32 PM,-2.68
10103,4/10/2022 5:22:36 PM,-1.32
10103,4/10/2022 5:22:40 PM,-1.99
10103,4/10/2022 5:22:44 PM,-2.89
10103,4/10/2022 5:22:48 PM,-3.36
10103,4/10/2022 5:22:52 PM,-2.46
10103,4/10/2022 5:22:56 PM,-1.99
10103,4/10/2022 5:23:00 PM,-2.67
10103,4/10/2022 5:23:04 PM,-2.15
10103,4/10/2022 5:23:08 PM,-2.68
10103,4/10/2022 5:23:12 PM,-2.00
10103,4/10/2022 5:23:16 PM,-1.99
10103,4/10/2022 5:23:20 PM,-1.54
10103,4/10/2022 5:23:24 PM,-3.35
10103,4/10/2022 5:23:28 PM,-2.68
10103,4/10/2022 5:23:32 PM,-2.23
10103,4/10/2022 5:23:36 PM,-2.67
10103,4/10/2022 5:23:40 PM,-2.21
10103,4/10/2022 5:23:44 PM,-2.23
10103,4/10/2022 5:23:48 PM,-2.67
10103,4/10/2022 5:23:52 PM,-2.90
10103,4/10/2022 5:23:56 PM,-2.47
10103,4/10/2022 5:24:00 PM,-1.99
10103,4/10/2022 5:24:04 PM,-2.44
10103,4/10/2022 5:24:08 PM,-2.46
10103,4/10/2022 5:24:12 PM,-2.67
10103,4/10/2022 5:24:16 PM,-2.90
10103,4/10/2022 5:24:20 PM,-2.01
10103,4/10/2022 5:24:24 PM,-1.99
10103,4/10/2022 5:24:28 PM,-1.99
10103,4/10/2022 5:24:32 PM,-2.44
10103,4/10/2022 5:24:36 PM,-2.68
10103,4/10/2022 5:24:40 PM,-1.99
10103,4/10/2022 5:24:44 PM,-1.99
10103,4/10/2022 5:24:48 PM,-1.99
10103,4/10/2022 5:24:52 PM,-1.53
10103,4/10/2022 5:24:56 PM,-1.99
10103,4/10/2022 5:25:00 PM,-1.99
10103,4/10/2022 5:25:04 PM,-2.46
10103,4/10/2022 5:25:08 PM,-1.99
10103,4/10/2022 5:25:12 PM,-1.99
10103,4/10/2022 5:25:16 PM,-1.99
10103,4/10/2022 5:25:20 PM,-1.54
10103,4/10/2022 5:25:24 PM,-2.67
10103,4/10/2022 5:25:28 PM,-1.99
10103,4/10/2022 5:25:32 PM,-1.99
10103,4/10/2022 5:25:36 PM,-1.99
10103,4/10/2022 5:25:40 PM,-1.99
10103,4/10/2022 5:25:44 PM,-1.99
10103,4/10/2022 5:25:48 PM,-1.99
10103,4/10/2022 5:25:52 PM,-2.24
10103,4/10/2022 5:25:56 PM,-1.76
10103,4/10/2022 5:26:00 PM,-1.99
10103,4/10/2022 5:26:04 PM,-1.99
10103,4/10/2022 5:26:08 PM,-2.44
10103,4/10/2022 5:26:12 PM,-2.00
10103,4/10/2022 5:26:16 PM,-2.21
10103,4/10/2022 5:26:20 PM,-2.68
10103,4/10/2022 5:26:24 PM,-2.68
10103,4/10/2022 5:26:28 PM,-2.68
10103,4/10/2022 5:26:32 PM,-2.23
10103,4/10/2022 5:26:36 PM,-3.35
10103,4/10/2022 5:26:40 PM,-1.77
10103,4/10/2022 5:26:44 PM,-2.65
10103,4/10/2022 5:26:48 PM,-2.68
10103,4/10/2022 5:26:52 PM,-1.53
10103,4/10/2022 5:26:56 PM,-1.99
10103,4/10/2022 5:27:00 PM,-1.99
10103,4/10/2022 5:27:04 PM,-1.99
10103,4/10/2022 5:27:08 PM,-1.61
10103,4/10/2022 5:27:12 PM,-1.99
10103,4/10/2022 5:27:16 PM,-2.46
10103,4/10/2022 5:27:20 PM,-1.99
10103,4/10/2022 5:27:24 PM,-1.99
10103,4/10/2022 5:27:28 PM,-1.99
10103,4/10/2022 5:27:32 PM,-1.99
10103,4/10/2022 5:27:36 PM,-1.99
10103,4/10/2022 5:27:40 PM,-2.46
10103,4/10/2022 5:27:44 PM,-2.44
10103,4/10/2022 5:27:48 PM,-2.00
10103,4/10/2022 5:27:52 PM,-1.77
10103,4/10/2022 5:27:56 PM,-2.65
10103,4/10/2022 5:28:00 PM,-2.01
10103,4/10/2022 5:28:04 PM,-2.46
10103,4/10/2022 5:28:08 PM,-1.99
10103,4/10/2022 5:28:12 PM,-1.99
10103,4/10/2022 5:28:16 PM,-2.68
10103,4/10/2022 5:28:20 PM,-2.23
10103,4/10/2022 5:28:24 PM,-2.67
10103,4/10/2022 5:28:28 PM,-2.46
10103,4/10/2022 5:28:32 PM,-1.99
10103,4/10/2022 5:28:36 PM,-1.99
10103,4/10/2022 5:28:40 PM,-2.21
10103,4/10/2022 5:28:44 PM,-2.68
10103,4/10/2022 5:28:48 PM,-2.00
10103,4/10/2022 5:28:52 PM,-2.24
10103,4/10/2022 5:28:56 PM,-1.76
10103,4/10/2022 5:29:00 PM,-2.67
10103,4/10/2022 5:29:04 PM,-1.99
10103,4/10/2022 5:29:08 PM,-1.99
10103,4/10/2022 5:29:12 PM,-1.99
10103,4/10/2022 5:29:16 PM,-1.75
10103,4/10/2022 5:29:20 PM,-2.23
10103,4/10/2022 5:29:24 PM,-1.99
10103,4/10/2022 5:29:28 PM,-2.21
10103,4/10/2022 5:29:32 PM,-3.13
10103,4/10/2022 5:29:36 PM,-1.33
10103,4/10/2022 5:29:40 PM,-1.99
10103,4/10/2022 5:29:44 PM,-2.89
10103,4/10/2022 5:29:48 PM,-2.01
10103,4/10/2022 5:29:52 PM,-1.99
10103,4/10/2022 5:29:56 PM,-1.55
10103,4/10/2022 5:30:00 PM,-1.99
10103,4/10/2022 5:30:04 PM,-1.53
10103,4/10/2022 5:30:08 PM,-1.99
10103,4/10/2022 5:30:12 PM,-1.99
10103,4/10/2022 5:30:16 PM,-2.46
10103,4/10/2022 5:30:20 PM,-1.99
10103,4/10/2022 5:30:24 PM,-1.99
10103,4/10/2022 5:30:28 PM,-2.46
10103,4/10/2022 5:30:32 PM,-1.99
10103,4/10/2022 5:30:36 PM,-1.32
10103,4/10/2022 5:30:40 PM,-2.93
10103,4/10/2022 5:30:44 PM,-1.99
10103,4/10/2022 5:30:48 PM,-1.99
10103,4/10/2022 5:30:52 PM,-1.31
10103,4/10/2022 5:30:56 PM,-1.76
10103,4/10/2022 5:31:00 PM,-2.67
10103,4/10/2022 5:31:04 PM,-1.99
10103,4/10/2022 5:31:08 PM,-1.59
10103,4/10/2022 5:31:12 PM,-1.31
10103,4/10/2022 5:31:16 PM,-1.77
10103,4/10/2022 5:31:20 PM,-1.75
10103,4/10/2022 5:31:24 PM,-2.67
10103,4/10/2022 5:31:28 PM,-2.21
10103,4/10/2022 5:31:32 PM,-2.23
10103,4/10/2022 5:31:36 PM,-2.62
10103,4/10/2022 5:31:40 PM,-2.21
10103,4/10/2022 5:31:44 PM,-2.68
10103,4/10/2022 5:31:48 PM,-2.00
10103,4/10/2022 5:31:52 PM,-1.77
10103,4/10/2022 5:31:56 PM,-1.76
10103,4/10/2022 5:32:00 PM,-2.67
10103,4/10/2022 5:32:04 PM,-1.53
10103,4/10/2022 5:32:08 PM,-2.44
10103,4/10/2022 5:32:12 PM,-2.00
10103,4/10/2022 5:32:16 PM,-2.43
10103,4/10/2022 5:32:20 PM,-2.02
10103,4/10/2022 5:32:24 PM,-1.31
10103,4/10/2022 5:32:28 PM,-3.36
10103,4/10/2022 5:32:32 PM,-2.92
10103,4/10/2022 5:32:36 PM,-2.68
10103,4/10/2022 5:32:40 PM,-1.99
10103,4/10/2022 5:32:44 PM,-1.99
10103,4/10/2022 5:32:48 PM,-2.68
10103,4/10/2022 5:32:52 PM,-2.46
10103,4/10/2022 5:32:56 PM,-2.44
10103,4/10/2022 5:33:00 PM,-2.68
10103,4/10/2022 5:33:04 PM,-1.99
10103,4/10/2022 5:33:08 PM,-1.99
10103,4/10/2022 5:33:12 PM,-2.67
10103,4/10/2022 5:33:16 PM,-1.98
10103,4/10/2022 5:33:20 PM,-2.91
10103,4/10/2022 5:33:24 PM,-2.00
10103,4/10/2022 5:33:28 PM,-1.99
10103,4/10/2022 5:33:32 PM,-2.44
10103,4/10/2022 5:33:36 PM,-2.00
10103,4/10/2022 5:33:40 PM,-2.44
10103,4/10/2022 5:33:44 PM,-2.91
10103,4/10/2022 5:33:48 PM,-2.68
10103,4/10/2022 5:33:52 PM,-2.21
10103,4/10/2022 5:33:56 PM,-2.68
10103,4/10/2022 5:34:00 PM,-3.36
10103,4/10/2022 5:34:04 PM,-1.53
10103,4/10/2022 5:34:08 PM,-1.99
10103,4/10/2022 5:34:12 PM,-2.67
10103,4/10/2022 5:34:16 PM,-2.46
10103,4/10/2022 5:34:20 PM,-1.99
10103,4/10/2022 5:34:24 PM,-1.99
10103,4/10/2022 5:34:28 PM,-1.99
10103,4/10/2022 5:34:32 PM,-1.99
10103,4/10/2022 5:34:36 PM,-1.99
10103,4/10/2022 5:34:40 PM,-1.77
10103,4/10/2022 5:34:44 PM,-1.76
10103,4/10/2022 5:34:48 PM,-2.67
10103,4/10/2022 5:34:52 PM,-1.76
10103,4/10/2022 5:34:56 PM,-2.23
10103,4/10/2022 5:35:00 PM,-3.36
10103,4/10/2022 5:35:04 PM,-2.90
10103,4/10/2022 5:35:08 PM,-2.56
10103,4/10/2022 5:35:12 PM,-2.67
10103,4/10/2022 5:35:16 PM,-1.99
10103,4/10/2022 5:35:20 PM,-2.45
10103,4/10/2022 5:35:24 PM,-1.32
10103,4/10/2022 5:35:28 PM,-1.77
10103,4/10/2022 5:35:32 PM,-1.76
10103,4/10/2022 5:35:36 PM,-1.99
10103,4/10/2022 5:35:40 PM,-1.99
10103,4/10/2022 5:35:44 PM,-1.99
10103,4/10/2022 5:35:48 PM,-1.31
10103,4/10/2022 5:35:52 PM,-1.77
10103,4/10/2022 5:35:56 PM,-1.76
10103,4/10/2022 5:36:00 PM,-1.99
10103,4/10/2022 5:36:04 PM,-1.99
10103,4/10/2022 5:36:08 PM,-1.54
10103,4/10/2022 5:36:12 PM,-1.99
10103,4/10/2022 5:36:16 PM,-1.99
10103,4/10/2022 5:36:20 PM,-1.99
10103,4/10/2022 5:36:24 PM,-2.67
10103,4/10/2022 5:36:28 PM,-2.92
10103,4/10/2022 5:36:32 PM,-1.54
10103,4/10/2022 5:36:36 PM,-2.67
10103,4/10/2022 5:36:40 PM,-2.68
10103,4/10/2022 5:36:44 PM,-2.23
10103,4/10/2022 5:36:48 PM,-1.31
10103,4/10/2022 5:36:52 PM,-1.99
10103,4/10/2022 5:36:56 PM,-1.99
10103,4/10/2022 5:37:00 PM,-1.99
10103,4/10/2022 5:37:04 PM,-2.22
10103,4/10/2022 5:37:08 PM,-2.68
10103,4/10/2022 5:37:12 PM,-2.68
10103,4/10/2022 5:37:16 PM,-2.68
10103,4/10/2022 5:37:20 PM,-2.23
10103,4/10/2022 5:37:24 PM,-1.99
10103,4/10/2022 5:37:28 PM,-2.46
10103,4/10/2022 5:37:32 PM,-1.54
10103,4/10/2022 5:37:36 PM,-2.67
10103,4/10/2022 5:37:40 PM,-2.22
10103,4/10/2022 5:37:44 PM,-2.23
10103,4/10/2022 5:37:48 PM,-1.99
10103,4/10/2022 5:37:52 PM,-2.44
10103,4/10/2022 5:37:56 PM,-2.47
10103,4/10/2022 5:38:00 PM,-3.35
10103,4/10/2022 5:38:04 PM,-1.31
10103,4/10/2022 5:38:08 PM,-2.66
10103,4/10/2022 5:38:12 PM,-2.01
10103,4/10/2022 5:38:16 PM,-3.36
10103,4/10/2022 5:38:20 PM,-2.91
10103,4/10/2022 5:38:24 PM,-3.36
10103,4/10/2022 5:38:28 PM,-2.46
10103,4/10/2022 5:38:32 PM,-1.99
10103,4/10/2022 5:38:36 PM,-2.67
10103,4/10/2022 5:38:40 PM,-2.46
10103,4/10/2022 5:38:44 PM,-1.99
10103,4/10/2022 5:38:48 PM,-1.99
10103,4/10/2022 5:38:52 PM,-2.46
10103,4/10/2022 5:38:56 PM,-1.99
10103,4/10/2022 5:39:00 PM,-3.35
10103,4/10/2022 5:39:04 PM,-2.44
10103,4/10/2022 5:39:08 PM,-2.47
10103,4/10/2022 5:39:12 PM,-1.99
10103,4/10/2022 5:39:16 PM,-1.99
10103,4/10/2022 5:39:20 PM,-1.99
10103,4/10/2022 5:39:24 PM,-1.99
10103,4/10/2022 5:39:28 PM,-1.99
10103,4/10/2022 5:39:32 PM,-2.44
10103,4/10/2022 5:39:36 PM,-2.68
10103,4/10/2022 5:39:40 PM,-2.46
10103,4/10/2022 5:39:44 PM,-1.99
10103,4/10/2022 5:39:48 PM,-2.67
10103,4/10/2022 5:39:52 PM,-1.53
10103,4/10/2022 5:39:56 PM,-1.99
10103,4/10/2022 5:40:00 PM,-2.67
10103,4/10/2022 5:40:04 PM,-1.99
10103,4/10/2022 5:40:08 PM,-1.99
10103,4/10/2022 5:40:12 PM,-1.99
10103,4/10/2022 5:40:16 PM,-1.77
10103,4/10/2022 5:40:20 PM,-1.76
10103,4/10/2022 5:40:24 PM,-1.99
10103,4/10/2022 5:40:28 PM,-2.92
10103,4/10/2022 5:40:32 PM,-1.54
10103,4/10/2022 5:40:36 PM,-1.31
10103,4/10/2022 5:40:40 PM,-2.46
10103,4/10/2022 5:40:44 PM,-1.99
10103,4/10/2022 5:40:48 PM,-3.35
10103,4/10/2022 5:40:52 PM,-2.68
10103,4/10/2022 5:40:56 PM,-2.68
10103,4/10/2022 5:41:00 PM,-3.36
10103,4/10/2022 5:41:04 PM,-1.77
10103,4/10/2022 5:41:08 PM,-2.21
10103,4/10/2022 5:41:12 PM,-2.68
10103,4/10/2022 5:41:16 PM,-1.99
10103,4/10/2022 5:41:20 PM,-2.39
10103,4/10/2022 5:41:24 PM,-3.36
10103,4/10/2022 5:41:28 PM,-1.99
10103,4/10/2022 5:41:32 PM,-2.89
10103,4/10/2022 5:41:36 PM,-2.01
10103,4/10/2022 5:41:40 PM,-1.99
10103,4/10/2022 5:41:44 PM,-2.44
10103,4/10/2022 5:41:48 PM,-2.00
10103,4/10/2022 5:41:52 PM,-2.21
10103,4/10/2022 5:41:56 PM,-3.12
10103,4/10/2022 5:42:00 PM,-2.01
10103,4/10/2022 5:42:04 PM,-2.46
10103,4/10/2022 5:42:08 PM,-1.99
10103,4/10/2022 5:42:12 PM,-2.67
10103,4/10/2022 5:42:16 PM,-2.43
10103,4/10/2022 5:42:20 PM,-2.47
10103,4/10/2022 5:42:24 PM,-1.99
10103,4/10/2022 5:42:28 PM,-2.43
10103,4/10/2022 5:42:32 PM,-2.46
10103,4/10/2022 5:42:36 PM,-2.67
10103,4/10/2022 5:42:40 PM,-2.46
10103,4/10/2022 5:42:44 PM,-1.99
10103,4/10/2022 5:42:48 PM,-1.99
10103,4/10/2022 5:42:52 PM,-1.99
10103,4/10/2022 5:42:56 PM,-1.99
10103,4/10/2022 5:43:00 PM,-1.99
10103,4/10/2022 5:43:04 PM,-1.99
10103,4/10/2022 5:43:08 PM,-1.99
10103,4/10/2022 5:43:12 PM,-1.99
10103,4/10/2022 5:43:16 PM,-1.99
10103,4/10/2022 5:43:20 PM,-1.99
10103,4/10/2022 5:43:24 PM,-1.99
10103,4/10/2022 5:43:28 PM,-2.21
10103,4/10/2022 5:43:32 PM,-2.23
10103,4/10/2022 5:43:36 PM,-2.67
10103,4/10/2022 5:43:40 PM,-2.68
10103,4/10/2022 5:43:44 PM,-1.78
10103,4/10/2022 5:43:48 PM,-1.99
10103,4/10/2022 5:43:52 PM,-2.21
10103,4/10/2022 5:43:56 PM,-2.68
10103,4/10/2022 5:44:00 PM,-3.36
10103,4/10/2022 5:44:04 PM,-1.99
10103,4/10/2022 5:44:08 PM,-1.55
10103,4/10/2022 5:44:12 PM,-1.98
10103,4/10/2022 5:44:16 PM,-3.36
10103,4/10/2022 5:44:20 PM,-2.47
10103,4/10/2022 5:44:24 PM,-1.99
10103,4/10/2022 5:44:28 PM,-2.46
10103,4/10/2022 5:44:32 PM,-2.88
10103,4/10/2022 5:44:36 PM,-2.01
10103,4/10/2022 5:44:40 PM,-2.68
10103,4/10/2022 5:44:44 PM,-2.23
10103,4/10/2022 5:44:48 PM,-1.99
10103,4/10/2022 5:44:52 PM,-1.77
10103,4/10/2022 5:44:56 PM,-2.64
10103,4/10/2022 5:45:00 PM,-3.36
10103,4/10/2022 5:45:04 PM,-1.99
10103,4/10/2022 5:45:08 PM,-1.99
10103,4/10/2022 5:45:12 PM,-3.34
10103,4/10/2022 5:45:16 PM,-1.99
10103,4/10/2022 5:45:20 PM,-2.40
10103,4/10/2022 5:45:24 PM,-2.00
10103,4/10/2022 5:45:28 PM,-1.99
10103,4/10/2022 5:45:32 PM,-1.99
10103,4/10/2022 5:45:36 PM,-1.32
10103,4/10/2022 5:45:40 PM,-2.93
10103,4/10/2022 5:45:44 PM,-2.44
10103,4/10/2022 5:45:48 PM,-2.68
10103,4/10/2022 5:45:52 PM,-2.92
10103,4/10/2022 5:45:56 PM,-1.99
10103,4/10/2022 5:46:00 PM,-3.35
10103,4/10/2022 5:46:04 PM,-2.68
10103,4/10/2022 5:46:08 PM,-2.68
10103,4/10/2022 5:46:12 PM,-2.68
10103,4/10/2022 5:46:16 PM,-2.22
10103,4/10/2022 5:46:20 PM,-2.68
10103,4/10/2022 5:46:24 PM,-2.00
10103,4/10/2022 5:46:28 PM,-2.68
10103,4/10/2022 5:46:32 PM,-2.68
10103,4/10/2022 5:46:36 PM,-2.00
10103,4/10/2022 5:46:40 PM,-2.90
10103,4/10/2022 5:46:44 PM,-2.91
10103,4/10/2022 5:46:48 PM,-2.00
10103,4/10/2022 5:46:52 PM,-2.90
10103,4/10/2022 5:46:56 PM,-2.91
10103,4/10/2022 5:47:00 PM,-2.00
10103,4/10/2022 5:47:04 PM,-2.22
10103,4/10/2022 5:47:08 PM,-1.78
10103,4/10/2022 5:47:12 PM,-1.99
10103,4/10/2022 5:47:16 PM,-2.68
10103,4/10/2022 5:47:20 PM,-2.68
10103,4/10/2022 5:47:24 PM,-2.68
10103,4/10/2022 5:47:28 PM,-2.21
10103,4/10/2022 5:47:32 PM,-3.13
10103,4/10/2022 5:47:36 PM,-2.00
10103,4/10/2022 5:47:40 PM,-2.22
10103,4/10/2022 5:47:44 PM,-2.23
10103,4/10/2022 5:47:48 PM,-3.36
10103,4/10/2022 5:47:52 PM,-2.68
10103,4/10/2022 5:47:56 PM,-3.13
10103,4/10/2022 5:48:00 PM,-2.68
10103,4/10/2022 5:48:04 PM,-2.92
10103,4/10/2022 5:48:08 PM,-2.45
10103,4/10/2022 5:48:12 PM,-2.00
10103,4/10/2022 5:48:16 PM,-2.24
10103,4/10/2022 5:48:20 PM,-2.66
10103,4/10/2022 5:48:24 PM,-3.36
10103,4/10/2022 5:48:28 PM,-2.21
10103,4/10/2022 5:48:32 PM,-2.23
10103,4/10/2022 5:48:36 PM,-2.67
10103,4/10/2022 5:48:40 PM,-2.21
10103,4/10/2022 5:48:44 PM,-3.13
10103,4/10/2022 5:48:48 PM,-2.68
10103,4/10/2022 5:48:52 PM,-2.92
10103,4/10/2022 5:48:56 PM,-1.99
10103,4/10/2022 5:49:00 PM,-3.35
10103,4/10/2022 5:49:04 PM,-2.22
10103,4/10/2022 5:49:08 PM,-2.68
10103,4/10/2022 5:49:12 PM,-2.00
10103,4/10/2022 5:49:16 PM,-2.68
10103,4/10/2022 5:49:20 PM,-2.23
10103,4/10/2022 5:49:24 PM,-2.67
10103,4/10/2022 5:49:28 PM,-3.15
10103,4/10/2022 5:49:32 PM,-1.78
10103,4/10/2022 5:49:36 PM,-2.67
10103,4/10/2022 5:49:40 PM,-1.99
10103,4/10/2022 5:49:44 PM,-2.44
10103,4/10/2022 5:49:48 PM,-2.68
10103,4/10/2022 5:49:52 PM,-1.99
10103,4/10/2022 5:49:56 PM,-2.89
10103,4/10/2022 5:50:00 PM,-3.36
10103,4/10/2022 5:50:04 PM,-2.22
10103,4/10/2022 5:50:08 PM,-2.68
10103,4/10/2022 5:50:12 PM,-2.68
10103,4/10/2022 5:50:16 PM,-2.46
10103,4/10/2022 5:50:20 PM,-2.44
10103,4/10/2022 5:50:24 PM,-2.68
10103,4/10/2022 5:50:28 PM,-2.46
10103,4/10/2022 5:50:32 PM,-1.99
10103,4/10/2022 5:50:36 PM,-1.31
10103,4/10/2022 5:50:40 PM,-2.46
10103,4/10/2022 5:50:44 PM,-1.99
10103,4/10/2022 5:50:48 PM,-2.67
10103,4/10/2022 5:50:52 PM,-2.68
10103,4/10/2022 5:50:56 PM,-3.13
10103,4/10/2022 5:51:00 PM,-3.36
10103,4/10/2022 5:51:04 PM,-2.68
10103,4/10/2022 5:51:08 PM,-2.68
10103,4/10/2022 5:51:12 PM,-3.35
10103,4/10/2022 5:51:16 PM,-3.36
10103,4/10/2022 5:51:20 PM,-2.46
10103,4/10/2022 5:51:24 PM,-1.31
10103,4/10/2022 5:51:28 PM,-2.21
10103,4/10/2022 5:51:32 PM,-2.68
10103,4/10/2022 5:51:36 PM,-2.68
10103,4/10/2022 5:51:40 PM,-2.37
10103,4/10/2022 5:51:44 PM,-2.47
10103,4/10/2022 5:51:48 PM,-2.67
10103,4/10/2022 5:51:52 PM,-3.14
10103,4/10/2022 5:51:56 PM,-3.13
10103,4/10/2022 5:52:00 PM,-1.34
10103,4/10/2022 5:52:04 PM,-1.99
10103,4/10/2022 5:52:08 PM,-2.44
10103,4/10/2022 5:52:12 PM,-2.00
10103,4/10/2022 5:52:16 PM,-2.21
10103,4/10/2022 5:52:20 PM,-2.68
10103,4/10/2022 5:52:24 PM,-2.68
10103,4/10/2022 5:52:28 PM,-1.99
10103,4/10/2022 5:52:32 PM,-2.44
10103,4/10/2022 5:52:36 PM,-2.00
10103,4/10/2022 5:52:40 PM,-1.99
10103,4/10/2022 5:52:44 PM,-1.99
10103,4/10/2022 5:52:48 PM,-1.99
10103,4/10/2022 5:52:52 PM,-2.46
10103,4/10/2022 5:52:56 PM,-2.44
10103,4/10/2022 5:53:00 PM,-2.68
10103,4/10/2022 5:53:04 PM,-2.21
10103,4/10/2022 5:53:08 PM,-2.68
10103,4/10/2022 5:53:12 PM,-2.68
10103,4/10/2022 5:53:16 PM,-1.99
10103,4/10/2022 5:53:20 PM,-2.44
10103,4/10/2022 5:53:24 PM,-2.00
10103,4/10/2022 5:53:28 PM,-2.21
10103,4/10/2022 5:53:32 PM,-2.68
10103,4/10/2022 5:53:36 PM,-2.68
10103,4/10/2022 5:53:40 PM,-2.92
10103,4/10/2022 5:53:44 PM,-1.99
10103,4/10/2022 5:53:48 PM,-1.99
10103,4/10/2022 5:53:52 PM,-2.21
10103,4/10/2022 5:53:56 PM,-2.68
10103,4/10/2022 5:54:00 PM,-2.00
10103,4/10/2022 5:54:04 PM,-1.99
10103,4/10/2022 5:54:08 PM,-2.44
10103,4/10/2022 5:54:12 PM,-2.00
10103,4/10/2022 5:54:16 PM,-3.14
10103,4/10/2022 5:54:20 PM,-2.23
10103,4/10/2022 5:54:24 PM,-2.67
10103,4/10/2022 5:54:28 PM,-3.15
10103,4/10/2022 5:54:32 PM,-2.68
10103,4/10/2022 5:54:36 PM,-3.36
10103,4/10/2022 5:54:40 PM,-2.46
10103,4/10/2022 5:54:44 PM,-2.44
10103,4/10/2022 5:54:48 PM,-2.00
10103,4/10/2022 5:54:52 PM,-2.22
10103,4/10/2022 5:54:56 PM,-2.68
10103,4/10/2022 5:55:00 PM,-3.36
10103,4/10/2022 5:55:04 PM,-2.21
10103,4/10/2022 5:55:08 PM,-2.23
10103,4/10/2022 5:55:12 PM,-2.67
10103,4/10/2022 5:55:16 PM,-2.68
10103,4/10/2022 5:55:20 PM,-2.68
10103,4/10/2022 5:55:24 PM,-2.00
10103,4/10/2022 5:55:28 PM,-2.68
10103,4/10/2022 5:55:32 PM,-2.68
10103,4/10/2022 5:55:36 PM,-2.00
10103,4/10/2022 5:55:40 PM,-2.92
10103,4/10/2022 5:55:44 PM,-1.99
10103,4/10/2022 5:55:48 PM,-2.67
10103,4/10/2022 5:55:52 PM,-2.46
10103,4/10/2022 5:55:56 PM,-2.44
10103,4/10/2022 5:56:00 PM,-2.00
10103,4/10/2022 5:56:04 PM,-2.21
10103,4/10/2022 5:56:08 PM,-2.23
10103,4/10/2022 5:56:12 PM,-1.99
10103,4/10/2022 5:56:16 PM,-2.43
10103,4/10/2022 5:56:20 PM,-2.55
10103,4/10/2022 5:56:24 PM,-1.99
10103,4/10/2022 5:56:28 PM,-2.90
10103,4/10/2022 5:56:32 PM,-3.36
10103,4/10/2022 5:56:36 PM,-2.01
10103,4/10/2022 5:56:40 PM,-2.43
10103,4/10/2022 5:56:44 PM,-2.92
10103,4/10/2022 5:56:48 PM,-2.00
10103,4/10/2022 5:56:52 PM,-2.46
10103,4/10/2022 5:56:56 PM,-2.44
10103,4/10/2022 5:57:00 PM,-2.00
10103,4/10/2022 5:57:04 PM,-2.46
10103,4/10/2022 5:57:08 PM,-1.99
10103,4/10/2022 5:57:12 PM,-1.99
10103,4/10/2022 5:57:16 PM,-2.70
10103,4/10/2022 5:57:20 PM,-1.76
10103,4/10/2022 5:57:24 PM,-2.67
10103,4/10/2022 5:57:28 PM,-2.46
10103,4/10/2022 5:57:32 PM,-2.88
10103,4/10/2022 5:57:36 PM,-2.01
10103,4/10/2022 5:57:40 PM,-2.21
10103,4/10/2022 5:57:44 PM,-2.23
10103,4/10/2022 5:57:48 PM,-2.67
10103,4/10/2022 5:57:52 PM,-1.99
10103,4/10/2022 5:57:56 PM,-2.44
10103,4/10/2022 5:58:00 PM,-3.36
10103,4/10/2022 5:58:04 PM,-2.44
10103,4/10/2022 5:58:08 PM,-2.02
10103,4/10/2022 5:58:12 PM,-3.33
10103,4/10/2022 5:58:16 PM,-2.46
10103,4/10/2022 5:58:20 PM,-2.44
10103,4/10/2022 5:58:24 PM,-2.00
10103,4/10/2022 5:58:28 PM,-2.68
10103,4/10/2022 5:58:32 PM,-2.23
10103,4/10/2022 5:58:36 PM,-2.67
10103,4/10/2022 5:58:40 PM,-2.89
10103,4/10/2022 5:58:44 PM,-2.93
10103,4/10/2022 5:58:48 PM,-2.00
10103,4/10/2022 5:58:52 PM,-2.46
10103,4/10/2022 5:58:56 PM,-1.99
10103,4/10/2022 5:59:00 PM,-1.99
10103,4/10/2022 5:59:04 PM,-2.68
10103,4/10/2022 5:59:08 PM,-2.68
10103,4/10/2022 5:59:12 PM,-2.00
10103,4/10/2022 5:59:16 PM,-2.68
10103,4/10/2022 5:59:20 PM,-2.23
10103,4/10/2022 5:59:24 PM,-1.99
10103,4/10/2022 5:59:28 PM,-2.21
10103,4/10/2022 5:59:32 PM,-2.68
10103,4/10/2022 5:59:36 PM,-2.00
10103,4/10/2022 5:59:40 PM,-2.21
10103,4/10/2022 5:59:44 PM,-2.23
10103,4/10/2022 5:59:48 PM,-3.35
10103,4/10/2022 5:59:52 PM,-1.99
10103,4/10/2022 5:59:56 PM,-2.44
10103,4/10/2022 6:00:00 PM,-2.68
10103,4/10/2022 6:00:04 PM,-2.68
10103,4/10/2022 6:00:08 PM,-1.78
10103,4/10/2022 6:00:12 PM,-1.31
10103,4/10/2022 6:00:16 PM,-2.46
10103,4/10/2022 6:00:20 PM,-2.90
10103,4/10/2022 6:00:24 PM,-2.68
10103,4/10/2022 6:00:28 PM,-1.99
10103,4/10/2022 6:00:32 PM,-1.99
10103,4/10/2022 6:00:36 PM,-3.36
10103,4/10/2022 6:00:40 PM,-2.47
10103,4/10/2022 6:00:44 PM,-2.43
10103,4/10/2022 6:00:48 PM,-3.36
10103,4/10/2022 6:00:52 PM,-1.99
10103,4/10/2022 6:00:56 PM,-1.99
10103,4/10/2022 6:01:00 PM,-2.68
10103,4/10/2022 6:01:04 PM,-2.22
10103,4/10/2022 6:01:08 PM,-2.23
10103,4/10/2022 6:01:12 PM,-1.99
10103,4/10/2022 6:01:16 PM,-2.68
10103,4/10/2022 6:01:20 PM,-2.23
10103,4/10/2022 6:01:24 PM,-1.99
10103,4/10/2022 6:01:28 PM,-2.46
10103,4/10/2022 6:01:32 PM,-1.99
10103,4/10/2022 6:01:36 PM,-3.36
10103,4/10/2022 6:01:40 PM,-2.68
10103,4/10/2022 6:01:44 PM,-2.23
10103,4/10/2022 6:01:48 PM,-1.99
10103,4/10/2022 6:01:52 PM,-1.99
10103,4/10/2022 6:01:56 PM,-1.99
10103,4/10/2022 6:02:00 PM,-2.67
10103,4/10/2022 6:02:04 PM,-3.14
10103,4/10/2022 6:02:08 PM,-2.23
10103,4/10/2022 6:02:12 PM,-2.67
10103,4/10/2022 6:02:16 PM,-1.99
10103,4/10/2022 6:02:20 PM,-1.99
10103,4/10/2022 6:02:24 PM,-1.99
10103,4/10/2022 6:02:28 PM,-1.99
10103,4/10/2022 6:02:32 PM,-1.54
10103,4/10/2022 6:02:36 PM,-2.67
10103,4/10/2022 6:02:40 PM,-3.36
10103,4/10/2022 6:02:44 PM,-2.06
10103,4/10/2022 6:02:48 PM,-3.35
10103,4/10/2022 6:02:52 PM,-2.22
10103,4/10/2022 6:02:56 PM,-2.23
10103,4/10/2022 6:03:00 PM,-1.31
10103,4/10/2022 6:03:04 PM,-2.22
10103,4/10/2022 6:03:08 PM,-2.23
10103,4/10/2022 6:03:12 PM,-2.67
10103,4/10/2022 6:03:16 PM,-2.68
10103,4/10/2022 6:03:20 PM,-2.23
10103,4/10/2022 6:03:24 PM,-3.35
10103,4/10/2022 6:03:28 PM,-1.99
10103,4/10/2022 6:03:32 PM,-1.99
10103,4/10/2022 6:03:36 PM,-1.99
10103,4/10/2022 6:03:40 PM,-2.92
10103,4/10/2022 6:03:44 PM,-1.99
10103,4/10/2022 6:03:48 PM,-2.67
10103,4/10/2022 6:03:52 PM,-2.44
10103,4/10/2022 6:03:56 PM,-2.47
10103,4/10/2022 6:04:00 PM,-1.31
10103,4/10/2022 6:04:04 PM,-2.46
10103,4/10/2022 6:04:08 PM,-2.90
10103,4/10/2022 6:04:12 PM,-2.69
10103,4/10/2022 6:04:16 PM,-1.97
10103,4/10/2022 6:04:20 PM,-2.91
10103,4/10/2022 6:04:24 PM,-2.68
10103,4/10/2022 6:04:28 PM,-2.46
10103,4/10/2022 6:04:32 PM,-1.99
10103,4/10/2022 6:04:36 PM,-1.99
10103,4/10/2022 6:04:40 PM,-2.90
10103,4/10/2022 6:04:44 PM,-2.92
10103,4/10/2022 6:04:48 PM,-2.68
10103,4/10/2022 6:04:52 PM,-2.90
10103,4/10/2022 6:04:56 PM,-2.92
10103,4/10/2022 6:05:00 PM,-2.00
10103,4/10/2022 6:05:04 PM,-2.46
10103,4/10/2022 6:05:08 PM,-2.44
10103,4/10/2022 6:05:12 PM,-2.68
10103,4/10/2022 6:05:16 PM,-2.44
10103,4/10/2022 6:05:20 PM,-2.91
10103,4/10/2022 6:05:24 PM,-2.68
10103,4/10/2022 6:05:28 PM,-2.46
10103,4/10/2022 6:05:32 PM,-2.44
10103,4/10/2022 6:05:36 PM,-2.00
10103,4/10/2022 6:05:40 PM,-1.99
10103,4/10/2022 6:05:44 PM,-2.44
10103,4/10/2022 6:05:48 PM,-3.36
10103,4/10/2022 6:05:52 PM,-2.92
10103,4/10/2022 6:05:56 PM,-1.99
10103,4/10/2022 6:06:00 PM,-1.99
10103,4/10/2022 6:06:04 PM,-2.46
10103,4/10/2022 6:06:08 PM,-2.89
10103,4/10/2022 6:06:12 PM,-2.69
10103,4/10/2022 6:06:16 PM,-1.99
10103,4/10/2022 6:06:20 PM,-2.44
10103,4/10/2022 6:06:24 PM,-2.00
10103,4/10/2022 6:06:28 PM,-1.75
10103,4/10/2022 6:06:32 PM,-2.68
10103,4/10/2022 6:06:36 PM,-2.68
10103,4/10/2022 6:06:40 PM,-3.14
10103,4/10/2022 6:06:44 PM,-2.68
10103,4/10/2022 6:06:48 PM,-2.00
10103,4/10/2022 6:06:52 PM,-2.68
10103,4/10/2022 6:06:56 PM,-2.23
10103,4/10/2022 6:07:00 PM,-2.67
10103,4/10/2022 6:07:04 PM,-1.99
10103,4/10/2022 6:07:08 PM,-2.89
10103,4/10/2022 6:07:12 PM,-2.01
10103,4/10/2022 6:07:16 PM,-2.92
10103,4/10/2022 6:07:20 PM,-1.99
10103,4/10/2022 6:07:24 PM,-2.67
10103,4/10/2022 6:07:28 PM,-2.46
10103,4/10/2022 6:07:32 PM,-1.99
10103,4/10/2022 6:07:36 PM,-2.67
10103,4/10/2022 6:07:40 PM,-2.21
10103,4/10/2022 6:07:44 PM,-3.13
10103,4/10/2022 6:07:48 PM,-2.68
10103,4/10/2022 6:07:52 PM,-1.77
10103,4/10/2022 6:07:56 PM,-1.76
10103,4/10/2022 6:08:00 PM,-1.99
10103,4/10/2022 6:08:04 PM,-1.99
10103,4/10/2022 6:08:08 PM,-2.44
10103,4/10/2022 6:08:12 PM,-3.35
10103,4/10/2022 6:08:16 PM,-2.90
10103,4/10/2022 6:08:20 PM,-2.92
10103,4/10/2022 6:08:24 PM,-2.68
10103,4/10/2022 6:08:28 PM,-2.68
10103,4/10/2022 6:08:32 PM,-3.13
10103,4/10/2022 6:08:36 PM,-2.68
10103,4/10/2022 6:08:40 PM,-2.21
10103,4/10/2022 6:08:44 PM,-2.25
10103,4/10/2022 6:08:48 PM,-1.99
10103,4/10/2022 6:08:52 PM,-1.77
10103,4/10/2022 6:08:56 PM,-1.76
10103,4/10/2022 6:09:00 PM,-1.99
10103,4/10/2022 6:09:04 PM,-1.99
10103,4/10/2022 6:09:08 PM,-1.99
10103,4/10/2022 6:09:12 PM,-1.99
10103,4/10/2022 6:09:16 PM,-2.44
10103,4/10/2022 6:09:20 PM,-2.47
10103,4/10/2022 6:09:24 PM,-2.67
10103,4/10/2022 6:09:28 PM,-1.99
10103,4/10/2022 6:09:32 PM,-1.55
10103,4/10/2022 6:09:36 PM,-1.99
10103,4/10/2022 6:09:40 PM,-2.90
10103,4/10/2022 6:09:44 PM,-2.47
10103,4/10/2022 6:09:48 PM,-2.67
10103,4/10/2022 6:09:52 PM,-2.46
10103,4/10/2022 6:09:56 PM,-1.99
10103,4/10/2022 6:10:00 PM,-2.67
10103,4/10/2022 6:10:04 PM,-3.15
10103,4/10/2022 6:10:08 PM,-2.68
10103,4/10/2022 6:10:12 PM,-2.01
10103,4/10/2022 6:10:16 PM,-2.68
10103,4/10/2022 6:10:20 PM,-2.68
10103,4/10/2022 6:10:24 PM,-2.68
10103,4/10/2022 6:10:28 PM,-2.21
10103,4/10/2022 6:10:32 PM,-2.68
10103,4/10/2022 6:10:36 PM,-2.68
10103,4/10/2022 6:10:40 PM,-2.46
10103,4/10/2022 6:10:44 PM,-2.84
10103,4/10/2022 6:10:48 PM,-3.36
10103,4/10/2022 6:10:52 PM,-2.46
10103,4/10/2022 6:10:56 PM,-1.99
10103,4/10/2022 6:11:00 PM,-2.67
10103,4/10/2022 6:11:04 PM,-1.75
10103,4/10/2022 6:11:08 PM,-3.13
10103,4/10/2022 6:11:12 PM,-2.69
10103,4/10/2022 6:11:16 PM,-2.21
10103,4/10/2022 6:11:20 PM,-2.68
10103,4/10/2022 6:11:24 PM,-2.68
10103,4/10/2022 6:11:28 PM,-2.43
10103,4/10/2022 6:11:32 PM,-3.36
10103,4/10/2022 6:11:36 PM,-2.01
10103,4/10/2022 6:11:40 PM,-1.99
10103,4/10/2022 6:11:44 PM,-2.88
10103,4/10/2022 6:11:48 PM,-2.69
10103,4/10/2022 6:11:52 PM,-2.93
10103,4/10/2022 6:11:56 PM,-2.44
10103,4/10/2022 6:12:00 PM,-2.00
10103,4/10/2022 6:12:04 PM,-2.21
10103,4/10/2022 6:12:08 PM,-2.23
10103,4/10/2022 6:12:12 PM,-3.34
10103,4/10/2022 6:12:16 PM,-2.93
10103,4/10/2022 6:12:20 PM,-2.44
10103,4/10/2022 6:12:24 PM,-2.68
10103,4/10/2022 6:12:28 PM,-2.43
10103,4/10/2022 6:12:32 PM,-2.91
10103,4/10/2022 6:12:36 PM,-2.00
10103,4/10/2022 6:12:40 PM,-2.22
10103,4/10/2022 6:12:44 PM,-2.23
10103,4/10/2022 6:12:48 PM,-1.99
10103,4/10/2022 6:12:52 PM,-2.22
10103,4/10/2022 6:12:56 PM,-3.05
10103,4/10/2022 6:13:00 PM,-2.00
10103,4/10/2022 6:13:04 PM,-1.99
10103,4/10/2022 6:13:08 PM,-2.44
10103,4/10/2022 6:13:12 PM,-2.68
10103,4/10/2022 6:13:16 PM,-2.46
10103,4/10/2022 6:13:20 PM,-1.54
10103,4/10/2022 6:13:24 PM,-3.35
10103,4/10/2022 6:13:28 PM,-2.21
10103,4/10/2022 6:13:32 PM,-1.78
10103,4/10/2022 6:13:36 PM,-2.67
10103,4/10/2022 6:13:40 PM,-2.46
10103,4/10/2022 6:13:44 PM,-2.44
10103,4/10/2022 6:13:48 PM,-2.68
10103,4/10/2022 6:13:52 PM,-2.68
10103,4/10/2022 6:13:56 PM,-2.68
10103,4/10/2022 6:14:00 PM,-2.68
10103,4/10/2022 6:14:04 PM,-2.90
10103,4/10/2022 6:14:08 PM,-2.91
10103,4/10/2022 6:14:12 PM,-3.36
10103,4/10/2022 6:14:16 PM,-3.14
10103,4/10/2022 6:14:20 PM,-2.23
10103,4/10/2022 6:14:24 PM,-1.99
10103,4/10/2022 6:14:28 PM,-2.68
10103,4/10/2022 6:14:32 PM,-2.68
10103,4/10/2022 6:14:36 PM,-2.68
10103,4/10/2022 6:14:40 PM,-1.99
10103,4/10/2022 6:14:44 PM,-2.44
10103,4/10/2022 6:14:48 PM,-2.68
10103,4/10/2022 6:14:52 PM,-2.68
10103,4/10/2022 6:14:56 PM,-2.68
10103,4/10/2022 6:15:00 PM,-2.68
10103,4/10/2022 6:15:04 PM,-2.68
10103,4/10/2022 6:15:08 PM,-2.68
10103,4/10/2022 6:15:12 PM,-2.68
10103,4/10/2022 6:15:16 PM,-3.17
10103,4/10/2022 6:15:20 PM,-2.26
10103,4/10/2022 6:15:24 PM,-2.67
10103,4/10/2022 6:15:28 PM,-2.68
10103,4/10/2022 6:15:32 PM,-2.68
10103,4/10/2022 6:15:36 PM,-2.68
10103,4/10/2022 6:15:40 PM,-2.22
10103,4/10/2022 6:15:44 PM,-2.68
10103,4/10/2022 6:15:48 PM,-2.68
10103,4/10/2022 6:15:52 PM,-3.14
10103,4/10/2022 6:15:56 PM,-3.13
10103,4/10/2022 6:16:00 PM,-2.68
10103,4/10/2022 6:16:04 PM,-2.46
10103,4/10/2022 6:16:08 PM,-2.44
10103,4/10/2022 6:16:12 PM,-2.68
10103,4/10/2022 6:16:16 PM,-2.68
10103,4/10/2022 6:16:20 PM,-2.68
10103,4/10/2022 6:16:24 PM,-2.68
10103,4/10/2022 6:16:28 PM,-2.68
10103,4/10/2022 6:16:32 PM,-2.68
10103,4/10/2022 6:16:36 PM,-3.36
10103,4/10/2022 6:16:40 PM,-2.68
10103,4/10/2022 6:16:44 PM,-2.23
10103,4/10/2022 6:16:48 PM,-2.67
10103,4/10/2022 6:16:52 PM,-3.14
10103,4/10/2022 6:16:56 PM,-1.78
10103,4/10/2022 6:17:00 PM,-2.67
10103,4/10/2022 6:17:04 PM,-2.68
10103,4/10/2022 6:17:08 PM,-2.23
10103,4/10/2022 6:17:12 PM,-2.67
10103,4/10/2022 6:17:16 PM,-3.14
10103,4/10/2022 6:17:20 PM,-2.23
10103,4/10/2022 6:17:24 PM,-2.67
10103,4/10/2022 6:17:28 PM,-3.14
10103,4/10/2022 6:17:32 PM,-2.68
10103,4/10/2022 6:17:36 PM,-2.68
10103,4/10/2022 6:17:40 PM,-1.99
10103,4/10/2022 6:17:44 PM,-2.89
10103,4/10/2022 6:17:48 PM,-2.00
10103,4/10/2022 6:17:52 PM,-2.21
10103,4/10/2022 6:17:56 PM,-2.23
10103,4/10/2022 6:18:00 PM,-2.67
10103,4/10/2022 6:18:04 PM,-2.44
10103,4/10/2022 6:18:08 PM,-2.91
10103,4/10/2022 6:18:12 PM,-2.68
10103,4/10/2022 6:18:16 PM,-2.68
10103,4/10/2022 6:18:20 PM,-2.68
10103,4/10/2022 6:18:24 PM,-2.68
10103,4/10/2022 6:18:28 PM,-2.21
10103,4/10/2022 6:18:32 PM,-2.68
10103,4/10/2022 6:18:36 PM,-2.68
10103,4/10/2022 6:18:40 PM,-2.90
10103,4/10/2022 6:18:44 PM,-2.92
10103,4/10/2022 6:18:48 PM,-2.68
10103,4/10/2022 6:18:52 PM,-2.66
10103,4/10/2022 6:18:56 PM,-3.15
10103,4/10/2022 6:19:00 PM,-2.68
10103,4/10/2022 6:19:04 PM,-2.43
10103,4/10/2022 6:19:08 PM,-2.91
10103,4/10/2022 6:19:12 PM,-4.03
10103,4/10/2022 6:19:16 PM,-2.46
10103,4/10/2022 6:19:20 PM,-2.89
10103,4/10/2022 6:19:24 PM,-2.68
10103,4/10/2022 6:19:28 PM,-2.90
10103,4/10/2022 6:19:32 PM,-2.47
10103,4/10/2022 6:19:36 PM,-2.67
10103,4/10/2022 6:19:40 PM,-1.99
10103,4/10/2022 6:19:44 PM,-2.89
10103,4/10/2022 6:19:48 PM,-2.01
10103,4/10/2022 6:19:52 PM,-2.21
10103,4/10/2022 6:19:56 PM,-2.68
10103,4/10/2022 6:20:00 PM,-2.00
10103,4/10/2022 6:20:04 PM,-3.14
10103,4/10/2022 6:20:08 PM,-3.13
10103,4/10/2022 6:20:12 PM,-2.79
10103,4/10/2022 6:20:16 PM,-2.68
10103,4/10/2022 6:20:20 PM,-2.68
10103,4/10/2022 6:20:24 PM,-3.35
10103,4/10/2022 6:20:28 PM,-2.68
10103,4/10/2022 6:20:32 PM,-2.68
10103,4/10/2022 6:20:36 PM,-2.68
10103,4/10/2022 6:20:40 PM,-3.14
10103,4/10/2022 6:20:44 PM,-2.68
10103,4/10/2022 6:20:48 PM,-2.68
10103,4/10/2022 6:20:52 PM,-2.90
10103,4/10/2022 6:20:56 PM,-2.47
10103,4/10/2022 6:21:00 PM,-3.35
10103,4/10/2022 6:21:04 PM,-2.68
10103,4/10/2022 6:21:08 PM,-2.68
10103,4/10/2022 6:21:12 PM,-3.35
10103,4/10/2022 6:21:16 PM,-3.14
10103,4/10/2022 6:21:20 PM,-2.68
10103,4/10/2022 6:21:24 PM,-2.68
10103,4/10/2022 6:21:28 PM,-2.90
10103,4/10/2022 6:21:32 PM,-2.92
10103,4/10/2022 6:21:36 PM,-2.00
10103,4/10/2022 6:21:40 PM,-2.21
10103,4/10/2022 6:21:44 PM,-2.68
10103,4/10/2022 6:21:48 PM,-2.68
10103,4/10/2022 6:21:52 PM,-3.14
10103,4/10/2022 6:21:56 PM,-2.68
10103,4/10/2022 6:22:00 PM,-2.68
10103,4/10/2022 6:22:04 PM,-2.68
10103,4/10/2022 6:22:08 PM,-2.23
10103,4/10/2022 6:22:12 PM,-2.67
10103,4/10/2022 6:22:16 PM,-2.21
10103,4/10/2022 6:22:20 PM,-2.68
10103,4/10/2022 6:22:24 PM,-2.68
10103,4/10/2022 6:22:28 PM,-2.21
10103,4/10/2022 6:22:32 PM,-2.68
10103,4/10/2022 6:22:36 PM,-2.68
10103,4/10/2022 6:22:40 PM,-1.99
10103,4/10/2022 6:22:44 PM,-2.44
10103,4/10/2022 6:22:48 PM,-2.68
10103,4/10/2022 6:22:52 PM,-2.68
10103,4/10/2022 6:22:56 PM,-2.24
10103,4/10/2022 6:23:00 PM,-2.67
10103,4/10/2022 6:23:04 PM,-2.22
10103,4/10/2022 6:23:08 PM,-3.12
10103,4/10/2022 6:23:12 PM,-2.01
10103,4/10/2022 6:23:16 PM,-2.68
10103,4/10/2022 6:23:20 PM,-3.13
10103,4/10/2022 6:23:24 PM,-2.69
10103,4/10/2022 6:23:28 PM,-3.15
10103,4/10/2022 6:23:32 PM,-2.68
10103,4/10/2022 6:23:36 PM,-3.36
10103,4/10/2022 6:23:40 PM,-3.14
10103,4/10/2022 6:23:44 PM,-2.23
10103,4/10/2022 6:23:48 PM,-3.35
10103,4/10/2022 6:23:52 PM,-2.90
10103,4/10/2022 6:23:56 PM,-2.92
10103,4/10/2022 6:24:00 PM,-2.00
10103,4/10/2022 6:24:04 PM,-3.36
10103,4/10/2022 6:24:08 PM,-3.36
10103,4/10/2022 6:24:12 PM,-2.69
10103,4/10/2022 6:24:16 PM,-2.68
10103,4/10/2022 6:24:20 PM,-2.68
10103,4/10/2022 6:24:24 PM,-2.00
10103,4/10/2022 6:24:28 PM,-1.99
10103,4/10/2022 6:24:32 PM,-2.90
10103,4/10/2022 6:24:36 PM,-3.36
10103,4/10/2022 6:24:40 PM,-2.68
10103,4/10/2022 6:24:44 PM,-3.13
10103,4/10/2022 6:24:48 PM,-3.36
10103,4/10/2022 6:24:52 PM,-2.90
10103,4/10/2022 6:24:56 PM,-2.91
10103,4/10/2022 6:25:00 PM,-2.68
10103,4/10/2022 6:25:04 PM,-1.99
10103,4/10/2022 6:25:08 PM,-2.44
10103,4/10/2022 6:25:12 PM,-2.68
10103,4/10/2022 6:25:16 PM,-2.22
10103,4/10/2022 6:25:20 PM,-2.68
10103,4/10/2022 6:25:24 PM,-2.68
10103,4/10/2022 6:25:28 PM,-2.46
10103,4/10/2022 6:25:32 PM,-2.44
10103,4/10/2022 6:25:36 PM,-2.68
10103,4/10/2022 6:25:40 PM,-2.68
10103,4/10/2022 6:25:44 PM,-2.23
10103,4/10/2022 6:25:48 PM,-1.99
10103,4/10/2022 6:25:52 PM,-1.99
10103,4/10/2022 6:25:56 PM,-2.44
10103,4/10/2022 6:26:00 PM,-2.68
10103,4/10/2022 6:26:04 PM,-3.14
10103,4/10/2022 6:26:08 PM,-2.23
10103,4/10/2022 6:26:12 PM,-1.99
10103,4/10/2022 6:26:16 PM,-2.44
10103,4/10/2022 6:26:20 PM,-2.91
10103,4/10/2022 6:26:24 PM,-2.00
10103,4/10/2022 6:26:28 PM,-3.14
10103,4/10/2022 6:26:32 PM,-2.68
10103,4/10/2022 6:26:36 PM,-3.36
10103,4/10/2022 6:26:40 PM,-3.14
10103,4/10/2022 6:26:44 PM,-3.13
10103,4/10/2022 6:26:48 PM,-3.36
10103,4/10/2022 6:26:52 PM,-2.51
10103,4/10/2022 6:26:56 PM,-2.44
10103,4/10/2022 6:27:00 PM,-2.00
10103,4/10/2022 6:27:04 PM,-2.92
10103,4/10/2022 6:27:08 PM,-2.44
10103,4/10/2022 6:27:12 PM,-3.36
10103,4/10/2022 6:27:16 PM,-2.90
10103,4/10/2022 6:27:20 PM,-2.91
10103,4/10/2022 6:27:24 PM,-2.68
10103,4/10/2022 6:27:28 PM,-2.92
10103,4/10/2022 6:27:32 PM,-1.99
10103,4/10/2022 6:27:36 PM,-2.67
10103,4/10/2022 6:27:40 PM,-3.14
10103,4/10/2022 6:27:44 PM,-2.68
10103,4/10/2022 6:27:48 PM,-2.00
10103,4/10/2022 6:27:52 PM,-2.43
10103,4/10/2022 6:27:56 PM,-2.92
10103,4/10/2022 6:28:00 PM,-2.68
10103,4/10/2022 6:28:04 PM,-3.14
10103,4/10/2022 6:28:08 PM,-2.23
10103,4/10/2022 6:28:12 PM,-2.63
10103,4/10/2022 6:28:16 PM,-2.46
10103,4/10/2022 6:28:20 PM,-1.99
10103,4/10/2022 6:28:24 PM,-1.99
10103,4/10/2022 6:28:28 PM,-3.12
10103,4/10/2022 6:28:32 PM,-4.05
10103,4/10/2022 6:28:36 PM,-3.37
10103,4/10/2022 6:28:40 PM,-2.21
10103,4/10/2022 6:28:44 PM,-3.13
10103,4/10/2022 6:28:48 PM,-2.68
10103,4/10/2022 6:28:52 PM,-2.68
10103,4/10/2022 6:28:56 PM,-3.13
10103,4/10/2022 6:29:00 PM,-2.68
10103,4/10/2022 6:29:04 PM,-2.44
10103,4/10/2022 6:29:08 PM,-2.91
10103,4/10/2022 6:29:12 PM,-3.36
10103,4/10/2022 6:29:16 PM,-2.46
10103,4/10/2022 6:29:20 PM,-2.44
10103,4/10/2022 6:29:24 PM,-2.68
10103,4/10/2022 6:29:28 PM,-2.68
10103,4/10/2022 6:29:32 PM,-2.68
10103,4/10/2022 6:29:36 PM,-2.68
10103,4/10/2022 6:29:40 PM,-2.68
10103,4/10/2022 6:29:44 PM,-3.13
10103,4/10/2022 6:29:48 PM,-2.00
10103,4/10/2022 6:29:52 PM,-3.83
10103,4/10/2022 6:29:56 PM,-2.47
10103,4/10/2022 6:30:00 PM,-2.67
10103,4/10/2022 6:30:04 PM,-3.14
10103,4/10/2022 6:30:08 PM,-3.13
10103,4/10/2022 6:30:12 PM,-2.69
10103,4/10/2022 6:30:16 PM,-3.61
10103,4/10/2022 6:30:20 PM,-3.13
10103,4/10/2022 6:30:24 PM,-2.00
10103,4/10/2022 6:30:28 PM,-3.14
10103,4/10/2022 6:30:32 PM,-2.23
10103,4/10/2022 6:30:36 PM,-2.67
10103,4/10/2022 6:30:40 PM,-2.68
10103,4/10/2022 6:30:44 PM,-2.23
10103,4/10/2022 6:30:48 PM,-2.67
10103,4/10/2022 6:30:52 PM,-3.17
10103,4/10/2022 6:30:56 PM,-2.68
10103,4/10/2022 6:31:00 PM,-2.68
10103,4/10/2022 6:31:04 PM,-2.22
10103,4/10/2022 6:31:08 PM,-2.68
10103,4/10/2022 6:31:12 PM,-2.68
10103,4/10/2022 6:31:16 PM,-1.99
10103,4/10/2022 6:31:20 PM,-2.89
10103,4/10/2022 6:31:24 PM,-2.68
10103,4/10/2022 6:31:28 PM,-2.93
10103,4/10/2022 6:31:32 PM,-2.44
10103,4/10/2022 6:31:36 PM,-2.68
10103,4/10/2022 6:31:40 PM,-2.46
10103,4/10/2022 6:31:44 PM,-2.41
10103,4/10/2022 6:31:48 PM,-2.68
10103,4/10/2022 6:31:52 PM,-2.21
10103,4/10/2022 6:31:56 PM,-2.68
10103,4/10/2022 6:32:00 PM,-2.68
10103,4/10/2022 6:32:04 PM,-2.22
10103,4/10/2022 6:32:08 PM,-2.68
10103,4/10/2022 6:32:12 PM,-2.00
10103,4/10/2022 6:32:16 PM,-2.68
10103,4/10/2022 6:32:20 PM,-2.68
10103,4/10/2022 6:32:24 PM,-2.68
10103,4/10/2022 6:32:28 PM,-2.46
10103,4/10/2022 6:32:32 PM,-2.44
10103,4/10/2022 6:32:36 PM,-2.68
10103,4/10/2022 6:32:40 PM,-2.68
10103,4/10/2022 6:32:44 PM,-2.68
10103,4/10/2022 6:32:48 PM,-3.36
10103,4/10/2022 6:32:52 PM,-2.68
10103,4/10/2022 6:32:56 PM,-3.11
10103,4/10/2022 6:33:00 PM,-1.33
10103,4/10/2022 6:33:04 PM,-2.46
10103,4/10/2022 6:33:08 PM,-1.99
10103,4/10/2022 6:33:12 PM,-3.33
10103,4/10/2022 6:33:16 PM,-2.92
10103,4/10/2022 6:33:20 PM,-2.43
10103,4/10/2022 6:33:24 PM,-2.68
10103,4/10/2022 6:33:28 PM,-2.68
10103,4/10/2022 6:33:32 PM,-2.68
10103,4/10/2022 6:33:36 PM,-2.68
10103,4/10/2022 6:33:40 PM,-2.68
10103,4/10/2022 6:33:44 PM,-3.13
10103,4/10/2022 6:33:48 PM,-2.68
10103,4/10/2022 6:33:52 PM,-2.46
10103,4/10/2022 6:33:56 PM,-1.99
10103,4/10/2022 6:34:00 PM,-3.35
10103,4/10/2022 6:34:04 PM,-2.68
10103,4/10/2022 6:34:08 PM,-2.68
10103,4/10/2022 6:34:12 PM,-3.35
10103,4/10/2022 6:34:16 PM,-2.68
10103,4/10/2022 6:34:20 PM,-2.68
10103,4/10/2022 6:34:24 PM,-2.00
10103,4/10/2022 6:34:28 PM,-2.93
10103,4/10/2022 6:34:32 PM,-2.44
10103,4/10/2022 6:34:36 PM,-2.00
10103,4/10/2022 6:34:40 PM,-3.14
10103,4/10/2022 6:34:44 PM,-2.23
10103,4/10/2022 6:34:48 PM,-3.35
10103,4/10/2022 6:34:52 PM,-2.46
10103,4/10/2022 6:34:56 PM,-2.76
10103,4/10/2022 6:35:00 PM,-3.36
10103,4/10/2022 6:35:04 PM,-2.68
10103,4/10/2022 6:35:08 PM,-2.23
10103,4/10/2022 6:35:12 PM,-2.67
10103,4/10/2022 6:35:16 PM,-2.90
10103,4/10/2022 6:35:20 PM,-2.46
10103,4/10/2022 6:35:24 PM,-2.67
10103,4/10/2022 6:35:28 PM,-1.99
10103,4/10/2022 6:35:32 PM,-2.44
10103,4/10/2022 6:35:36 PM,-2.68
10103,4/10/2022 6:35:40 PM,-2.90
10103,4/10/2022 6:35:44 PM,-2.92
10103,4/10/2022 6:35:48 PM,-2.68
10103,4/10/2022 6:35:52 PM,-2.21
10103,4/10/2022 6:35:56 PM,-2.68
10103,4/10/2022 6:36:00 PM,-2.68
10103,4/10/2022 6:36:04 PM,-2.68
10103,4/10/2022 6:36:08 PM,-2.68
10103,4/10/2022 6:36:12 PM,-2.00
10103,4/10/2022 6:36:16 PM,-3.14
10103,4/10/2022 6:36:20 PM,-2.23
10103,4/10/2022 6:36:24 PM,-2.67
10103,4/10/2022 6:36:28 PM,-3.14
10103,4/10/2022 6:36:32 PM,-2.68
10103,4/10/2022 6:36:36 PM,-2.00
10103,4/10/2022 6:36:40 PM,-2.68
10103,4/10/2022 6:36:44 PM,-2.68
10103,4/10/2022 6:36:48 PM,-2.68
10103,4/10/2022 6:36:52 PM,-2.68
10103,4/10/2022 6:36:56 PM,-2.24
10103,4/10/2022 6:37:00 PM,-2.67
10103,4/10/2022 6:37:04 PM,-1.75
10103,4/10/2022 6:37:08 PM,-2.68
10103,4/10/2022 6:37:12 PM,-2.68
10103,4/10/2022 6:37:16 PM,-1.99
10103,4/10/2022 6:37:20 PM,-2.89
10103,4/10/2022 6:37:24 PM,-2.01
10103,4/10/2022 6:37:28 PM,-1.99
10103,4/10/2022 6:37:32 PM,-2.89
10103,4/10/2022 6:37:36 PM,-2.69
10103,4/10/2022 6:37:40 PM,-2.46
10103,4/10/2022 6:37:44 PM,-2.44
10103,4/10/2022 6:37:48 PM,-2.68
10103,4/10/2022 6:37:52 PM,-2.90
10103,4/10/2022 6:37:56 PM,-2.92
10103,4/10/2022 6:38:00 PM,-2.00
10103,4/10/2022 6:38:04 PM,-2.68
10103,4/10/2022 6:38:08 PM,-2.23
10103,4/10/2022 6:38:12 PM,-3.34
10103,4/10/2022 6:38:16 PM,-2.68
10103,4/10/2022 6:38:20 PM,-2.68
10103,4/10/2022 6:38:24 PM,-3.36
10103,4/10/2022 6:38:28 PM,-2.46
10103,4/10/2022 6:38:32 PM,-2.44
10103,4/10/2022 6:38:36 PM,-2.00
10103,4/10/2022 6:38:40 PM,-2.68
10103,4/10/2022 6:38:44 PM,-2.68
10103,4/10/2022 6:38:48 PM,-2.68
10103,4/10/2022 6:38:52 PM,-2.21
10103,4/10/2022 6:38:56 PM,-2.68
10103,4/10/2022 6:39:00 PM,-2.68
10103,4/10/2022 6:39:04 PM,-2.92
10103,4/10/2022 6:39:08 PM,-2.44
10103,4/10/2022 6:39:12 PM,-2.68
10103,4/10/2022 6:39:16 PM,-2.46
10103,4/10/2022 6:39:20 PM,-2.90
10103,4/10/2022 6:39:24 PM,-2.68
10103,4/10/2022 6:39:28 PM,-2.92
10103,4/10/2022 6:39:32 PM,-1.99
10103,4/10/2022 6:39:36 PM,-2.68
10103,4/10/2022 6:39:40 PM,-2.46
10103,4/10/2022 6:39:44 PM,-2.89
10103,4/10/2022 6:39:48 PM,-2.68
10103,4/10/2022 6:39:52 PM,-3.15
10103,4/10/2022 6:39:56 PM,-3.13
10103,4/10/2022 6:40:00 PM,-2.68
10103,4/10/2022 6:40:04 PM,-2.22
10103,4/10/2022 6:40:08 PM,-2.23
10103,4/10/2022 6:40:12 PM,-2.67
10103,4/10/2022 6:40:16 PM,-1.99
10103,4/10/2022 6:40:20 PM,-2.89
10103,4/10/2022 6:40:24 PM,-2.00
10103,4/10/2022 6:40:28 PM,-2.87
10103,4/10/2022 6:40:32 PM,-3.36
10103,4/10/2022 6:40:36 PM,-2.68
10103,4/10/2022 6:40:40 PM,-2.46
10103,4/10/2022 6:40:44 PM,-2.44
10103,4/10/2022 6:40:48 PM,-2.68
10103,4/10/2022 6:40:52 PM,-2.44
10103,4/10/2022 6:40:56 PM,-3.36
10103,4/10/2022 6:41:00 PM,-2.68
10103,4/10/2022 6:41:04 PM,-1.99
10103,4/10/2022 6:41:08 PM,-1.99
10103,4/10/2022 6:41:12 PM,-3.35
10103,4/10/2022 6:41:16 PM,-3.14
10103,4/10/2022 6:41:20 PM,-2.68
10103,4/10/2022 6:41:24 PM,-2.68
10103,4/10/2022 6:41:28 PM,-2.68
10103,4/10/2022 6:41:32 PM,-2.68
10103,4/10/2022 6:41:36 PM,-3.36
10103,4/10/2022 6:41:40 PM,-1.99
10103,4/10/2022 6:41:44 PM,-2.89
10103,4/10/2022 6:41:48 PM,-2.00
10103,4/10/2022 6:41:52 PM,-2.68
10103,4/10/2022 6:41:56 PM,-2.23
10103,4/10/2022 6:42:00 PM,-1.99
10103,4/10/2022 6:42:04 PM,-2.68
10103,4/10/2022 6:42:08 PM,-2.68
10103,4/10/2022 6:42:12 PM,-3.36
10103,4/10/2022 6:42:16 PM,-2.68
10103,4/10/2022 6:42:20 PM,-3.13
10103,4/10/2022 6:42:24 PM,-2.68
10103,4/10/2022 6:42:28 PM,-2.90
10103,4/10/2022 6:42:32 PM,-2.91
10103,4/10/2022 6:42:36 PM,-2.68
10103,4/10/2022 6:42:40 PM,-2.90
10103,4/10/2022 6:42:44 PM,-3.36
10103,4/10/2022 6:42:48 PM,-2.68
10103,4/10/2022 6:42:52 PM,-3.14
10103,4/10/2022 6:42:56 PM,-2.68
10103,4/10/2022 6:43:00 PM,-2.68
10103,4/10/2022 6:43:04 PM,-2.90
10103,4/10/2022 6:43:08 PM,-2.91
10103,4/10/2022 6:43:12 PM,-2.00
10103,4/10/2022 6:43:16 PM,-2.46
10103,4/10/2022 6:43:20 PM,-2.44
10103,4/10/2022 6:43:24 PM,-2.68
10103,4/10/2022 6:43:28 PM,-2.46
10103,4/10/2022 6:43:32 PM,-2.89
10103,4/10/2022 6:43:36 PM,-2.68
10103,4/10/2022 6:43:40 PM,-2.92
10103,4/10/2022 6:43:44 PM,-2.44
10103,4/10/2022 6:43:48 PM,-3.36
10103,4/10/2022 6:43:52 PM,-2.68
10103,4/10/2022 6:43:56 PM,-2.23
10103,4/10/2022 6:44:00 PM,-2.67
10103,4/10/2022 6:44:04 PM,-2.90
10103,4/10/2022 6:44:08 PM,-2.91
10103,4/10/2022 6:44:12 PM,-2.68
10103,4/10/2022 6:44:16 PM,-2.21
10103,4/10/2022 6:44:20 PM,-2.68
10103,4/10/2022 6:44:24 PM,-2.68
10103,4/10/2022 6:44:28 PM,-2.68
10103,4/10/2022 6:44:32 PM,-2.68
10103,4/10/2022 6:44:36 PM,-3.36
10103,4/10/2022 6:44:40 PM,-2.46
10103,4/10/2022 6:44:44 PM,-1.99
10103,4/10/2022 6:44:48 PM,-2.67
10103,4/10/2022 6:44:52 PM,-2.68
10103,4/10/2022 6:44:56 PM,-3.13
10103,4/10/2022 6:45:00 PM,-2.68
10103,4/10/2022 6:45:04 PM,-2.68
10103,4/10/2022 6:45:08 PM,-2.23
10103,4/10/2022 6:45:12 PM,-3.35
10103,4/10/2022 6:45:16 PM,-3.14
10103,4/10/2022 6:45:20 PM,-2.23
10103,4/10/2022 6:45:24 PM,-2.67
10103,4/10/2022 6:45:28 PM,-2.46
10103,4/10/2022 6:45:32 PM,-2.89
10103,4/10/2022 6:45:36 PM,-2.68
10103,4/10/2022 6:45:40 PM,-2.68
10103,4/10/2022 6:45:44 PM,-2.23
10103,4/10/2022 6:45:48 PM,-2.67
10103,4/10/2022 6:45:52 PM,-2.68
10103,4/10/2022 6:45:56 PM,-3.57
10103,4/10/2022 6:46:00 PM,-2.70
10103,4/10/2022 6:46:04 PM,-2.68
10103,4/10/2022 6:46:08 PM,-2.68
10103,4/10/2022 6:46:12 PM,-2.01
10103,4/10/2022 6:46:16 PM,-3.14
10103,4/10/2022 6:46:20 PM,-2.23
10103,4/10/2022 6:46:24 PM,-3.35
10103,4/10/2022 6:46:28 PM,-2.68
10103,4/10/2022 6:46:32 PM,-3.58
10103,4/10/2022 6:46:36 PM,-2.69
10103,4/10/2022 6:46:40 PM,-3.14
10103,4/10/2022 6:46:44 PM,-3.13
10103,4/10/2022 6:46:48 PM,-3.36
10103,4/10/2022 6:46:52 PM,-3.14
10103,4/10/2022 6:46:56 PM,-2.68
10103,4/10/2022 6:47:00 PM,-2.68
10103,4/10/2022 6:47:04 PM,-2.15
10103,4/10/2022 6:47:08 PM,-3.13
10103,4/10/2022 6:47:12 PM,-3.36
10103,4/10/2022 6:47:16 PM,-2.22
10103,4/10/2022 6:47:20 PM,-3.13
10103,4/10/2022 6:47:24 PM,-2.68
10103,4/10/2022 6:47:28 PM,-3.11
10103,4/10/2022 6:47:32 PM,-3.15
10103,4/10/2022 6:47:36 PM,-2.68
10103,4/10/2022 6:47:40 PM,-2.68
10103,4/10/2022 6:47:44 PM,-2.23
10103,4/10/2022 6:47:48 PM,-2.67
10103,4/10/2022 6:47:52 PM,-2.46
10103,4/10/2022 6:47:56 PM,-1.99
10103,4/10/2022 6:48:00 PM,-1.99
10103,4/10/2022 6:48:04 PM,-2.68
10103,4/10/2022 6:48:08 PM,-2.68
10103,4/10/2022 6:48:12 PM,-2.68
10103,4/10/2022 6:48:16 PM,-3.14
10103,4/10/2022 6:48:20 PM,-2.68
10103,4/10/2022 6:48:24 PM,-2.68
10103,4/10/2022 6:48:28 PM,-2.43
10103,4/10/2022 6:48:32 PM,-2.92
10103,4/10/2022 6:48:36 PM,-2.68
10103,4/10/2022 6:48:40 PM,-2.46
10103,4/10/2022 6:48:44 PM,-2.44
10103,4/10/2022 6:48:48 PM,-2.00
10103,4/10/2022 6:48:52 PM,-2.68
10103,4/10/2022 6:48:56 PM,-3.12
10103,4/10/2022 6:49:00 PM,-3.36
10103,4/10/2022 6:49:04 PM,-2.22
10103,4/10/2022 6:49:08 PM,-2.68
10103,4/10/2022 6:49:12 PM,-2.68
10103,4/10/2022 6:49:16 PM,-2.22
10103,4/10/2022 6:49:20 PM,-2.68
10103,4/10/2022 6:49:24 PM,-3.36
10103,4/10/2022 6:49:28 PM,-3.36
10103,4/10/2022 6:49:32 PM,-2.91
10103,4/10/2022 6:49:36 PM,-2.68
10103,4/10/2022 6:49:40 PM,-2.92
10103,4/10/2022 6:49:44 PM,-2.89
10103,4/10/2022 6:49:48 PM,-3.36
10103,4/10/2022 6:49:52 PM,-3.60
10103,4/10/2022 6:49:56 PM,-2.23
10103,4/10/2022 6:50:00 PM,-2.67
10103,4/10/2022 6:50:04 PM,-2.46
10103,4/10/2022 6:50:08 PM,-2.45
10103,4/10/2022 6:50:12 PM,-2.68
10103,4/10/2022 6:50:16 PM,-2.68
10103,4/10/2022 6:50:20 PM,-2.68
10103,4/10/2022 6:50:24 PM,-3.36
10103,4/10/2022 6:50:28 PM,-3.14
10103,4/10/2022 6:50:32 PM,-2.68
10103,4/10/2022 6:50:36 PM,-2.00
10103,4/10/2022 6:50:40 PM,-3.14
10103,4/10/2022 6:50:44 PM,-2.23
10103,4/10/2022 6:50:48 PM,-2.67
10103,4/10/2022 6:50:52 PM,-2.90
10103,4/10/2022 6:50:56 PM,-2.91
10103,4/10/2022 6:51:00 PM,-3.36
10103,4/10/2022 6:51:04 PM,-2.86
10103,4/10/2022 6:51:08 PM,-2.58
10103,4/10/2022 6:51:12 PM,-3.35
10103,4/10/2022 6:51:16 PM,-3.36
10103,4/10/2022 6:51:20 PM,-2.46
10103,4/10/2022 6:51:24 PM,-1.99
10103,4/10/2022 6:51:28 PM,-3.14
10103,4/10/2022 6:51:32 PM,-2.68
10103,4/10/2022 6:51:36 PM,-2.00
10103,4/10/2022 6:51:40 PM,-2.22
10103,4/10/2022 6:51:44 PM,-2.68
10103,4/10/2022 6:51:48 PM,-2.00
10103,4/10/2022 6:51:52 PM,-2.46
10103,4/10/2022 6:51:56 PM,-1.99
10103,4/10/2022 6:52:00 PM,-2.67
10103,4/10/2022 6:52:04 PM,-2.92
10103,4/10/2022 6:52:08 PM,-2.90
10103,4/10/2022 6:52:12 PM,-2.01
10103,4/10/2022 6:52:16 PM,-2.68
10103,4/10/2022 6:52:20 PM,-2.68
10103,4/10/2022 6:52:24 PM,-2.68
10103,4/10/2022 6:52:28 PM,-2.43
10103,4/10/2022 6:52:32 PM,-2.46
10103,4/10/2022 6:52:36 PM,-2.67
10103,4/10/2022 6:52:40 PM,-3.14
10103,4/10/2022 6:52:44 PM,-2.68
10103,4/10/2022 6:52:48 PM,-2.00
10103,4/10/2022 6:52:52 PM,-2.90
10103,4/10/2022 6:52:56 PM,-3.36
10103,4/10/2022 6:53:00 PM,-3.36
10103,4/10/2022 6:53:04 PM,-2.18
10103,4/10/2022 6:53:08 PM,-2.68
10103,4/10/2022 6:53:12 PM,-2.68
10103,4/10/2022 6:53:16 PM,-1.99
10103,4/10/2022 6:53:20 PM,-1.99
10103,4/10/2022 6:53:24 PM,-1.31
10103,4/10/2022 6:53:28 PM,-2.68
10103,4/10/2022 6:53:32 PM,-2.68
10103,4/10/2022 6:53:36 PM,-2.68
10103,4/10/2022 6:53:40 PM,-1.99
10103,4/10/2022 6:53:44 PM,-1.99
10103,4/10/2022 6:53:48 PM,-1.99
10103,4/10/2022 6:53:52 PM,-2.68
10103,4/10/2022 6:53:56 PM,-2.24
10103,4/10/2022 6:54:00 PM,-1.99
10103,4/10/2022 6:54:04 PM,-2.68
10103,4/10/2022 6:54:08 PM,-2.68
10103,4/10/2022 6:54:12 PM,-2.00
10103,4/10/2022 6:54:16 PM,-3.14
10103,4/10/2022 6:54:20 PM,-2.23
10103,4/10/2022 6:54:24 PM,-2.67
10103,4/10/2022 6:54:28 PM,-2.21
10103,4/10/2022 6:54:32 PM,-2.68
10103,4/10/2022 6:54:36 PM,-2.00
10103,4/10/2022 6:54:40 PM,-2.68
10103,4/10/2022 6:54:44 PM,-2.68
10103,4/10/2022 6:54:48 PM,-3.36
10103,4/10/2022 6:54:52 PM,-2.46
10103,4/10/2022 6:54:56 PM,-2.44
10103,4/10/2022 6:55:00 PM,-2.68
10103,4/10/2022 6:55:04 PM,-2.68
10103,4/10/2022 6:55:08 PM,-3.13
10103,4/10/2022 6:55:12 PM,-2.69
10103,4/10/2022 6:55:16 PM,-2.68
10103,4/10/2022 6:55:20 PM,-2.68
10103,4/10/2022 6:55:24 PM,-2.00
10103,4/10/2022 6:55:28 PM,-1.99
10103,4/10/2022 6:55:32 PM,-1.99
10103,4/10/2022 6:55:36 PM,-2.63
10103,4/10/2022 6:55:40 PM,-3.36
10103,4/10/2022 6:55:44 PM,-2.47
10103,4/10/2022 6:55:48 PM,-2.67
10103,4/10/2022 6:55:52 PM,-2.21
10103,4/10/2022 6:55:56 PM,-2.68
10103,4/10/2022 6:56:00 PM,-2.68
10103,4/10/2022 6:56:04 PM,-2.46
10103,4/10/2022 6:56:08 PM,-2.89
10103,4/10/2022 6:56:12 PM,-2.69
10103,4/10/2022 6:56:16 PM,-2.46
10103,4/10/2022 6:56:20 PM,-2.44
10103,4/10/2022 6:56:24 PM,-2.68
10103,4/10/2022 6:56:28 PM,-2.68
10103,4/10/2022 6:56:32 PM,-2.23
10103,4/10/2022 6:56:36 PM,-3.35
10103,4/10/2022 6:56:40 PM,-1.99
10103,4/10/2022 6:56:44 PM,-2.44
10103,4/10/2022 6:56:48 PM,-2.68
10103,4/10/2022 6:56:52 PM,-2.46
10103,4/10/2022 6:56:56 PM,-2.44
10103,4/10/2022 6:57:00 PM,-2.00
10103,4/10/2022 6:57:04 PM,-2.49
10103,4/10/2022 6:57:08 PM,-2.38
10103,4/10/2022 6:57:12 PM,-2.68
10103,4/10/2022 6:57:16 PM,-2.21
10103,4/10/2022 6:57:20 PM,-2.25
10103,4/10/2022 6:57:24 PM,-2.67
10103,4/10/2022 6:57:28 PM,-2.21
10103,4/10/2022 6:57:32 PM,-2.23
10103,4/10/2022 6:57:36 PM,-2.67
10103,4/10/2022 6:57:40 PM,-2.68
10103,4/10/2022 6:57:44 PM,-2.68
10103,4/10/2022 6:57:48 PM,-2.68
10103,4/10/2022 6:57:52 PM,-2.46
10103,4/10/2022 6:57:56 PM,-2.44
10103,4/10/2022 6:58:00 PM,-3.36
10103,4/10/2022 6:58:04 PM,-2.46
10103,4/10/2022 6:58:08 PM,-2.44
10103,4/10/2022 6:58:12 PM,-2.68
10103,4/10/2022 6:58:16 PM,-2.68
10103,4/10/2022 6:58:20 PM,-2.68
10103,4/10/2022 6:58:24 PM,-2.68
10103,4/10/2022 6:58:28 PM,-2.68
10103,4/10/2022 6:58:32 PM,-2.68
10103,4/10/2022 6:58:36 PM,-2.68
10103,4/10/2022 6:58:40 PM,-2.90
10103,4/10/2022 6:58:44 PM,-2.92
10103,4/10/2022 6:58:48 PM,-2.68
10103,4/10/2022 6:58:52 PM,-2.43
10103,4/10/2022 6:58:56 PM,-2.92
10103,4/10/2022 6:59:00 PM,-3.36
10103,4/10/2022 6:59:04 PM,-2.46
10103,4/10/2022 6:59:08 PM,-2.44
10103,4/10/2022 6:59:12 PM,-2.68
10103,4/10/2022 6:59:16 PM,-2.68
10103,4/10/2022 6:59:20 PM,-3.13
10103,4/10/2022 6:59:24 PM,-2.69
10103,4/10/2022 6:59:28 PM,-1.99
10103,4/10/2022 6:59:32 PM,-2.44
10103,4/10/2022 6:59:36 PM,-2.68
10103,4/10/2022 6:59:40 PM,-2.68
10103,4/10/2022 6:59:44 PM,-2.23
10103,4/10/2022 6:59:48 PM,-1.99
10103,4/10/2022 6:59:52 PM,-2.46
10103,4/10/2022 6:59:56 PM,-2.44
10103,4/10/2022 7:00:00 PM,-2.68
10103,4/10/2022 7:00:04 PM,-2.68
10103,4/10/2022 7:00:08 PM,-2.68
10103,4/10/2022 7:00:12 PM,-2.68
10103,4/10/2022 7:00:16 PM,-2.90
10103,4/10/2022 7:00:20 PM,-2.92
10103,4/10/2022 7:00:24 PM,-2.00
10103,4/10/2022 7:00:28 PM,-2.68
10103,4/10/2022 7:00:32 PM,-2.68
10103,4/10/2022 7:00:36 PM,-2.00
10103,4/10/2022 7:00:40 PM,-2.68
10103,4/10/2022 7:00:44 PM,-2.68
10103,4/10/2022 7:00:48 PM,-2.68
10103,4/10/2022 7:00:52 PM,-2.21
10103,4/10/2022 7:00:56 PM,-2.68
10103,4/10/2022 7:01:00 PM,-2.68
10103,4/10/2022 7:01:04 PM,-2.21
10103,4/10/2022 7:01:08 PM,-3.13
10103,4/10/2022 7:01:12 PM,-2.69
10103,4/10/2022 7:01:16 PM,-2.68
10103,4/10/2022 7:01:20 PM,-2.68
10103,4/10/2022 7:01:24 PM,-2.68
10103,4/10/2022 7:01:28 PM,-2.68
10103,4/10/2022 7:01:32 PM,-2.68
10103,4/10/2022 7:01:36 PM,-2.07
10103,4/10/2022 7:01:40 PM,-1.99
10103,4/10/2022 7:01:44 PM,-2.44
10103,4/10/2022 7:01:48 PM,-2.06
10103,4/10/2022 7:01:52 PM,-2.68
10103,4/10/2022 7:01:56 PM,-2.23
10103,4/10/2022 7:02:00 PM,-2.67
10103,4/10/2022 7:02:04 PM,-2.68
10103,4/10/2022 7:02:08 PM,-2.23
10103,4/10/2022 7:02:12 PM,-2.67
10103,4/10/2022 7:02:16 PM,-2.46
10103,4/10/2022 7:02:20 PM,-2.44
10103,4/10/2022 7:02:24 PM,-2.00
10103,4/10/2022 7:02:28 PM,-2.68
10103,4/10/2022 7:02:32 PM,-2.23
10103,4/10/2022 7:02:36 PM,-1.99
10103,4/10/2022 7:02:40 PM,-2.68
10103,4/10/2022 7:02:44 PM,-2.68
10103,4/10/2022 7:02:48 PM,-2.00
10103,4/10/2022 7:02:52 PM,-2.43
10103,4/10/2022 7:02:56 PM,-2.91
10103,4/10/2022 7:03:00 PM,-2.68
10103,4/10/2022 7:03:04 PM,-2.46
10103,4/10/2022 7:03:08 PM,-2.89
10103,4/10/2022 7:03:12 PM,-2.79
10103,4/10/2022 7:03:16 PM,-1.99
10103,4/10/2022 7:03:20 PM,-2.89
10103,4/10/2022 7:03:24 PM,-2.70
10103,4/10/2022 7:03:28 PM,-1.99
10103,4/10/2022 7:03:32 PM,-1.99
10103,4/10/2022 7:03:36 PM,-2.67
10103,4/10/2022 7:03:40 PM,-2.46
10103,4/10/2022 7:03:44 PM,-2.44
10103,4/10/2022 7:03:48 PM,-2.00
10103,4/10/2022 7:03:52 PM,-2.68
10103,4/10/2022 7:03:56 PM,-2.23
10103,4/10/2022 7:04:00 PM,-1.99
10103,4/10/2022 7:04:04 PM,-2.46
10103,4/10/2022 7:04:08 PM,-2.44
10103,4/10/2022 7:04:12 PM,-2.00
10103,4/10/2022 7:04:16 PM,-2.92
10103,4/10/2022 7:04:20 PM,-2.90
10103,4/10/2022 7:04:24 PM,-3.36
10103,4/10/2022 7:04:28 PM,-2.46
10103,4/10/2022 7:04:32 PM,-2.45
10103,4/10/2022 7:04:36 PM,-2.68
10103,4/10/2022 7:04:40 PM,-1.99
10103,4/10/2022 7:04:44 PM,-1.99
10103,4/10/2022 7:04:48 PM,-2.68
10103,4/10/2022 7:04:52 PM,-2.68
10103,4/10/2022 7:04:56 PM,-3.13
10103,4/10/2022 7:05:00 PM,-3.36
10103,4/10/2022 7:05:04 PM,-2.46
10103,4/10/2022 7:05:08 PM,-2.44
10103,4/10/2022 7:05:12 PM,-2.68
10103,4/10/2022 7:05:16 PM,-3.14
10103,4/10/2022 7:05:20 PM,-2.23
10103,4/10/2022 7:05:24 PM,-1.99
10103,4/10/2022 7:05:28 PM,-3.14
10103,4/10/2022 7:05:32 PM,-2.68
10103,4/10/2022 7:05:36 PM,-2.00
10103,4/10/2022 7:05:40 PM,-2.22
10103,4/10/2022 7:05:44 PM,-2.68
10103,4/10/2022 7:05:48 PM,-2.68
10103,4/10/2022 7:05:52 PM,-2.68
10103,4/10/2022 7:05:56 PM,-2.23
10103,4/10/2022 7:06:00 PM,-2.67
10103,4/10/2022 7:06:04 PM,-2.46
10103,4/10/2022 7:06:08 PM,-1.99
10103,4/10/2022 7:06:12 PM,-2.67
10103,4/10/2022 7:06:16 PM,-3.36
10103,4/10/2022 7:06:20 PM,-2.91
10103,4/10/2022 7:06:24 PM,-2.68
10103,4/10/2022 7:06:28 PM,-2.68
10103,4/10/2022 7:06:32 PM,-2.68
10103,4/10/2022 7:06:36 PM,-2.00
10103,4/10/2022 7:06:40 PM,-2.90
10103,4/10/2022 7:06:44 PM,-2.91
10103,4/10/2022 7:06:48 PM,-2.68
10103,4/10/2022 7:06:52 PM,-2.21
10103,4/10/2022 7:06:56 PM,-2.68
10103,4/10/2022 7:07:00 PM,-2.68
10103,4/10/2022 7:07:04 PM,-1.75
10103,4/10/2022 7:07:08 PM,-2.68
10103,4/10/2022 7:07:12 PM,-2.00
10103,4/10/2022 7:07:16 PM,-2.68
10103,4/10/2022 7:07:20 PM,-2.23
10103,4/10/2022 7:07:24 PM,-1.99
10103,4/10/2022 7:07:28 PM,-1.99
10103,4/10/2022 7:07:32 PM,-2.44
10103,4/10/2022 7:07:36 PM,-2.00
10103,4/10/2022 7:07:40 PM,-2.46
10103,4/10/2022 7:07:44 PM,-1.99
10103,4/10/2022 7:07:48 PM,-1.99
10103,4/10/2022 7:07:52 PM,-1.99
10103,4/10/2022 7:07:56 PM,-1.99
10103,4/10/2022 7:08:00 PM,-1.99
10103,4/10/2022 7:08:04 PM,-3.14
10103,4/10/2022 7:08:08 PM,-2.68
10103,4/10/2022 7:08:12 PM,-2.68
10103,4/10/2022 7:08:16 PM,-2.21
10103,4/10/2022 7:08:20 PM,-2.68
10103,4/10/2022 7:08:24 PM,-2.68
10103,4/10/2022 7:08:28 PM,-2.68
10103,4/10/2022 7:08:32 PM,-2.23
10103,4/10/2022 7:08:36 PM,-2.67
10103,4/10/2022 7:08:40 PM,-2.68
10103,4/10/2022 7:08:44 PM,-2.68
10103,4/10/2022 7:08:48 PM,-2.68
10103,4/10/2022 7:08:52 PM,-1.99
10103,4/10/2022 7:08:56 PM,-2.44
10103,4/10/2022 7:09:00 PM,-2.68
10103,4/10/2022 7:09:04 PM,-2.68
10103,4/10/2022 7:09:08 PM,-2.68
10103,4/10/2022 7:09:12 PM,-3.35
10103,4/10/2022 7:09:16 PM,-2.90
10103,4/10/2022 7:09:20 PM,-2.91
10103,4/10/2022 7:09:24 PM,-2.00
10103,4/10/2022 7:09:28 PM,-2.90
10103,4/10/2022 7:09:32 PM,-2.91
10103,4/10/2022 7:09:36 PM,-2.00
10103,4/10/2022 7:09:40 PM,-2.90
10103,4/10/2022 7:09:44 PM,-2.91
10103,4/10/2022 7:09:48 PM,-2.68
10103,4/10/2022 7:09:52 PM,-2.21
10103,4/10/2022 7:09:56 PM,-2.23
10103,4/10/2022 7:10:00 PM,-2.67
10103,4/10/2022 7:10:04 PM,-1.99
10103,4/10/2022 7:10:08 PM,-2.44
10103,4/10/2022 7:10:12 PM,-2.00
10103,4/10/2022 7:10:16 PM,-2.46
10103,4/10/2022 7:10:20 PM,-1.99
10103,4/10/2022 7:10:24 PM,-1.99
10103,4/10/2022 7:10:28 PM,-1.99
10103,4/10/2022 7:10:32 PM,-2.44
10103,4/10/2022 7:10:36 PM,-2.00
10103,4/10/2022 7:10:40 PM,-2.93
10103,4/10/2022 7:10:44 PM,-1.99
10103,4/10/2022 7:10:48 PM,-1.99
10103,4/10/2022 7:10:52 PM,-2.22
10103,4/10/2022 7:10:56 PM,-2.68
10103,4/10/2022 7:11:00 PM,-2.68
10103,4/10/2022 7:11:04 PM,-2.90
10103,4/10/2022 7:11:08 PM,-3.36
10103,4/10/2022 7:11:12 PM,-2.69
10103,4/10/2022 7:11:16 PM,-2.68
10103,4/10/2022 7:11:20 PM,-2.68
10103,4/10/2022 7:11:24 PM,-2.00
10103,4/10/2022 7:11:28 PM,-1.99
10103,4/10/2022 7:11:32 PM,-2.44
10103,4/10/2022 7:11:36 PM,-2.00
10103,4/10/2022 7:11:40 PM,-2.21
10103,4/10/2022 7:11:44 PM,-2.68
10103,4/10/2022 7:11:48 PM,-2.68
10103,4/10/2022 7:11:52 PM,-2.46
10103,4/10/2022 7:11:56 PM,-1.55
10103,4/10/2022 7:12:00 PM,-2.66
10103,4/10/2022 7:12:04 PM,-2.46
10103,4/10/2022 7:12:08 PM,-2.44
10103,4/10/2022 7:12:12 PM,-2.68
10103,4/10/2022 7:12:16 PM,-2.68
10103,4/10/2022 7:12:20 PM,-2.23
10103,4/10/2022 7:12:24 PM,-2.67
10103,4/10/2022 7:12:28 PM,-2.43
10103,4/10/2022 7:12:32 PM,-2.47
10103,4/10/2022 7:12:36 PM,-3.35
10103,4/10/2022 7:12:40 PM,-2.90
10103,4/10/2022 7:12:44 PM,-2.47
10103,4/10/2022 7:12:48 PM,-2.67
10103,4/10/2022 7:12:52 PM,-2.68
10103,4/10/2022 7:12:56 PM,-2.68
10103,4/10/2022 7:13:00 PM,-2.68
10103,4/10/2022 7:13:04 PM,-2.68
10103,4/10/2022 7:13:08 PM,-2.68
10103,4/10/2022 7:13:12 PM,-2.00
10103,4/10/2022 7:13:16 PM,-2.19
10103,4/10/2022 7:13:20 PM,-2.68
10103,4/10/2022 7:13:24 PM,-2.00
10103,4/10/2022 7:13:28 PM,-2.68
10103,4/10/2022 7:13:32 PM,-3.13
10103,4/10/2022 7:13:36 PM,-2.69
10103,4/10/2022 7:13:40 PM,-1.99
10103,4/10/2022 7:13:44 PM,-2.44
10103,4/10/2022 7:13:48 PM,-2.68
10103,4/10/2022 7:13:52 PM,-1.99
10103,4/10/2022 7:13:56 PM,-3.33
10103,4/10/2022 7:14:00 PM,-3.37
10103,4/10/2022 7:14:04 PM,-2.92
10103,4/10/2022 7:14:08 PM,-1.99
10103,4/10/2022 7:14:12 PM,-3.34
10103,4/10/2022 7:14:16 PM,-2.43
10103,4/10/2022 7:14:20 PM,-2.92
10103,4/10/2022 7:14:24 PM,-2.00
10103,4/10/2022 7:14:28 PM,-1.99
10103,4/10/2022 7:14:32 PM,-1.99
10103,4/10/2022 7:14:36 PM,-1.99
10103,4/10/2022 7:14:40 PM,-1.53
10103,4/10/2022 7:14:44 PM,-2.44
10103,4/10/2022 7:14:48 PM,-2.68
10103,4/10/2022 7:14:52 PM,-1.99
10103,4/10/2022 7:14:56 PM,-1.99
10103,4/10/2022 7:15:00 PM,-1.99
10103,4/10/2022 7:15:04 PM,-2.93
10103,4/10/2022 7:15:08 PM,-2.44
10103,4/10/2022 7:15:12 PM,-2.00
10103,4/10/2022 7:15:16 PM,-1.69
10103,4/10/2022 7:15:20 PM,-2.28
10103,4/10/2022 7:15:24 PM,-2.67
10103,4/10/2022 7:15:28 PM,-2.21
10103,4/10/2022 7:15:32 PM,-2.23
10103,4/10/2022 7:15:36 PM,-2.68
10103,4/10/2022 7:15:40 PM,-1.99
10103,4/10/2022 7:15:44 PM,-2.44
10103,4/10/2022 7:15:48 PM,-3.36
10103,4/10/2022 7:15:52 PM,-2.22
10103,4/10/2022 7:15:56 PM,-3.13
10103,4/10/2022 7:16:00 PM,-2.00
10103,4/10/2022 7:16:04 PM,-2.44
10103,4/10/2022 7:16:08 PM,-3.36
10103,4/10/2022 7:16:12 PM,-2.69
10103,4/10/2022 7:16:16 PM,-2.46
10103,4/10/2022 7:16:20 PM,-1.99
10103,4/10/2022 7:16:24 PM,-3.36
10103,4/10/2022 7:16:28 PM,-1.99
10103,4/10/2022 7:16:32 PM,-2.90
10103,4/10/2022 7:16:36 PM,-2.68
10103,4/10/2022 7:16:40 PM,-1.99
10103,4/10/2022 7:16:44 PM,-2.44
10103,4/10/2022 7:16:48 PM,-2.68
10103,4/10/2022 7:16:52 PM,-1.99
10103,4/10/2022 7:16:56 PM,-2.44
10103,4/10/2022 7:17:00 PM,-2.00
10103,4/10/2022 7:17:04 PM,-2.22
10103,4/10/2022 7:17:08 PM,-2.68
10103,4/10/2022 7:17:12 PM,-2.00
10103,4/10/2022 7:17:16 PM,-2.37
10103,4/10/2022 7:17:20 PM,-2.96
10103,4/10/2022 7:17:24 PM,-3.36
10103,4/10/2022 7:17:28 PM,-2.46
10103,4/10/2022 7:17:32 PM,-1.99
10103,4/10/2022 7:17:36 PM,-3.36
10103,4/10/2022 7:17:40 PM,-1.99
10103,4/10/2022 7:17:44 PM,-2.44
10103,4/10/2022 7:17:48 PM,-2.00
10103,4/10/2022 7:17:52 PM,-1.99
10103,4/10/2022 7:17:56 PM,-1.99
10103,4/10/2022 7:18:00 PM,-2.67
10103,4/10/2022 7:18:04 PM,-1.77
10103,4/10/2022 7:18:08 PM,-2.21
10103,4/10/2022 7:18:12 PM,-2.00
10103,4/10/2022 7:18:16 PM,-2.22
10103,4/10/2022 7:18:20 PM,-2.23
10103,4/10/2022 7:18:24 PM,-2.67
10103,4/10/2022 7:18:28 PM,-1.99
10103,4/10/2022 7:18:32 PM,-1.99
10103,4/10/2022 7:18:36 PM,-1.99
10103,4/10/2022 7:18:40 PM,-1.99
10103,4/10/2022 7:18:44 PM,-2.44
10103,4/10/2022 7:18:48 PM,-3.36
10103,4/10/2022 7:18:52 PM,-2.22
10103,4/10/2022 7:18:56 PM,-2.23
10103,4/10/2022 7:19:00 PM,-2.67
10103,4/10/2022 7:19:04 PM,-1.99
10103,4/10/2022 7:19:08 PM,-1.99
10103,4/10/2022 7:19:12 PM,-3.35
10103,4/10/2022 7:19:16 PM,-2.92
10103,4/10/2022 7:19:20 PM,-2.44
10103,4/10/2022 7:19:24 PM,-2.68
10103,4/10/2022 7:19:28 PM,-2.24
10103,4/10/2022 7:19:32 PM,-2.21
10103,4/10/2022 7:19:36 PM,-2.00
10103,4/10/2022 7:19:40 PM,-1.77
10103,4/10/2022 7:19:44 PM,-1.76
10103,4/10/2022 7:19:48 PM,-1.99
10103,4/10/2022 7:19:52 PM,-1.99
10103,4/10/2022 7:19:56 PM,-1.99
10103,4/10/2022 7:20:00 PM,-2.67
10103,4/10/2022 7:20:04 PM,-2.23
10103,4/10/2022 7:20:08 PM,-2.21
10103,4/10/2022 7:20:12 PM,-2.00
10103,4/10/2022 7:20:16 PM,-1.99
10103,4/10/2022 7:20:20 PM,-2.44
10103,4/10/2022 7:20:24 PM,-2.00
10103,4/10/2022 7:20:28 PM,-1.53
10103,4/10/2022 7:20:32 PM,-1.99
10103,4/10/2022 7:20:36 PM,-3.35
10103,4/10/2022 7:20:40 PM,-2.21
10103,4/10/2022 7:20:44 PM,-2.68
10103,4/10/2022 7:20:48 PM,-2.00
10103,4/10/2022 7:20:52 PM,-2.46
10103,4/10/2022 7:20:56 PM,-1.99
10103,4/10/2022 7:21:00 PM,-2.67
10103,4/10/2022 7:21:04 PM,-2.68
10103,4/10/2022 7:21:08 PM,-2.68
10103,4/10/2022 7:21:12 PM,-2.68
10103,4/10/2022 7:21:16 PM,-2.68
10103,4/10/2022 7:21:20 PM,-2.68
10103,4/10/2022 7:21:24 PM,-2.68
10103,4/10/2022 7:21:28 PM,-2.90
10103,4/10/2022 7:21:32 PM,-2.02
10103,4/10/2022 7:21:36 PM,-1.31
10103,4/10/2022 7:21:40 PM,-1.99
10103,4/10/2022 7:21:44 PM,-2.89
10103,4/10/2022 7:21:48 PM,-2.68
10103,4/10/2022 7:21:52 PM,-2.46
10103,4/10/2022 7:21:56 PM,-2.44
10103,4/10/2022 7:22:00 PM,-2.00
10103,4/10/2022 7:22:04 PM,-2.44
10103,4/10/2022 7:22:08 PM,-2.46
10103,4/10/2022 7:22:12 PM,-1.99
10103,4/10/2022 7:22:16 PM,-2.46
10103,4/10/2022 7:22:20 PM,-2.44
10103,4/10/2022 7:22:24 PM,-2.00
10103,4/10/2022 7:22:28 PM,-1.99
10103,4/10/2022 7:22:32 PM,-1.99
10103,4/10/2022 7:22:36 PM,-2.67
10103,4/10/2022 7:22:40 PM,-2.46
10103,4/10/2022 7:22:44 PM,-1.99
10103,4/10/2022 7:22:48 PM,-1.99
10103,4/10/2022 7:22:52 PM,-2.22
10103,4/10/2022 7:22:56 PM,-2.23
10103,4/10/2022 7:23:00 PM,-2.67
10103,4/10/2022 7:23:04 PM,-1.99
10103,4/10/2022 7:23:08 PM,-1.99
10103,4/10/2022 7:23:12 PM,-2.67
10103,4/10/2022 7:23:16 PM,-2.90
10103,4/10/2022 7:23:20 PM,-3.36
10103,4/10/2022 7:23:24 PM,-2.01
10103,4/10/2022 7:23:28 PM,-2.94
10103,4/10/2022 7:23:32 PM,-1.99
10103,4/10/2022 7:23:36 PM,-1.99
10103,4/10/2022 7:23:40 PM,-1.53
10103,4/10/2022 7:23:44 PM,-1.99
10103,4/10/2022 7:23:48 PM,-3.34
10103,4/10/2022 7:23:52 PM,-2.46
10103,4/10/2022 7:23:56 PM,-1.99
10103,4/10/2022 7:24:00 PM,-1.99
10103,4/10/2022 7:24:04 PM,-1.99
10103,4/10/2022 7:24:08 PM,-1.99
10103,4/10/2022 7:24:12 PM,-2.67
10103,4/10/2022 7:24:16 PM,-2.68
10103,4/10/2022 7:24:20 PM,-2.23
10103,4/10/2022 7:24:24 PM,-2.67
10103,4/10/2022 7:24:28 PM,-2.46
10103,4/10/2022 7:24:32 PM,-2.44
10103,4/10/2022 7:24:36 PM,-2.68
10103,4/10/2022 7:24:40 PM,-2.21
10103,4/10/2022 7:24:44 PM,-2.68
10103,4/10/2022 7:24:48 PM,-1.33
10103,4/10/2022 7:24:52 PM,-2.68
10103,4/10/2022 7:24:56 PM,-2.24
10103,4/10/2022 7:25:00 PM,-1.99
10103,4/10/2022 7:25:04 PM,-1.99
10103,4/10/2022 7:25:08 PM,-1.99
10103,4/10/2022 7:25:12 PM,-1.99
10103,4/10/2022 7:25:16 PM,-2.46
10103,4/10/2022 7:25:20 PM,-1.99
10103,4/10/2022 7:25:24 PM,-1.99
10103,4/10/2022 7:25:28 PM,-1.74
10103,4/10/2022 7:25:32 PM,-2.68
10103,4/10/2022 7:25:36 PM,-2.00
10103,4/10/2022 7:25:40 PM,-1.80
10103,4/10/2022 7:25:44 PM,-2.21
10103,4/10/2022 7:25:48 PM,-2.68
10103,4/10/2022 7:25:52 PM,-2.90
10103,4/10/2022 7:25:56 PM,-2.92
10103,4/10/2022 7:26:00 PM,-2.68
10103,4/10/2022 7:26:04 PM,-2.46
10103,4/10/2022 7:26:08 PM,-1.99
10103,4/10/2022 7:26:12 PM,-1.99
10103,4/10/2022 7:26:16 PM,-2.21
10103,4/10/2022 7:26:20 PM,-2.23
10103,4/10/2022 7:26:24 PM,-2.67
10103,4/10/2022 7:26:28 PM,-1.31
10103,4/10/2022 7:26:32 PM,-1.76
10103,4/10/2022 7:26:36 PM,-1.99
10103,4/10/2022 7:26:40 PM,-2.46
10103,4/10/2022 7:26:44 PM,-2.44
10103,4/10/2022 7:26:48 PM,-2.00
10103,4/10/2022 7:26:52 PM,-1.53
10103,4/10/2022 7:26:56 PM,-1.99
10103,4/10/2022 7:27:00 PM,-1.99
10103,4/10/2022 7:27:04 PM,-2.24
10103,4/10/2022 7:27:08 PM,-1.76
10103,4/10/2022 7:27:12 PM,-2.67
10103,4/10/2022 7:27:16 PM,-2.46
10103,4/10/2022 7:27:20 PM,-1.99
10103,4/10/2022 7:27:24 PM,-3.26
10103,4/10/2022 7:27:28 PM,-2.46
10103,4/10/2022 7:27:32 PM,-2.44
10103,4/10/2022 7:27:36 PM,-2.00
10103,4/10/2022 7:27:40 PM,-2.46
10103,4/10/2022 7:27:44 PM,-1.55
10103,4/10/2022 7:27:48 PM,-1.99
10103,4/10/2022 7:27:52 PM,-1.99
10103,4/10/2022 7:27:56 PM,-2.44
10103,4/10/2022 7:28:00 PM,-2.68
10103,4/10/2022 7:28:04 PM,-1.53
10103,4/10/2022 7:28:08 PM,-1.55
10103,4/10/2022 7:28:12 PM,-2.66
10103,4/10/2022 7:28:16 PM,-1.99
10103,4/10/2022 7:28:20 PM,-1.99
10103,4/10/2022 7:28:24 PM,-1.99
10103,4/10/2022 7:28:28 PM,-2.22
10103,4/10/2022 7:28:32 PM,-2.68
10103,4/10/2022 7:28:36 PM,-3.36
10103,4/10/2022 7:28:40 PM,-2.22
10103,4/10/2022 7:28:44 PM,-2.68
10103,4/10/2022 7:28:48 PM,-1.35
10103,4/10/2022 7:28:52 PM,-1.31
10103,4/10/2022 7:28:56 PM,-2.21
10103,4/10/2022 7:29:00 PM,-1.32
10103,4/10/2022 7:29:04 PM,-1.99
10103,4/10/2022 7:29:08 PM,-1.99
10103,4/10/2022 7:29:12 PM,-1.32
10103,4/10/2022 7:29:16 PM,-1.53
10103,4/10/2022 7:29:20 PM,-1.99
10103,4/10/2022 7:29:24 PM,-1.99
10103,4/10/2022 7:29:28 PM,-2.46
10103,4/10/2022 7:29:32 PM,-1.99
10103,4/10/2022 7:29:36 PM,-2.67
10103,4/10/2022 7:29:40 PM,-1.99
10103,4/10/2022 7:29:44 PM,-2.44
10103,4/10/2022 7:29:48 PM,-2.00
10103,4/10/2022 7:29:52 PM,-2.46
10103,4/10/2022 7:29:56 PM,-1.99
10103,4/10/2022 7:30:00 PM,-1.31
10103,4/10/2022 7:30:04 PM,-2.69
10103,4/10/2022 7:30:08 PM,-1.76
10103,4/10/2022 7:30:12 PM,-1.99
10103,4/10/2022 7:30:16 PM,-1.99
10103,4/10/2022 7:30:20 PM,-2.44
10103,4/10/2022 7:30:24 PM,-1.32
10103,4/10/2022 7:30:28 PM,-2.46
10103,4/10/2022 7:30:32 PM,-1.99
10103,4/10/2022 7:30:36 PM,-1.99
10103,4/10/2022 7:30:40 PM,-1.77
10103,4/10/2022 7:30:44 PM,-1.76
10103,4/10/2022 7:30:48 PM,-1.99
10103,4/10/2022 7:30:52 PM,-1.77
10103,4/10/2022 7:30:56 PM,-1.76
10103,4/10/2022 7:31:00 PM,-1.31
10103,4/10/2022 7:31:04 PM,-2.22
10103,4/10/2022 7:31:08 PM,-1.78
10103,4/10/2022 7:31:12 PM,-2.66
10103,4/10/2022 7:31:16 PM,-1.99
10103,4/10/2022 7:31:20 PM,-1.99
10103,4/10/2022 7:31:24 PM,-1.99
10103,4/10/2022 7:31:28 PM,-1.44
10103,4/10/2022 7:31:32 PM,-1.99
10103,4/10/2022 7:31:36 PM,-1.31
10103,4/10/2022 7:31:40 PM,-1.31
10103,4/10/2022 7:31:44 PM,-2.21
10103,4/10/2022 7:31:48 PM,-2.00
10103,4/10/2022 7:31:52 PM,-1.99
10103,4/10/2022 7:31:56 PM,-1.99
10103,4/10/2022 7:32:00 PM,-1.31
10103,4/10/2022 7:32:04 PM,-1.99
10103,4/10/2022 7:32:08 PM,-1.99
10103,4/10/2022 7:32:12 PM,-1.32
10103,4/10/2022 7:32:16 PM,-2.24
10103,4/10/2022 7:32:20 PM,-1.76
10103,4/10/2022 7:32:24 PM,-1.99
10103,4/10/2022 7:32:28 PM,-2.21
10103,4/10/2022 7:32:32 PM,-2.23
10103,4/10/2022 7:32:36 PM,-1.31
10103,4/10/2022 7:32:40 PM,-1.31
10103,4/10/2022 7:32:44 PM,-1.76
10103,4/10/2022 7:32:48 PM,-1.31
10103,4/10/2022 7:32:52 PM,-1.31
10103,4/10/2022 7:32:56 PM,-1.76
10103,4/10/2022 7:33:00 PM,-1.31
10103,4/10/2022 7:33:04 PM,-1.77
10103,4/10/2022 7:33:08 PM,-1.31
10103,4/10/2022 7:33:12 PM,-1.99
10103,4/10/2022 7:33:16 PM,-1.77
10103,4/10/2022 7:33:20 PM,-1.76
10103,4/10/2022 7:33:24 PM,-2.67
10103,4/10/2022 7:33:28 PM,-1.31
10103,4/10/2022 7:33:32 PM,-1.31
10103,4/10/2022 7:33:36 PM,-1.99
10103,4/10/2022 7:33:40 PM,-1.53
10103,4/10/2022 7:33:44 PM,-1.55
10103,4/10/2022 7:33:48 PM,-1.31
10103,4/10/2022 7:33:52 PM,-1.77
10103,4/10/2022 7:33:56 PM,-2.20
10103,4/10/2022 7:34:00 PM,-1.32
10103,4/10/2022 7:34:04 PM,-1.31
10103,4/10/2022 7:34:08 PM,-1.76
10103,4/10/2022 7:34:12 PM,-1.99
10103,4/10/2022 7:34:16 PM,-1.53
10103,4/10/2022 7:34:20 PM,-1.99
10103,4/10/2022 7:34:24 PM,-1.99
10103,4/10/2022 7:34:28 PM,-1.77
10103,4/10/2022 7:34:32 PM,-2.21
10103,4/10/2022 7:34:36 PM,-1.32
10103,4/10/2022 7:34:40 PM,-1.99
10103,4/10/2022 7:34:44 PM,-1.55
10103,4/10/2022 7:34:48 PM,-1.99
10103,4/10/2022 7:34:52 PM,-1.31
10103,4/10/2022 7:34:56 PM,-1.76
10103,4/10/2022 7:35:00 PM,-1.99
10103,4/10/2022 7:35:04 PM,-1.99
10103,4/10/2022 7:35:08 PM,-1.99
10103,4/10/2022 7:35:12 PM,-2.67
10103,4/10/2022 7:35:16 PM,-1.99
10103,4/10/2022 7:35:20 PM,-1.54
10103,4/10/2022 7:35:24 PM,-1.99
10103,4/10/2022 7:35:28 PM,-1.88
10103,4/10/2022 7:35:32 PM,-1.76
10103,4/10/2022 7:35:36 PM,-1.99
10103,4/10/2022 7:35:40 PM,-2.21
10103,4/10/2022 7:35:44 PM,-1.33
10103,4/10/2022 7:35:48 PM,-1.98
10103,4/10/2022 7:35:52 PM,-1.99
10103,4/10/2022 7:35:56 PM,-1.99
10103,4/10/2022 7:36:00 PM,-1.99
10103,4/10/2022 7:36:04 PM,-2.46
10103,4/10/2022 7:36:08 PM,-1.99
10103,4/10/2022 7:36:12 PM,-1.99
10103,4/10/2022 7:36:16 PM,-1.31
10103,4/10/2022 7:36:20 PM,-2.21
10103,4/10/2022 7:36:24 PM,-2.00
10103,4/10/2022 7:36:28 PM,-2.21
10103,4/10/2022 7:36:32 PM,-2.23
10103,4/10/2022 7:36:36 PM,-1.32
10103,4/10/2022 7:36:40 PM,-1.53
10103,4/10/2022 7:36:44 PM,-1.99
10103,4/10/2022 7:36:48 PM,-1.99
10103,4/10/2022 7:36:52 PM,-1.99
10103,4/10/2022 7:36:56 PM,-1.99
10103,4/10/2022 7:37:00 PM,-1.99
10103,4/10/2022 7:37:04 PM,-1.77
10103,4/10/2022 7:37:08 PM,-1.76
10103,4/10/2022 7:37:12 PM,-2.67
10103,4/10/2022 7:37:16 PM,-1.53
10103,4/10/2022 7:37:20 PM,-2.44
10103,4/10/2022 7:37:24 PM,-1.33
10103,4/10/2022 7:37:28 PM,-1.52
10103,4/10/2022 7:37:32 PM,-1.99
10103,4/10/2022 7:37:36 PM,-1.32
10103,4/10/2022 7:37:40 PM,-2.21
10103,4/10/2022 7:37:44 PM,-2.68
10103,4/10/2022 7:37:48 PM,-2.00
10103,4/10/2022 7:37:52 PM,-1.99
10103,4/10/2022 7:37:56 PM,-1.99
10103,4/10/2022 7:38:00 PM,-2.67
10103,4/10/2022 7:38:04 PM,-2.46
10103,4/10/2022 7:38:08 PM,-1.99
10103,4/10/2022 7:38:12 PM,-1.99
10103,4/10/2022 7:38:16 PM,-1.75
10103,4/10/2022 7:38:20 PM,-2.68
10103,4/10/2022 7:38:24 PM,-0.64
10103,4/10/2022 7:38:28 PM,-1.78
10103,4/10/2022 7:38:32 PM,-2.21
10103,4/10/2022 7:38:36 PM,-2.00
10103,4/10/2022 7:38:40 PM,-1.99
10103,4/10/2022 7:38:44 PM,-1.99
10103,4/10/2022 7:38:48 PM,-1.99
10103,4/10/2022 7:38:52 PM,-2.21
10103,4/10/2022 7:38:56 PM,-2.23
10103,4/10/2022 7:39:00 PM,-1.99
10103,4/10/2022 7:39:04 PM,-2.46
10103,4/10/2022 7:39:08 PM,-1.99
10103,4/10/2022 7:39:12 PM,-1.99
10103,4/10/2022 7:39:16 PM,-3.14
10103,4/10/2022 7:39:20 PM,-2.23
10103,4/10/2022 7:39:24 PM,-1.99
10103,4/10/2022 7:39:28 PM,-1.99
10103,4/10/2022 7:39:32 PM,-1.99
10103,4/10/2022 7:39:36 PM,-2.67
10103,4/10/2022 7:39:40 PM,-2.46
10103,4/10/2022 7:39:44 PM,-1.99
10103,4/10/2022 7:39:48 PM,-1.32
10103,4/10/2022 7:39:52 PM,-1.77
10103,4/10/2022 7:39:56 PM,-1.75
10103,4/10/2022 7:40:00 PM,-2.67
10103,4/10/2022 7:40:04 PM,-2.21
10103,4/10/2022 7:40:08 PM,-1.78
10103,4/10/2022 7:40:12 PM,-1.98
10103,4/10/2022 7:40:16 PM,-2.46
10103,4/10/2022 7:40:20 PM,-1.99
10103,4/10/2022 7:40:24 PM,-2.67
10103,4/10/2022 7:40:28 PM,-1.78
10103,4/10/2022 7:40:32 PM,-1.76
10103,4/10/2022 7:40:36 PM,-1.32
10103,4/10/2022 7:40:40 PM,-2.21
10103,4/10/2022 7:40:44 PM,-2.23
10103,4/10/2022 7:40:48 PM,-3.35
10103,4/10/2022 7:40:52 PM,-2.21
10103,4/10/2022 7:40:56 PM,-2.23
10103,4/10/2022 7:41:00 PM,-1.32
10103,4/10/2022 7:41:04 PM,-2.46
10103,4/10/2022 7:41:08 PM,-1.99
10103,4/10/2022 7:41:12 PM,-1.32
10103,4/10/2022 7:41:16 PM,-2.92
10103,4/10/2022 7:41:20 PM,-1.99
10103,4/10/2022 7:41:24 PM,-1.99
10103,4/10/2022 7:41:28 PM,-1.99
10103,4/10/2022 7:41:32 PM,-1.99
10103,4/10/2022 7:41:36 PM,-2.63
10103,4/10/2022 7:41:40 PM,-2.22
10103,4/10/2022 7:41:44 PM,-2.23
10103,4/10/2022 7:41:48 PM,-1.99
10103,4/10/2022 7:41:52 PM,-2.22
10103,4/10/2022 7:41:56 PM,-2.23
10103,4/10/2022 7:42:00 PM,-2.68
10103,4/10/2022 7:42:04 PM,-1.31
10103,4/10/2022 7:42:08 PM,-1.31
10103,4/10/2022 7:42:12 PM,-2.66
10103,4/10/2022 7:42:16 PM,-1.75
10103,4/10/2022 7:42:20 PM,-2.23
10103,4/10/2022 7:42:24 PM,-1.99
10103,4/10/2022 7:42:28 PM,-2.68
10103,4/10/2022 7:42:32 PM,-2.23
10103,4/10/2022 7:42:36 PM,-1.31
10103,4/10/2022 7:42:40 PM,-1.99
10103,4/10/2022 7:42:44 PM,-1.99
10103,4/10/2022 7:42:48 PM,-1.99
10103,4/10/2022 7:42:52 PM,-1.77
10103,4/10/2022 7:42:56 PM,-1.31
10103,4/10/2022 7:43:00 PM,-1.99
10103,4/10/2022 7:43:04 PM,-1.99
10103,4/10/2022 7:43:08 PM,-2.44
10103,4/10/2022 7:43:12 PM,-2.00
10103,4/10/2022 7:43:16 PM,-2.22
10103,4/10/2022 7:43:20 PM,-2.23
10103,4/10/2022 7:43:24 PM,-1.99
10103,4/10/2022 7:43:28 PM,-2.68
10103,4/10/2022 7:43:32 PM,-2.68
10103,4/10/2022 7:43:36 PM,-2.68
10103,4/10/2022 7:43:40 PM,-2.46
10103,4/10/2022 7:43:44 PM,-1.99
10103,4/10/2022 7:43:48 PM,-2.67
10103,4/10/2022 7:43:52 PM,-1.99
10103,4/10/2022 7:43:56 PM,-1.99
10103,4/10/2022 7:44:00 PM,-2.67
10103,4/10/2022 7:44:04 PM,-2.22
10103,4/10/2022 7:44:08 PM,-3.13
10103,4/10/2022 7:44:12 PM,-2.69
10103,4/10/2022 7:44:16 PM,-1.99
10103,4/10/2022 7:44:20 PM,-1.54
10103,4/10/2022 7:44:24 PM,-1.99
10103,4/10/2022 7:44:28 PM,-1.99
10103,4/10/2022 7:44:32 PM,-2.44
10103,4/10/2022 7:44:36 PM,-2.68
10103,4/10/2022 7:44:40 PM,-1.99
10103,4/10/2022 7:44:44 PM,-2.44
10103,4/10/2022 7:44:48 PM,-2.00
10103,4/10/2022 7:44:52 PM,-1.99
10103,4/10/2022 7:44:56 PM,-1.99
10103,4/10/2022 7:45:00 PM,-1.99
10103,4/10/2022 7:45:04 PM,-1.99
10103,4/10/2022 7:45:08 PM,-1.99
10103,4/10/2022 7:45:12 PM,-2.67
10103,4/10/2022 7:45:16 PM,-3.14
10103,4/10/2022 7:45:20 PM,-2.23
10103,4/10/2022 7:45:24 PM,-1.99
10103,4/10/2022 7:45:28 PM,-2.21
10103,4/10/2022 7:45:32 PM,-2.68
10103,4/10/2022 7:45:36 PM,-2.00
10103,4/10/2022 7:45:40 PM,-1.99
10103,4/10/2022 7:45:44 PM,-1.99
10103,4/10/2022 7:45:48 PM,-3.35
10103,4/10/2022 7:45:52 PM,-1.99
10103,4/10/2022 7:45:56 PM,-2.89
10103,4/10/2022 7:46:00 PM,-2.68
10103,4/10/2022 7:46:04 PM,-2.46
10103,4/10/2022 7:46:08 PM,-2.44
10103,4/10/2022 7:46:12 PM,-3.35
10103,4/10/2022 7:46:16 PM,-2.22
10103,4/10/2022 7:46:20 PM,-3.13
10103,4/10/2022 7:46:24 PM,-2.68
10103,4/10/2022 7:46:28 PM,-2.24
10103,4/10/2022 7:46:32 PM,-2.20
10103,4/10/2022 7:46:36 PM,-2.00
10103,4/10/2022 7:46:40 PM,-1.99
10103,4/10/2022 7:46:44 PM,-2.44
10103,4/10/2022 7:46:48 PM,-3.36
10103,4/10/2022 7:46:52 PM,-2.22
10103,4/10/2022 7:46:56 PM,-2.23
10103,4/10/2022 7:47:00 PM,-2.67
10103,4/10/2022 7:47:04 PM,-1.99
10103,4/10/2022 7:47:08 PM,-1.99
10103,4/10/2022 7:47:12 PM,-1.99
10103,4/10/2022 7:47:16 PM,-3.36
10103,4/10/2022 7:47:20 PM,-2.91
10103,4/10/2022 7:47:24 PM,-2.68
10103,4/10/2022 7:47:28 PM,-2.21
10103,4/10/2022 7:47:32 PM,-2.23
10103,4/10/2022 7:47:36 PM,-1.99
10103,4/10/2022 7:47:40 PM,-1.99
10103,4/10/2022 7:47:44 PM,-1.55
10103,4/10/2022 7:47:48 PM,-1.99
10103,4/10/2022 7:47:52 PM,-1.99
10103,4/10/2022 7:47:56 PM,-1.99
10103,4/10/2022 7:48:00 PM,-1.99
10103,4/10/2022 7:48:04 PM,-2.22
10103,4/10/2022 7:48:08 PM,-2.23
10103,4/10/2022 7:48:12 PM,-2.67
10103,4/10/2022 7:48:16 PM,-2.21
10103,4/10/2022 7:48:20 PM,-3.13
10103,4/10/2022 7:48:24 PM,-2.00
10103,4/10/2022 7:48:28 PM,-1.99
10103,4/10/2022 7:48:32 PM,-2.44
10103,4/10/2022 7:48:36 PM,-2.68
10103,4/10/2022 7:48:40 PM,-2.68
10103,4/10/2022 7:48:44 PM,-2.68
10103,4/10/2022 7:48:48 PM,-2.00
10103,4/10/2022 7:48:52 PM,-1.77
10103,4/10/2022 7:48:56 PM,-1.76
10103,4/10/2022 7:49:00 PM,-3.35
10103,4/10/2022 7:49:04 PM,-2.68
10103,4/10/2022 7:49:08 PM,-2.23
10103,4/10/2022 7:49:12 PM,-1.99
10103,4/10/2022 7:49:16 PM,-1.77
10103,4/10/2022 7:49:20 PM,-2.21
10103,4/10/2022 7:49:24 PM,-2.68
10103,4/10/2022 7:49:28 PM,-2.46
10103,4/10/2022 7:49:32 PM,-2.44
10103,4/10/2022 7:49:36 PM,-3.36
10103,4/10/2022 7:49:40 PM,-2.46
10103,4/10/2022 7:49:44 PM,-1.99
10103,4/10/2022 7:49:48 PM,-1.99
10103,4/10/2022 7:49:52 PM,-2.21
10103,4/10/2022 7:49:56 PM,-3.12
10103,4/10/2022 7:50:00 PM,-2.68
10103,4/10/2022 7:50:04 PM,-1.99
10103,4/10/2022 7:50:08 PM,-2.89
10103,4/10/2022 7:50:12 PM,-2.69
10103,4/10/2022 7:50:16 PM,-2.52
10103,4/10/2022 7:50:20 PM,-1.99
10103,4/10/2022 7:50:24 PM,-1.99
10103,4/10/2022 7:50:28 PM,-3.36
10103,4/10/2022 7:50:32 PM,-2.02
10103,4/10/2022 7:50:36 PM,-2.67
10103,4/10/2022 7:50:40 PM,-2.93
10103,4/10/2022 7:50:44 PM,-2.44
10103,4/10/2022 7:50:48 PM,-2.68
10103,4/10/2022 7:50:52 PM,-2.92
10103,4/10/2022 7:50:56 PM,-2.89
10103,4/10/2022 7:51:00 PM,-2.01
10103,4/10/2022 7:51:04 PM,-1.99
10103,4/10/2022 7:51:08 PM,-2.44
10103,4/10/2022 7:51:12 PM,-2.68
10103,4/10/2022 7:51:16 PM,-2.68
10103,4/10/2022 7:51:20 PM,-2.23
10103,4/10/2022 7:51:24 PM,-1.99
10103,4/10/2022 7:51:28 PM,-1.99
10103,4/10/2022 7:51:32 PM,-2.44
10103,4/10/2022 7:51:36 PM,-2.68
10103,4/10/2022 7:51:40 PM,-2.21
10103,4/10/2022 7:51:44 PM,-2.68
10103,4/10/2022 7:51:48 PM,-2.00
10103,4/10/2022 7:51:52 PM,-2.46
10103,4/10/2022 7:51:56 PM,-2.44
10103,4/10/2022 7:52:00 PM,-2.68
10103,4/10/2022 7:52:04 PM,-2.68
10103,4/10/2022 7:52:08 PM,-2.68
10103,4/10/2022 7:52:12 PM,-1.34
10103,4/10/2022 7:52:16 PM,-2.90
10103,4/10/2022 7:52:20 PM,-2.92
10103,4/10/2022 7:52:24 PM,-2.68
10103,4/10/2022 7:52:28 PM,-2.46
10103,4/10/2022 7:52:32 PM,-2.44
10103,4/10/2022 7:52:36 PM,-2.00
10103,4/10/2022 7:52:40 PM,-1.99
10103,4/10/2022 7:52:44 PM,-1.99
10103,4/10/2022 7:52:48 PM,-1.99
10103,4/10/2022 7:52:52 PM,-2.43
10103,4/10/2022 7:52:56 PM,-2.92
10103,4/10/2022 7:53:00 PM,-2.68
10103,4/10/2022 7:53:04 PM,-1.99
10103,4/10/2022 7:53:08 PM,-2.44
10103,4/10/2022 7:53:12 PM,-2.68
10103,4/10/2022 7:53:16 PM,-1.99
10103,4/10/2022 7:53:20 PM,-2.44
10103,4/10/2022 7:53:24 PM,-2.00
10103,4/10/2022 7:53:28 PM,-1.99
10103,4/10/2022 7:53:32 PM,-1.99
10103,4/10/2022 7:53:36 PM,-3.36
10103,4/10/2022 7:53:40 PM,-1.75
10103,4/10/2022 7:53:44 PM,-2.23
10103,4/10/2022 7:53:48 PM,-2.66
10103,4/10/2022 7:53:52 PM,-2.21
10103,4/10/2022 7:53:56 PM,-2.23
10103,4/10/2022 7:54:00 PM,-2.67
10103,4/10/2022 7:54:04 PM,-1.99
10103,4/10/2022 7:54:08 PM,-2.89
10103,4/10/2022 7:54:12 PM,-2.01
10103,4/10/2022 7:54:16 PM,-1.99
10103,4/10/2022 7:54:20 PM,-1.99
10103,4/10/2022 7:54:24 PM,-2.67
10103,4/10/2022 7:54:28 PM,-2.68
10103,4/10/2022 7:54:32 PM,-3.13
10103,4/10/2022 7:54:36 PM,-3.36
10103,4/10/2022 7:54:40 PM,-2.68
10103,4/10/2022 7:54:44 PM,-2.23
10103,4/10/2022 7:54:48 PM,-3.36
10103,4/10/2022 7:54:52 PM,-3.36
10103,4/10/2022 7:54:56 PM,-3.36
10103,4/10/2022 7:55:00 PM,-2.68
10103,4/10/2022 7:55:04 PM,-2.68
10103,4/10/2022 7:55:08 PM,-2.68
10103,4/10/2022 7:55:12 PM,-2.00
10103,4/10/2022 7:55:16 PM,-1.99
10103,4/10/2022 7:55:20 PM,-2.45
10103,4/10/2022 7:55:24 PM,-2.00
10103,4/10/2022 7:55:28 PM,-2.92
10103,4/10/2022 7:55:32 PM,-1.99
10103,4/10/2022 7:55:36 PM,-3.36
10103,4/10/2022 7:55:40 PM,-2.68
10103,4/10/2022 7:55:44 PM,-3.13
10103,4/10/2022 7:55:48 PM,-2.15
10103,4/10/2022 7:55:52 PM,-2.90
10103,4/10/2022 7:55:56 PM,-2.47
10103,4/10/2022 7:56:00 PM,-1.99
10103,4/10/2022 7:56:04 PM,-2.90
10103,4/10/2022 7:56:08 PM,-2.01
10103,4/10/2022 7:56:12 PM,-3.34
10103,4/10/2022 7:56:16 PM,-2.68
10103,4/10/2022 7:56:20 PM,-2.68
10103,4/10/2022 7:56:24 PM,-2.68
10103,4/10/2022 7:56:28 PM,-2.46
10103,4/10/2022 7:56:32 PM,-1.99
10103,4/10/2022 7:56:36 PM,-1.99
10103,4/10/2022 7:56:40 PM,-2.21
10103,4/10/2022 7:56:44 PM,-2.68
10103,4/10/2022 7:56:48 PM,-2.00
10103,4/10/2022 7:56:52 PM,-2.90
10103,4/10/2022 7:56:56 PM,-2.47
10103,4/10/2022 7:57:00 PM,-3.36
10103,4/10/2022 7:57:04 PM,-2.90
10103,4/10/2022 7:57:08 PM,-3.36
10103,4/10/2022 7:57:12 PM,-2.01
10103,4/10/2022 7:57:16 PM,-2.46
10103,4/10/2022 7:57:20 PM,-1.99
10103,4/10/2022 7:57:24 PM,-2.67
10103,4/10/2022 7:57:28 PM,-2.43
10103,4/10/2022 7:57:32 PM,-2.46
10103,4/10/2022 7:57:36 PM,-2.67
10103,4/10/2022 7:57:40 PM,-2.90
10103,4/10/2022 7:57:44 PM,-2.46
10103,4/10/2022 7:57:48 PM,-1.99
10103,4/10/2022 7:57:52 PM,-3.36
10103,4/10/2022 7:57:56 PM,-2.47
10103,4/10/2022 7:58:00 PM,-2.67
10103,4/10/2022 7:58:04 PM,-2.44
10103,4/10/2022 7:58:08 PM,-2.91
10103,4/10/2022 7:58:12 PM,-2.68
10103,4/10/2022 7:58:16 PM,-2.46
10103,4/10/2022 7:58:20 PM,-2.44
10103,4/10/2022 7:58:24 PM,-3.36
10103,4/10/2022 7:58:28 PM,-2.21
10103,4/10/2022 7:58:32 PM,-2.68
10103,4/10/2022 7:58:36 PM,-3.36
10103,4/10/2022 7:58:40 PM,-3.14
10103,4/10/2022 7:58:44 PM,-3.13
10103,4/10/2022 7:58:48 PM,-2.68
10103,4/10/2022 7:58:52 PM,-1.77
10103,4/10/2022 7:58:56 PM,-2.21
10103,4/10/2022 7:59:00 PM,-2.00
10103,4/10/2022 7:59:04 PM,-2.68
10103,4/10/2022 7:59:08 PM,-2.68
10103,4/10/2022 7:59:12 PM,-2.68
10103,4/10/2022 7:59:16 PM,-2.68
10103,4/10/2022 7:59:20 PM,-2.68
10103,4/10/2022 7:59:24 PM,-2.00
10103,4/10/2022 7:59:28 PM,-1.99
10103,4/10/2022 7:59:32 PM,-1.99
10103,4/10/2022 7:59:36 PM,-1.99
10103,4/10/2022 7:59:40 PM,-2.68
10103,4/10/2022 7:59:44 PM,-3.13
10103,4/10/2022 7:59:48 PM,-2.68
10103,4/10/2022 7:59:52 PM,-2.68
10103,4/10/2022 7:59:56 PM,-3.13
10103,4/10/2022 8:00:00 PM,-2.68
10103,4/10/2022 8:00:04 PM,-2.68
10103,4/10/2022 8:00:08 PM,-2.68
10103,4/10/2022 8:00:12 PM,-2.68
10103,4/10/2022 8:00:16 PM,-2.68
10103,4/10/2022 8:00:20 PM,-3.13
10103,4/10/2022 8:00:24 PM,-3.36
10103,4/10/2022 8:00:28 PM,-2.21
10103,4/10/2022 8:00:32 PM,-2.23
10103,4/10/2022 8:00:36 PM,-2.67
10103,4/10/2022 8:00:40 PM,-2.68
10103,4/10/2022 8:00:44 PM,-2.23
10103,4/10/2022 8:00:48 PM,-2.67
10103,4/10/2022 8:00:52 PM,-2.68
10103,4/10/2022 8:00:56 PM,-2.23
10103,4/10/2022 8:01:00 PM,-2.67
10103,4/10/2022 8:01:04 PM,-2.46
10103,4/10/2022 8:01:08 PM,-1.99
10103,4/10/2022 8:01:12 PM,-2.67
10103,4/10/2022 8:01:16 PM,-2.46
10103,4/10/2022 8:01:20 PM,-2.44
10103,4/10/2022 8:01:24 PM,-2.68
10103,4/10/2022 8:01:28 PM,-2.21
10103,4/10/2022 8:01:32 PM,-3.13
10103,4/10/2022 8:01:36 PM,-2.73
10103,4/10/2022 8:01:40 PM,-1.99
10103,4/10/2022 8:01:44 PM,-1.99
10103,4/10/2022 8:01:48 PM,-1.31
10103,4/10/2022 8:01:52 PM,-2.68
10103,4/10/2022 8:01:56 PM,-3.12
10103,4/10/2022 8:02:00 PM,-2.68
10103,4/10/2022 8:02:04 PM,-2.22
10103,4/10/2022 8:02:08 PM,-3.13
10103,4/10/2022 8:02:12 PM,-2.01
10103,4/10/2022 8:02:16 PM,-3.14
10103,4/10/2022 8:02:20 PM,-2.68
10103,4/10/2022 8:02:24 PM,-2.68
10103,4/10/2022 8:02:28 PM,-3.14
10103,4/10/2022 8:02:32 PM,-2.68
10103,4/10/2022 8:02:36 PM,-3.36
10103,4/10/2022 8:02:40 PM,-3.36
10103,4/10/2022 8:02:44 PM,-2.47
10103,4/10/2022 8:02:48 PM,-2.67
10103,4/10/2022 8:02:52 PM,-3.14
10103,4/10/2022 8:02:56 PM,-2.68
10103,4/10/2022 8:03:00 PM,-2.00
10103,4/10/2022 8:03:04 PM,-2.65
10103,4/10/2022 8:03:08 PM,-2.70
10103,4/10/2022 8:03:12 PM,-2.67
10103,4/10/2022 8:03:16 PM,-2.46
10103,4/10/2022 8:03:20 PM,-2.44
10103,4/10/2022 8:03:24 PM,-2.00
10103,4/10/2022 8:03:28 PM,-2.46
10103,4/10/2022 8:03:32 PM,-2.44
10103,4/10/2022 8:03:36 PM,-2.68
10103,4/10/2022 8:03:40 PM,-3.14
10103,4/10/2022 8:03:44 PM,-2.23
10103,4/10/2022 8:03:48 PM,-1.99
10103,4/10/2022 8:03:52 PM,-3.14
10103,4/10/2022 8:03:56 PM,-2.68
10103,4/10/2022 8:04:00 PM,-2.68
10103,4/10/2022 8:04:04 PM,-3.14
10103,4/10/2022 8:04:08 PM,-3.12
10103,4/10/2022 8:04:12 PM,-2.69
10103,4/10/2022 8:04:16 PM,-2.68
10103,4/10/2022 8:04:20 PM,-2.68
10103,4/10/2022 8:04:24 PM,-2.68
10103,4/10/2022 8:04:28 PM,-2.90
10103,4/10/2022 8:04:32 PM,-2.91
10103,4/10/2022 8:04:36 PM,-2.68
10103,4/10/2022 8:04:40 PM,-1.75
10103,4/10/2022 8:04:44 PM,-3.13
10103,4/10/2022 8:04:48 PM,-2.69
10103,4/10/2022 8:04:52 PM,-2.68
10103,4/10/2022 8:04:56 PM,-2.68
10103,4/10/2022 8:05:00 PM,-2.68
10103,4/10/2022 8:05:04 PM,-2.68
10103,4/10/2022 8:05:08 PM,-2.68
10103,4/10/2022 8:05:12 PM,-2.00
10103,4/10/2022 8:05:16 PM,-2.92
10103,4/10/2022 8:05:20 PM,-2.44
10103,4/10/2022 8:05:24 PM,-3.36
10103,4/10/2022 8:05:28 PM,-2.68
10103,4/10/2022 8:05:32 PM,-2.68
10103,4/10/2022 8:05:36 PM,-2.68
10103,4/10/2022 8:05:40 PM,-2.68
10103,4/10/2022 8:05:44 PM,-3.12
10103,4/10/2022 8:05:48 PM,-2.01
10103,4/10/2022 8:05:52 PM,-2.18
10103,4/10/2022 8:05:56 PM,-2.68
10103,4/10/2022 8:06:00 PM,-3.36
10103,4/10/2022 8:06:04 PM,-2.90
10103,4/10/2022 8:06:08 PM,-2.91
10103,4/10/2022 8:06:12 PM,-2.00
10103,4/10/2022 8:06:16 PM,-2.21
10103,4/10/2022 8:06:20 PM,-2.23
10103,4/10/2022 8:06:24 PM,-2.67
10103,4/10/2022 8:06:28 PM,-3.12
10103,4/10/2022 8:06:32 PM,-3.15
10103,4/10/2022 8:06:36 PM,-2.68
10103,4/10/2022 8:06:40 PM,-2.93
10103,4/10/2022 8:06:44 PM,-1.99
10103,4/10/2022 8:06:48 PM,-2.67
10103,4/10/2022 8:06:52 PM,-2.68
10103,4/10/2022 8:06:56 PM,-2.23
10103,4/10/2022 8:07:00 PM,-1.99
10103,4/10/2022 8:07:04 PM,-2.68
10103,4/10/2022 8:07:08 PM,-2.68
10103,4/10/2022 8:07:12 PM,-2.00
10103,4/10/2022 8:07:16 PM,-2.68
10103,4/10/2022 8:07:20 PM,-2.68
10103,4/10/2022 8:07:24 PM,-2.68
10103,4/10/2022 8:07:28 PM,-2.46
10103,4/10/2022 8:07:32 PM,-3.35
10103,4/10/2022 8:07:36 PM,-2.01
10103,4/10/2022 8:07:40 PM,-2.22
10103,4/10/2022 8:07:44 PM,-2.68
10103,4/10/2022 8:07:48 PM,-2.68
10103,4/10/2022 8:07:52 PM,-2.68
10103,4/10/2022 8:07:56 PM,-2.68
10103,4/10/2022 8:08:00 PM,-2.00
10103,4/10/2022 8:08:04 PM,-2.68
10103,4/10/2022 8:08:08 PM,-2.68
10103,4/10/2022 8:08:12 PM,-2.68
10103,4/10/2022 8:08:16 PM,-3.14
10103,4/10/2022 8:08:20 PM,-3.13
10103,4/10/2022 8:08:24 PM,-1.32
10103,4/10/2022 8:08:28 PM,-2.90
10103,4/10/2022 8:08:32 PM,-3.36
10103,4/10/2022 8:08:36 PM,-2.00
10103,4/10/2022 8:08:40 PM,-3.14
10103,4/10/2022 8:08:44 PM,-2.68
10103,4/10/2022 8:08:48 PM,-3.36
10103,4/10/2022 8:08:52 PM,-2.68
10103,4/10/2022 8:08:56 PM,-2.68
10103,4/10/2022 8:09:00 PM,-2.68
10103,4/10/2022 8:09:04 PM,-2.22
10103,4/10/2022 8:09:08 PM,-2.68
10103,4/10/2022 8:09:12 PM,-1.32
10103,4/10/2022 8:09:16 PM,-2.46
10103,4/10/2022 8:09:20 PM,-2.45
10103,4/10/2022 8:09:24 PM,-2.68
10103,4/10/2022 8:09:28 PM,-2.43
10103,4/10/2022 8:09:32 PM,-2.91
10103,4/10/2022 8:09:36 PM,-2.00
10103,4/10/2022 8:09:40 PM,-2.68
10103,4/10/2022 8:09:44 PM,-2.23
10103,4/10/2022 8:09:48 PM,-4.03
10103,4/10/2022 8:09:52 PM,-2.22
10103,4/10/2022 8:09:56 PM,-2.68
10103,4/10/2022 8:10:00 PM,-2.00
10103,4/10/2022 8:10:04 PM,-2.68
10103,4/10/2022 8:10:08 PM,-2.68
10103,4/10/2022 8:10:12 PM,-2.68
10103,4/10/2022 8:10:16 PM,-2.68
10103,4/10/2022 8:10:20 PM,-2.68
10103,4/10/2022 8:10:24 PM,-2.68
10103,4/10/2022 8:10:28 PM,-2.46
10103,4/10/2022 8:10:32 PM,-1.99
10103,4/10/2022 8:10:36 PM,-3.35
10103,4/10/2022 8:10:40 PM,-2.68
10103,4/10/2022 8:10:44 PM,-2.68
10103,4/10/2022 8:10:48 PM,-2.68
10103,4/10/2022 8:10:52 PM,-2.44
10103,4/10/2022 8:10:56 PM,-2.92
10103,4/10/2022 8:11:00 PM,-2.00
10103,4/10/2022 8:11:04 PM,-2.22
10103,4/10/2022 8:11:08 PM,-2.68
10103,4/10/2022 8:11:12 PM,-2.68
10103,4/10/2022 8:11:16 PM,-2.92
10103,4/10/2022 8:11:20 PM,-2.44
10103,4/10/2022 8:11:24 PM,-2.00
10103,4/10/2022 8:11:28 PM,-2.46
10103,4/10/2022 8:11:32 PM,-2.44
10103,4/10/2022 8:11:36 PM,-2.68
10103,4/10/2022 8:11:40 PM,-2.68
10103,4/10/2022 8:11:44 PM,-3.13
10103,4/10/2022 8:11:48 PM,-2.00
10103,4/10/2022 8:11:52 PM,-2.70
10103,4/10/2022 8:11:56 PM,-1.69
10103,4/10/2022 8:12:00 PM,-1.99
10103,4/10/2022 8:12:04 PM,-2.68
10103,4/10/2022 8:12:08 PM,-3.13
10103,4/10/2022 8:12:12 PM,-2.01
10103,4/10/2022 8:12:16 PM,-2.68
10103,4/10/2022 8:12:20 PM,-2.68
10103,4/10/2022 8:12:24 PM,-2.00
10103,4/10/2022 8:12:28 PM,-2.90
10103,4/10/2022 8:12:32 PM,-2.01
10103,4/10/2022 8:12:36 PM,-1.99
10103,4/10/2022 8:12:40 PM,-2.24
10103,4/10/2022 8:12:44 PM,-2.20
10103,4/10/2022 8:12:48 PM,-2.68
10103,4/10/2022 8:12:52 PM,-2.46
10103,4/10/2022 8:12:56 PM,-2.44
10103,4/10/2022 8:13:00 PM,-2.68
10103,4/10/2022 8:13:04 PM,-2.21
10103,4/10/2022 8:13:08 PM,-2.68
10103,4/10/2022 8:13:12 PM,-2.68
10103,4/10/2022 8:13:16 PM,-1.99
10103,4/10/2022 8:13:20 PM,-1.54
10103,4/10/2022 8:13:24 PM,-3.35
10103,4/10/2022 8:13:28 PM,-1.78
10103,4/10/2022 8:13:32 PM,-2.66
10103,4/10/2022 8:13:36 PM,-2.00
10103,4/10/2022 8:13:40 PM,-2.68
10103,4/10/2022 8:13:44 PM,-2.68
10103,4/10/2022 8:13:48 PM,-2.68
10103,4/10/2022 8:13:52 PM,-2.22
10103,4/10/2022 8:13:56 PM,-2.23
10103,4/10/2022 8:14:00 PM,-1.99
10103,4/10/2022 8:14:04 PM,-2.22
10103,4/10/2022 8:14:08 PM,-2.68
10103,4/10/2022 8:14:12 PM,-2.00
10103,4/10/2022 8:14:16 PM,-2.90
10103,4/10/2022 8:14:20 PM,-2.91
10103,4/10/2022 8:14:24 PM,-2.00
10103,4/10/2022 8:14:28 PM,-2.21
10103,4/10/2022 8:14:32 PM,-2.68
10103,4/10/2022 8:14:36 PM,-2.68
10103,4/10/2022 8:14:40 PM,-2.68
10103,4/10/2022 8:14:44 PM,-3.13
10103,4/10/2022 8:14:48 PM,-2.01
10103,4/10/2022 8:14:52 PM,-2.22
10103,4/10/2022 8:14:56 PM,-2.23
10103,4/10/2022 8:15:00 PM,-3.35
10103,4/10/2022 8:15:04 PM,-2.46
10103,4/10/2022 8:15:08 PM,-1.99
10103,4/10/2022 8:15:12 PM,-2.67
10103,4/10/2022 8:15:16 PM,-2.44
10103,4/10/2022 8:15:20 PM,-2.46
10103,4/10/2022 8:15:24 PM,-2.67
10103,4/10/2022 8:15:28 PM,-2.68
10103,4/10/2022 8:15:32 PM,-2.68
10103,4/10/2022 8:15:36 PM,-2.68
10103,4/10/2022 8:15:40 PM,-2.21
10103,4/10/2022 8:15:44 PM,-2.68
10103,4/10/2022 8:15:48 PM,-2.68
10103,4/10/2022 8:15:52 PM,-2.68
10103,4/10/2022 8:15:56 PM,-2.23
10103,4/10/2022 8:16:00 PM,-2.60
10103,4/10/2022 8:16:04 PM,-2.22
10103,4/10/2022 8:16:08 PM,-2.23
10103,4/10/2022 8:16:12 PM,-1.99
10103,4/10/2022 8:16:16 PM,-2.68
10103,4/10/2022 8:16:20 PM,-2.68
10103,4/10/2022 8:16:24 PM,-2.68
10103,4/10/2022 8:16:28 PM,-2.90
10103,4/10/2022 8:16:32 PM,-2.47
10103,4/10/2022 8:16:36 PM,-2.67
10103,4/10/2022 8:16:40 PM,-2.21
10103,4/10/2022 8:16:44 PM,-3.13
10103,4/10/2022 8:16:48 PM,-2.02
10103,4/10/2022 8:16:52 PM,-2.68
10103,4/10/2022 8:16:56 PM,-2.68
10103,4/10/2022 8:17:00 PM,-2.00
10103,4/10/2022 8:17:04 PM,-2.68
10103,4/10/2022 8:17:08 PM,-2.68
10103,4/10/2022 8:17:12 PM,-2.68
10103,4/10/2022 8:17:16 PM,-2.68
10103,4/10/2022 8:17:20 PM,-2.28
10103,4/10/2022 8:17:24 PM,-1.99
10103,4/10/2022 8:17:28 PM,-3.12
10103,4/10/2022 8:17:32 PM,-2.71
10103,4/10/2022 8:17:36 PM,-1.99
10103,4/10/2022 8:17:40 PM,-2.68
10103,4/10/2022 8:17:44 PM,-2.68
10103,4/10/2022 8:17:48 PM,-2.68
10103,4/10/2022 8:17:52 PM,-2.46
10103,4/10/2022 8:17:56 PM,-2.44
10103,4/10/2022 8:18:00 PM,-2.00
10103,4/10/2022 8:18:04 PM,-2.24
10103,4/10/2022 8:18:08 PM,-1.76
10103,4/10/2022 8:18:12 PM,-2.67
10103,4/10/2022 8:18:16 PM,-2.92
10103,4/10/2022 8:18:20 PM,-2.44
10103,4/10/2022 8:18:24 PM,-2.00
10103,4/10/2022 8:18:28 PM,-3.36
10103,4/10/2022 8:18:32 PM,-2.91
10103,4/10/2022 8:18:36 PM,-2.68
10103,4/10/2022 8:18:40 PM,-1.99
10103,4/10/2022 8:18:44 PM,-1.99
10103,4/10/2022 8:18:48 PM,-3.34
10103,4/10/2022 8:18:52 PM,-2.24
10103,4/10/2022 8:18:56 PM,-2.20
10103,4/10/2022 8:19:00 PM,-2.00
10103,4/10/2022 8:19:04 PM,-2.68
10103,4/10/2022 8:19:08 PM,-3.13
10103,4/10/2022 8:19:12 PM,-3.36
10103,4/10/2022 8:19:16 PM,-2.68
10103,4/10/2022 8:19:20 PM,-2.68
10103,4/10/2022 8:19:24 PM,-2.00
10103,4/10/2022 8:19:28 PM,-2.25
10103,4/10/2022 8:19:32 PM,-2.20
10103,4/10/2022 8:19:36 PM,-2.00
10103,4/10/2022 8:19:40 PM,-2.21
10103,4/10/2022 8:19:44 PM,-2.23
10103,4/10/2022 8:19:48 PM,-1.99
10103,4/10/2022 8:19:52 PM,-2.68
10103,4/10/2022 8:19:56 PM,-2.68
10103,4/10/2022 8:20:00 PM,-2.00
10103,4/10/2022 8:20:04 PM,-2.68
10103,4/10/2022 8:20:08 PM,-2.23
10103,4/10/2022 8:20:12 PM,-1.99
10103,4/10/2022 8:20:16 PM,-2.68
10103,4/10/2022 8:20:20 PM,-3.07
10103,4/10/2022 8:20:24 PM,-2.00
10103,4/10/2022 8:20:28 PM,-2.68
10103,4/10/2022 8:20:32 PM,-2.68
10103,4/10/2022 8:20:36 PM,-2.68
10103,4/10/2022 8:20:40 PM,-2.44
10103,4/10/2022 8:20:44 PM,-2.91
10103,4/10/2022 8:20:48 PM,-2.00
10103,4/10/2022 8:20:52 PM,-2.68
10103,4/10/2022 8:20:56 PM,-1.78
10103,4/10/2022 8:21:00 PM,-1.31
10103,4/10/2022 8:21:04 PM,-2.70
10103,4/10/2022 8:21:08 PM,-2.21
10103,4/10/2022 8:21:12 PM,-2.68
10103,4/10/2022 8:21:16 PM,-2.46
10103,4/10/2022 8:21:20 PM,-1.99
10103,4/10/2022 8:21:24 PM,-1.99
10103,4/10/2022 8:21:28 PM,-3.14
10103,4/10/2022 8:21:32 PM,-2.23
10103,4/10/2022 8:21:36 PM,-3.36
10103,4/10/2022 8:21:40 PM,-3.14
10103,4/10/2022 8:21:44 PM,-2.68
10103,4/10/2022 8:21:48 PM,-3.36
10103,4/10/2022 8:21:52 PM,-2.22
10103,4/10/2022 8:21:56 PM,-2.68
10103,4/10/2022 8:22:00 PM,-3.36
10103,4/10/2022 8:22:04 PM,-2.46
10103,4/10/2022 8:22:08 PM,-2.40
10103,4/10/2022 8:22:12 PM,-2.00
10103,4/10/2022 8:22:16 PM,-2.68
10103,4/10/2022 8:22:20 PM,-2.68
10103,4/10/2022 8:22:24 PM,-3.36
10103,4/10/2022 8:22:28 PM,-2.43
10103,4/10/2022 8:22:32 PM,-2.46
10103,4/10/2022 8:22:36 PM,-1.99
10103,4/10/2022 8:22:40 PM,-2.43
10103,4/10/2022 8:22:44 PM,-3.36
10103,4/10/2022 8:22:48 PM,-2.00
10103,4/10/2022 8:22:52 PM,-2.68
10103,4/10/2022 8:22:56 PM,-2.68
10103,4/10/2022 8:23:00 PM,-2.00
10103,4/10/2022 8:23:04 PM,-1.99
10103,4/10/2022 8:23:08 PM,-2.44
10103,4/10/2022 8:23:12 PM,-2.00
10103,4/10/2022 8:23:16 PM,-1.99
10103,4/10/2022 8:23:20 PM,-1.99
10103,4/10/2022 8:23:24 PM,-2.67
10103,4/10/2022 8:23:28 PM,-2.93
10103,4/10/2022 8:23:32 PM,-2.44
10103,4/10/2022 8:23:36 PM,-2.68
10103,4/10/2022 8:23:40 PM,-2.68
10103,4/10/2022 8:23:44 PM,-2.68
10103,4/10/2022 8:23:48 PM,-2.68
10103,4/10/2022 8:23:52 PM,-2.43
10103,4/10/2022 8:23:56 PM,-2.92
10103,4/10/2022 8:24:00 PM,-2.68
10103,4/10/2022 8:24:04 PM,-3.14
10103,4/10/2022 8:24:08 PM,-2.23
10103,4/10/2022 8:24:12 PM,-3.35
10103,4/10/2022 8:24:16 PM,-2.68
10103,4/10/2022 8:24:20 PM,-2.23
10103,4/10/2022 8:24:24 PM,-2.67
10103,4/10/2022 8:24:28 PM,-2.68
10103,4/10/2022 8:24:32 PM,-2.68
10103,4/10/2022 8:24:36 PM,-2.00
10103,4/10/2022 8:24:40 PM,-2.68
10103,4/10/2022 8:24:44 PM,-2.68
10103,4/10/2022 8:24:48 PM,-3.36
10103,4/10/2022 8:24:52 PM,-3.14
10103,4/10/2022 8:24:56 PM,-3.13
10103,4/10/2022 8:25:00 PM,-2.68
10103,4/10/2022 8:25:04 PM,-2.49
10103,4/10/2022 8:25:08 PM,-1.99
10103,4/10/2022 8:25:12 PM,-2.67
10103,4/10/2022 8:25:16 PM,-1.99
10103,4/10/2022 8:25:20 PM,-2.44
10103,4/10/2022 8:25:24 PM,-2.00
10103,4/10/2022 8:25:28 PM,-2.90
10103,4/10/2022 8:25:32 PM,-2.47
10103,4/10/2022 8:25:36 PM,-1.99
10103,4/10/2022 8:25:40 PM,-2.21
10103,4/10/2022 8:25:44 PM,-2.68
10103,4/10/2022 8:25:48 PM,-2.68
10103,4/10/2022 8:25:52 PM,-2.44
10103,4/10/2022 8:25:56 PM,-2.92
10103,4/10/2022 8:26:00 PM,-2.68
10103,4/10/2022 8:26:04 PM,-2.90
10103,4/10/2022 8:26:08 PM,-2.91
10103,4/10/2022 8:26:12 PM,-2.68
10103,4/10/2022 8:26:16 PM,-2.90
10103,4/10/2022 8:26:20 PM,-2.47
10103,4/10/2022 8:26:24 PM,-2.67
10103,4/10/2022 8:26:28 PM,-1.75
10103,4/10/2022 8:26:32 PM,-2.68
10103,4/10/2022 8:26:36 PM,-2.68
10103,4/10/2022 8:26:40 PM,-3.14
10103,4/10/2022 8:26:44 PM,-2.68
10103,4/10/2022 8:26:48 PM,-2.00
10103,4/10/2022 8:26:52 PM,-2.94
10103,4/10/2022 8:26:56 PM,-1.99
10103,4/10/2022 8:27:00 PM,-1.99
10103,4/10/2022 8:27:04 PM,-2.90
10103,4/10/2022 8:27:08 PM,-2.47
10103,4/10/2022 8:27:12 PM,-3.35
10103,4/10/2022 8:27:16 PM,-2.68
10103,4/10/2022 8:27:20 PM,-2.68
10103,4/10/2022 8:27:24 PM,-2.68
10103,4/10/2022 8:27:28 PM,-3.15
10103,4/10/2022 8:27:32 PM,-2.68
10103,4/10/2022 8:27:36 PM,-2.00
10103,4/10/2022 8:27:40 PM,-2.68
10103,4/10/2022 8:27:44 PM,-2.23
10103,4/10/2022 8:27:48 PM,-2.67
10103,4/10/2022 8:27:52 PM,-2.46
10103,4/10/2022 8:27:56 PM,-2.44
10103,4/10/2022 8:28:00 PM,-2.00
10103,4/10/2022 8:28:04 PM,-2.22
10103,4/10/2022 8:28:08 PM,-3.13
10103,4/10/2022 8:28:12 PM,-2.69
10103,4/10/2022 8:28:16 PM,-2.68
10103,4/10/2022 8:28:20 PM,-2.68
10103,4/10/2022 8:28:24 PM,-2.68
10103,4/10/2022 8:28:28 PM,-2.21
10103,4/10/2022 8:28:32 PM,-2.68
10103,4/10/2022 8:28:36 PM,-2.68
10103,4/10/2022 8:28:40 PM,-2.90
10103,4/10/2022 8:28:44 PM,-2.92
10103,4/10/2022 8:28:48 PM,-2.68
10103,4/10/2022 8:28:52 PM,-2.68
10103,4/10/2022 8:28:56 PM,-2.68
10103,4/10/2022 8:29:00 PM,-2.68
10103,4/10/2022 8:29:04 PM,-2.46
10103,4/10/2022 8:29:08 PM,-2.44
10103,4/10/2022 8:29:12 PM,-2.68
10103,4/10/2022 8:29:16 PM,-2.46
10103,4/10/2022 8:29:20 PM,-1.54
10103,4/10/2022 8:29:24 PM,-2.67
10103,4/10/2022 8:29:28 PM,-2.89
10103,4/10/2022 8:29:32 PM,-2.92
10103,4/10/2022 8:29:36 PM,-2.68
10103,4/10/2022 8:29:40 PM,-2.68
10103,4/10/2022 8:29:44 PM,-1.78
10103,4/10/2022 8:29:48 PM,-2.67
10103,4/10/2022 8:29:52 PM,-2.68
10103,4/10/2022 8:29:56 PM,-2.23
10103,4/10/2022 8:30:00 PM,-2.66
10103,4/10/2022 8:30:04 PM,-2.46
10103,4/10/2022 8:30:08 PM,-1.99
10103,4/10/2022 8:30:12 PM,-2.67
10103,4/10/2022 8:30:16 PM,-2.21
10103,4/10/2022 8:30:20 PM,-2.23
10103,4/10/2022 8:30:24 PM,-1.99
10103,4/10/2022 8:30:28 PM,-2.68
10103,4/10/2022 8:30:32 PM,-2.68
10103,4/10/2022 8:30:36 PM,-2.00
10103,4/10/2022 8:30:40 PM,-2.68
10103,4/10/2022 8:30:44 PM,-2.68
10103,4/10/2022 8:30:48 PM,-2.00
10103,4/10/2022 8:30:52 PM,-3.36
10103,4/10/2022 8:30:56 PM,-2.92
10103,4/10/2022 8:31:00 PM,-3.36
10103,4/10/2022 8:31:04 PM,-2.68
10103,4/10/2022 8:31:08 PM,-2.68
10103,4/10/2022 8:31:12 PM,-2.68
10103,4/10/2022 8:31:16 PM,-2.46
10103,4/10/2022 8:31:20 PM,-2.44
10103,4/10/2022 8:31:24 PM,-2.00
10103,4/10/2022 8:31:28 PM,-2.21
10103,4/10/2022 8:31:32 PM,-3.09
10103,4/10/2022 8:31:36 PM,-2.69
10103,4/10/2022 8:31:40 PM,-2.92
10103,4/10/2022 8:31:44 PM,-2.44
10103,4/10/2022 8:31:48 PM,-2.68
10103,4/10/2022 8:31:52 PM,-3.61
10103,4/10/2022 8:31:56 PM,-3.12
10103,4/10/2022 8:32:00 PM,-3.36
10103,4/10/2022 8:32:04 PM,-2.46
10103,4/10/2022 8:32:08 PM,-1.99
10103,4/10/2022 8:32:12 PM,-2.67
10103,4/10/2022 8:32:16 PM,-2.43
10103,4/10/2022 8:32:20 PM,-2.47
10103,4/10/2022 8:32:24 PM,-2.67
10103,4/10/2022 8:32:28 PM,-2.93
10103,4/10/2022 8:32:32 PM,-1.99
10103,4/10/2022 8:32:36 PM,-2.67
10103,4/10/2022 8:32:40 PM,-3.36
10103,4/10/2022 8:32:44 PM,-2.92
10103,4/10/2022 8:32:48 PM,-2.00
10103,4/10/2022 8:32:52 PM,-2.43
10103,4/10/2022 8:32:56 PM,-3.36
10103,4/10/2022 8:33:00 PM,-3.36
10103,4/10/2022 8:33:04 PM,-1.99
10103,4/10/2022 8:33:08 PM,-2.44
10103,4/10/2022 8:33:12 PM,-2.68
10103,4/10/2022 8:33:16 PM,-2.21
10103,4/10/2022 8:33:20 PM,-2.23
10103,4/10/2022 8:33:24 PM,-2.67
10103,4/10/2022 8:33:28 PM,-1.99
10103,4/10/2022 8:33:32 PM,-2.89
10103,4/10/2022 8:33:36 PM,-3.36
10103,4/10/2022 8:33:40 PM,-2.68
10103,4/10/2022 8:33:44 PM,-2.23
10103,4/10/2022 8:33:48 PM,-2.68
10103,4/10/2022 8:33:52 PM,-2.46
10103,4/10/2022 8:33:56 PM,-1.99
10103,4/10/2022 8:34:00 PM,-1.99
10103,4/10/2022 8:34:04 PM,-2.44
10103,4/10/2022 8:34:08 PM,-3.36
10103,4/10/2022 8:34:12 PM,-2.69
10103,4/10/2022 8:34:16 PM,-2.68
10103,4/10/2022 8:34:20 PM,-2.68
10103,4/10/2022 8:34:24 PM,-2.68
10103,4/10/2022 8:34:28 PM,-2.68
10103,4/10/2022 8:34:32 PM,-2.68
10103,4/10/2022 8:34:36 PM,-2.68
10103,4/10/2022 8:34:40 PM,-3.36
10103,4/10/2022 8:34:44 PM,-2.47
10103,4/10/2022 8:34:48 PM,-1.99
10103,4/10/2022 8:34:52 PM,-2.22
10103,4/10/2022 8:34:56 PM,-1.78
10103,4/10/2022 8:35:00 PM,-1.31
10103,4/10/2022 8:35:04 PM,-2.92
10103,4/10/2022 8:35:08 PM,-1.99
10103,4/10/2022 8:35:12 PM,-1.99
10103,4/10/2022 8:35:16 PM,-2.22
10103,4/10/2022 8:35:20 PM,-2.68
10103,4/10/2022 8:35:24 PM,-3.36
10103,4/10/2022 8:35:28 PM,-3.14
10103,4/10/2022 8:35:32 PM,-2.68
10103,4/10/2022 8:35:36 PM,-2.06
10103,4/10/2022 8:35:40 PM,-2.90
10103,4/10/2022 8:35:44 PM,-2.46
10103,4/10/2022 8:35:48 PM,-2.67
10103,4/10/2022 8:35:52 PM,-2.92
10103,4/10/2022 8:35:56 PM,-1.99
10103,4/10/2022 8:36:00 PM,-2.67
10103,4/10/2022 8:36:04 PM,-2.68
10103,4/10/2022 8:36:08 PM,-2.68
10103,4/10/2022 8:36:12 PM,-3.36
10103,4/10/2022 8:36:16 PM,-2.21
10103,4/10/2022 8:36:20 PM,-2.68
10103,4/10/2022 8:36:24 PM,-3.36
10103,4/10/2022 8:36:28 PM,-2.21
10103,4/10/2022 8:36:32 PM,-3.13
10103,4/10/2022 8:36:36 PM,-2.00
10103,4/10/2022 8:36:40 PM,-2.68
10103,4/10/2022 8:36:44 PM,-2.68
10103,4/10/2022 8:36:48 PM,-2.68
10103,4/10/2022 8:36:52 PM,-2.46
10103,4/10/2022 8:36:56 PM,-1.99
10103,4/10/2022 8:37:00 PM,-2.67
10103,4/10/2022 8:37:04 PM,-2.68
10103,4/10/2022 8:37:08 PM,-3.12
10103,4/10/2022 8:37:12 PM,-2.69
10103,4/10/2022 8:37:16 PM,-1.75
10103,4/10/2022 8:37:20 PM,-2.23
10103,4/10/2022 8:37:24 PM,-3.35
10103,4/10/2022 8:37:28 PM,-1.99
10103,4/10/2022 8:37:32 PM,-2.44
10103,4/10/2022 8:37:36 PM,-2.04
10103,4/10/2022 8:37:40 PM,-2.68
10103,4/10/2022 8:37:44 PM,-2.23
10103,4/10/2022 8:37:48 PM,-2.67
10103,4/10/2022 8:37:52 PM,-2.68
10103,4/10/2022 8:37:56 PM,-3.13
10103,4/10/2022 8:38:00 PM,-2.68
10103,4/10/2022 8:38:04 PM,-2.22
10103,4/10/2022 8:38:08 PM,-3.13
10103,4/10/2022 8:38:12 PM,-2.01
10103,4/10/2022 8:38:16 PM,-3.36
10103,4/10/2022 8:38:20 PM,-2.91
10103,4/10/2022 8:38:24 PM,-2.00
10103,4/10/2022 8:38:28 PM,-2.46
10103,4/10/2022 8:38:32 PM,-2.89
10103,4/10/2022 8:38:36 PM,-2.00
10103,4/10/2022 8:38:40 PM,-2.92
10103,4/10/2022 8:38:44 PM,-2.89
10103,4/10/2022 8:38:48 PM,-2.00
10103,4/10/2022 8:38:52 PM,-3.36
10103,4/10/2022 8:38:56 PM,-2.92
10103,4/10/2022 8:39:00 PM,-2.68
10103,4/10/2022 8:39:04 PM,-3.36
10103,4/10/2022 8:39:08 PM,-2.91
10103,4/10/2022 8:39:12 PM,-2.68
10103,4/10/2022 8:39:16 PM,-3.36
10103,4/10/2022 8:39:20 PM,-2.91
10103,4/10/2022 8:39:24 PM,-2.00
10103,4/10/2022 8:39:28 PM,-1.99
10103,4/10/2022 8:39:32 PM,-1.99
10103,4/10/2022 8:39:36 PM,-1.99
10103,4/10/2022 8:39:40 PM,-2.68
10103,4/10/2022 8:39:44 PM,-2.23
10103,4/10/2022 8:39:48 PM,-2.67
10103,4/10/2022 8:39:52 PM,-2.21
10103,4/10/2022 8:39:56 PM,-2.23
10103,4/10/2022 8:40:00 PM,-1.99
10103,4/10/2022 8:40:04 PM,-2.68
10103,4/10/2022 8:40:08 PM,-2.68
10103,4/10/2022 8:40:12 PM,-2.68
10103,4/10/2022 8:40:16 PM,-2.21
10103,4/10/2022 8:40:20 PM,-2.68
10103,4/10/2022 8:40:24 PM,-2.68
10103,4/10/2022 8:40:28 PM,-2.90
10103,4/10/2022 8:40:32 PM,-3.36
10103,4/10/2022 8:40:36 PM,-2.01
10103,4/10/2022 8:40:40 PM,-2.93
10103,4/10/2022 8:40:44 PM,-2.44
10103,4/10/2022 8:40:48 PM,-2.68
10103,4/10/2022 8:40:52 PM,-2.92
10103,4/10/2022 8:40:56 PM,-2.89
10103,4/10/2022 8:41:00 PM,-2.68
10103,4/10/2022 8:41:04 PM,-1.99
10103,4/10/2022 8:41:08 PM,-2.44
10103,4/10/2022 8:41:12 PM,-2.68
10103,4/10/2022 8:41:16 PM,-2.92
10103,4/10/2022 8:41:20 PM,-2.44
10103,4/10/2022 8:41:24 PM,-2.68
10103,4/10/2022 8:41:28 PM,-2.68
10103,4/10/2022 8:41:32 PM,-2.68
10103,4/10/2022 8:41:36 PM,-2.68
10103,4/10/2022 8:41:40 PM,-1.99
10103,4/10/2022 8:41:44 PM,-1.99
10103,4/10/2022 8:41:48 PM,-2.67
10103,4/10/2022 8:41:52 PM,-2.90
10103,4/10/2022 8:41:56 PM,-2.92
10103,4/10/2022 8:42:00 PM,-2.00
10103,4/10/2022 8:42:04 PM,-2.22
10103,4/10/2022 8:42:08 PM,-3.13
10103,4/10/2022 8:42:12 PM,-2.01
10103,4/10/2022 8:42:16 PM,-2.90
10103,4/10/2022 8:42:20 PM,-2.47
10103,4/10/2022 8:42:24 PM,-2.67
10103,4/10/2022 8:42:28 PM,-2.21
10103,4/10/2022 8:42:32 PM,-3.13
10103,4/10/2022 8:42:36 PM,-2.01
10103,4/10/2022 8:42:40 PM,-2.21
10103,4/10/2022 8:42:44 PM,-3.13
10103,4/10/2022 8:42:48 PM,-3.36
10103,4/10/2022 8:42:52 PM,-2.21
10103,4/10/2022 8:42:56 PM,-2.68
10103,4/10/2022 8:43:00 PM,-3.36
10103,4/10/2022 8:43:04 PM,-2.90
10103,4/10/2022 8:43:08 PM,-2.47
10103,4/10/2022 8:43:12 PM,-2.67
10103,4/10/2022 8:43:16 PM,-2.90
10103,4/10/2022 8:43:20 PM,-3.36
10103,4/10/2022 8:43:24 PM,-2.01
10103,4/10/2022 8:43:28 PM,-2.46
10103,4/10/2022 8:43:32 PM,-2.44
10103,4/10/2022 8:43:36 PM,-2.68
10103,4/10/2022 8:43:40 PM,-2.46
10103,4/10/2022 8:43:44 PM,-1.99
10103,4/10/2022 8:43:48 PM,-2.67
10103,4/10/2022 8:43:52 PM,-2.46
10103,4/10/2022 8:43:56 PM,-1.99
10103,4/10/2022 8:44:00 PM,-1.99
10103,4/10/2022 8:44:04 PM,-1.99
10103,4/10/2022 8:44:08 PM,-2.44
10103,4/10/2022 8:44:12 PM,-2.68
10103,4/10/2022 8:44:16 PM,-2.46
10103,4/10/2022 8:44:20 PM,-2.44
10103,4/10/2022 8:44:24 PM,-2.00
10103,4/10/2022 8:44:28 PM,-1.99
10103,4/10/2022 8:44:32 PM,-2.44
10103,4/10/2022 8:44:36 PM,-3.36
10103,4/10/2022 8:44:40 PM,-1.99
10103,4/10/2022 8:44:44 PM,-1.99
10103,4/10/2022 8:44:48 PM,-1.99
10103,4/10/2022 8:44:52 PM,-2.68
10103,4/10/2022 8:44:56 PM,-2.68
10103,4/10/2022 8:45:00 PM,-2.68
10103,4/10/2022 8:45:04 PM,-2.68
10103,4/10/2022 8:45:08 PM,-2.68
10103,4/10/2022 8:45:12 PM,-3.35
10103,4/10/2022 8:45:16 PM,-3.83
10103,4/10/2022 8:45:20 PM,-2.47
10103,4/10/2022 8:45:24 PM,-1.99
10103,4/10/2022 8:45:28 PM,-1.99
10103,4/10/2022 8:45:32 PM,-2.44
10103,4/10/2022 8:45:36 PM,-2.68
10103,4/10/2022 8:45:40 PM,-2.93
10103,4/10/2022 8:45:44 PM,-1.99
10103,4/10/2022 8:45:48 PM,-1.99
10103,4/10/2022 8:45:52 PM,-2.52
10103,4/10/2022 8:45:56 PM,-2.44
10103,4/10/2022 8:46:00 PM,-3.36
10103,4/10/2022 8:46:04 PM,-2.22
10103,4/10/2022 8:46:08 PM,-2.23
10103,4/10/2022 8:46:12 PM,-1.99
10103,4/10/2022 8:46:16 PM,-2.22
10103,4/10/2022 8:46:20 PM,-2.23
10103,4/10/2022 8:46:24 PM,-2.68
10103,4/10/2022 8:46:28 PM,-2.22
10103,4/10/2022 8:46:32 PM,-2.68
10103,4/10/2022 8:46:36 PM,-3.36
10103,4/10/2022 8:46:40 PM,-2.22
10103,4/10/2022 8:46:44 PM,-2.68
10103,4/10/2022 8:46:48 PM,-1.32
10103,4/10/2022 8:46:52 PM,-2.22
10103,4/10/2022 8:46:56 PM,-2.23
10103,4/10/2022 8:47:00 PM,-1.99
10103,4/10/2022 8:47:04 PM,-2.46
10103,4/10/2022 8:47:08 PM,-2.44
10103,4/10/2022 8:47:12 PM,-2.01
10103,4/10/2022 8:47:16 PM,-2.22
10103,4/10/2022 8:47:20 PM,-2.23
10103,4/10/2022 8:47:24 PM,-1.99
10103,4/10/2022 8:47:28 PM,-3.14
10103,4/10/2022 8:47:32 PM,-3.13
10103,4/10/2022 8:47:36 PM,-2.68
10103,4/10/2022 8:47:40 PM,-2.21
10103,4/10/2022 8:47:44 PM,-2.23
10103,4/10/2022 8:47:48 PM,-1.99
10103,4/10/2022 8:47:52 PM,-2.90
10103,4/10/2022 8:47:56 PM,-2.92
10103,4/10/2022 8:48:00 PM,-3.36
10103,4/10/2022 8:48:04 PM,-2.46
10103,4/10/2022 8:48:08 PM,-2.90
10103,4/10/2022 8:48:12 PM,-2.08
10103,4/10/2022 8:48:16 PM,-2.68
10103,4/10/2022 8:48:20 PM,-2.23
10103,4/10/2022 8:48:24 PM,-1.31
10103,4/10/2022 8:48:28 PM,-2.43
10103,4/10/2022 8:48:32 PM,-2.46
10103,4/10/2022 8:48:36 PM,-1.99
10103,4/10/2022 8:48:40 PM,-2.68
10103,4/10/2022 8:48:44 PM,-2.68
10103,4/10/2022 8:48:48 PM,-2.68
10103,4/10/2022 8:48:52 PM,-2.46
10103,4/10/2022 8:48:56 PM,-1.99
10103,4/10/2022 8:49:00 PM,-2.67
10103,4/10/2022 8:49:04 PM,-2.90
10103,4/10/2022 8:49:08 PM,-2.46
10103,4/10/2022 8:49:12 PM,-1.99
10103,4/10/2022 8:49:16 PM,-2.68
10103,4/10/2022 8:49:20 PM,-2.23
10103,4/10/2022 8:49:24 PM,-1.99
10103,4/10/2022 8:49:28 PM,-1.97
10103,4/10/2022 8:49:32 PM,-2.91
10103,4/10/2022 8:49:36 PM,-2.00
10103,4/10/2022 8:49:40 PM,-2.44
10103,4/10/2022 8:49:44 PM,-2.91
10103,4/10/2022 8:49:48 PM,-2.68
10103,4/10/2022 8:49:52 PM,-2.68
10103,4/10/2022 8:49:56 PM,-2.23
10103,4/10/2022 8:50:00 PM,-2.67
10103,4/10/2022 8:50:04 PM,-2.68
10103,4/10/2022 8:50:08 PM,-2.68
10103,4/10/2022 8:50:12 PM,-3.36
10103,4/10/2022 8:50:16 PM,-2.70
10103,4/10/2022 8:50:20 PM,-1.76
10103,4/10/2022 8:50:24 PM,-2.67
10103,4/10/2022 8:50:28 PM,-2.21
10103,4/10/2022 8:50:32 PM,-2.68
10103,4/10/2022 8:50:36 PM,-2.68
10103,4/10/2022 8:50:40 PM,-1.77
10103,4/10/2022 8:50:44 PM,-2.21
10103,4/10/2022 8:50:48 PM,-2.68
10103,4/10/2022 8:50:52 PM,-1.99
10103,4/10/2022 8:50:56 PM,-2.44
10103,4/10/2022 8:51:00 PM,-2.68
10103,4/10/2022 8:51:04 PM,-3.36
10103,4/10/2022 8:51:08 PM,-2.47
10103,4/10/2022 8:51:12 PM,-3.35
10103,4/10/2022 8:51:16 PM,-2.44
10103,4/10/2022 8:51:20 PM,-2.91
10103,4/10/2022 8:51:24 PM,-2.00
10103,4/10/2022 8:51:28 PM,-2.46
10103,4/10/2022 8:51:32 PM,-1.99
10103,4/10/2022 8:51:36 PM,-1.99
10103,4/10/2022 8:51:40 PM,-2.90
10103,4/10/2022 8:51:44 PM,-2.47
10103,4/10/2022 8:51:48 PM,-1.99
10103,4/10/2022 8:51:52 PM,-2.46
10103,4/10/2022 8:51:56 PM,-2.89
10103,4/10/2022 8:52:00 PM,-2.00
10103,4/10/2022 8:52:04 PM,-2.68
10103,4/10/2022 8:52:08 PM,-2.23
10103,4/10/2022 8:52:12 PM,-1.99
10103,4/10/2022 8:52:16 PM,-2.47
10103,4/10/2022 8:52:20 PM,-1.99
10103,4/10/2022 8:52:24 PM,-1.31
10103,4/10/2022 8:52:28 PM,-2.43
10103,4/10/2022 8:52:32 PM,-3.36
10103,4/10/2022 8:52:36 PM,-2.68
10103,4/10/2022 8:52:40 PM,-2.92
10103,4/10/2022 8:52:44 PM,-2.88
10103,4/10/2022 8:52:48 PM,-2.01
10103,4/10/2022 8:52:52 PM,-1.75
10103,4/10/2022 8:52:56 PM,-2.23
10103,4/10/2022 8:53:00 PM,-1.99
10103,4/10/2022 8:53:04 PM,-2.68
10103,4/10/2022 8:53:08 PM,-2.23
10103,4/10/2022 8:53:12 PM,-1.99
10103,4/10/2022 8:53:16 PM,-2.22
10103,4/10/2022 8:53:20 PM,-2.68
10103,4/10/2022 8:53:24 PM,-2.68
10103,4/10/2022 8:53:28 PM,-2.43
10103,4/10/2022 8:53:32 PM,-2.47
10103,4/10/2022 8:53:36 PM,-2.67
10103,4/10/2022 8:53:40 PM,-2.46
10103,4/10/2022 8:53:44 PM,-2.44
10103,4/10/2022 8:53:48 PM,-2.68
10103,4/10/2022 8:53:52 PM,-2.68
10103,4/10/2022 8:53:56 PM,-2.68
10103,4/10/2022 8:54:00 PM,-2.68
10103,4/10/2022 8:54:04 PM,-2.68
10103,4/10/2022 8:54:08 PM,-2.68
10103,4/10/2022 8:54:12 PM,-2.00
10103,4/10/2022 8:54:16 PM,-2.68
10103,4/10/2022 8:54:20 PM,-2.23
10103,4/10/2022 8:54:24 PM,-1.99
10103,4/10/2022 8:54:28 PM,-1.78
10103,4/10/2022 8:54:32 PM,-2.66
10103,4/10/2022 8:54:36 PM,-2.68
10103,4/10/2022 8:54:40 PM,-2.43
10103,4/10/2022 8:54:44 PM,-2.47
10103,4/10/2022 8:54:48 PM,-1.99
10103,4/10/2022 8:54:52 PM,-2.92
10103,4/10/2022 8:54:56 PM,-2.89
10103,4/10/2022 8:55:00 PM,-2.01
10103,4/10/2022 8:55:04 PM,-3.14
10103,4/10/2022 8:55:08 PM,-2.68
10103,4/10/2022 8:55:12 PM,-2.68
10103,4/10/2022 8:55:16 PM,-2.43
10103,4/10/2022 8:55:20 PM,-2.92
10103,4/10/2022 8:55:24 PM,-2.68
10103,4/10/2022 8:55:28 PM,-2.68
10103,4/10/2022 8:55:32 PM,-2.68
10103,4/10/2022 8:55:36 PM,-3.36
10103,4/10/2022 8:55:40 PM,-2.24
10103,4/10/2022 8:55:44 PM,-1.76
10103,4/10/2022 8:55:48 PM,-1.99
10103,4/10/2022 8:55:52 PM,-2.21
10103,4/10/2022 8:55:56 PM,-2.23
10103,4/10/2022 8:56:00 PM,-1.99
10103,4/10/2022 8:56:04 PM,-1.99
10103,4/10/2022 8:56:08 PM,-2.44
10103,4/10/2022 8:56:12 PM,-2.68
10103,4/10/2022 8:56:16 PM,-2.68
10103,4/10/2022 8:56:20 PM,-2.23
10103,4/10/2022 8:56:24 PM,-1.99
10103,4/10/2022 8:56:28 PM,-2.90
10103,4/10/2022 8:56:32 PM,-2.47
10103,4/10/2022 8:56:36 PM,-2.67
10103,4/10/2022 8:56:40 PM,-1.99
10103,4/10/2022 8:56:44 PM,-1.99
10103,4/10/2022 8:56:48 PM,-1.99
10103,4/10/2022 8:56:52 PM,-2.25
10103,4/10/2022 8:56:56 PM,-2.20
10103,4/10/2022 8:57:00 PM,-2.00
10103,4/10/2022 8:57:04 PM,-1.99
10103,4/10/2022 8:57:08 PM,-1.99
10103,4/10/2022 8:57:12 PM,-1.99
10103,4/10/2022 8:57:16 PM,-2.46
10103,4/10/2022 8:57:20 PM,-2.44
10103,4/10/2022 8:57:24 PM,-2.00
10103,4/10/2022 8:57:28 PM,-2.46
10103,4/10/2022 8:57:32 PM,-1.99
10103,4/10/2022 8:57:36 PM,-2.67
10103,4/10/2022 8:57:40 PM,-2.46
10103,4/10/2022 8:57:44 PM,-1.99
10103,4/10/2022 8:57:48 PM,-1.99
10103,4/10/2022 8:57:52 PM,-2.21
10103,4/10/2022 8:57:56 PM,-2.68
10103,4/10/2022 8:58:00 PM,-2.00
10103,4/10/2022 8:58:04 PM,-2.21
10103,4/10/2022 8:58:08 PM,-2.68
10103,4/10/2022 8:58:12 PM,-2.00
10103,4/10/2022 8:58:16 PM,-2.46
10103,4/10/2022 8:58:20 PM,-1.99
10103,4/10/2022 8:58:24 PM,-1.99
10103,4/10/2022 8:58:28 PM,-1.99
10103,4/10/2022 8:58:32 PM,-2.89
10103,4/10/2022 8:58:36 PM,-2.68
10103,4/10/2022 8:58:40 PM,-2.30
10103,4/10/2022 8:58:44 PM,-2.21
10103,4/10/2022 8:58:48 PM,-2.68
10103,4/10/2022 8:58:52 PM,-2.22
10103,4/10/2022 8:58:56 PM,-2.23
10103,4/10/2022 8:59:00 PM,-1.99
10103,4/10/2022 8:59:04 PM,-2.46
10103,4/10/2022 8:59:08 PM,-2.89
10103,4/10/2022 8:59:12 PM,-2.69
10103,4/10/2022 8:59:16 PM,-2.68
10103,4/10/2022 8:59:20 PM,-2.68
10103,4/10/2022 8:59:24 PM,-1.32
10103,4/10/2022 8:59:28 PM,-2.68
10103,4/10/2022 8:59:32 PM,-2.68
10103,4/10/2022 8:59:36 PM,-2.00
10103,4/10/2022 8:59:40 PM,-2.22
10103,4/10/2022 8:59:44 PM,-2.68
10103,4/10/2022 8:59:48 PM,-2.68
10103,4/10/2022 8:59:52 PM,-1.31
10103,4/10/2022 8:59:56 PM,-1.76
10103,4/10/2022 9:00:00 PM,-1.99
10103,4/10/2022 9:00:04 PM,-1.99
10103,4/10/2022 9:00:08 PM,-2.45
10103,4/10/2022 9:00:12 PM,-2.00
10103,4/10/2022 9:00:16 PM,-2.68
10103,4/10/2022 9:00:20 PM,-2.68
10103,4/10/2022 9:00:24 PM,-2.68
10103,4/10/2022 9:00:28 PM,-1.99
10103,4/10/2022 9:00:32 PM,-1.99
10103,4/10/2022 9:00:36 PM,-2.67
10103,4/10/2022 9:00:40 PM,-2.68
10103,4/10/2022 9:00:44 PM,-2.23
10103,4/10/2022 9:00:48 PM,-2.67
10103,4/10/2022 9:00:52 PM,-3.36
10103,4/10/2022 9:00:56 PM,-2.91
10103,4/10/2022 9:01:00 PM,-2.00
10103,4/10/2022 9:01:04 PM,-2.68
10103,4/10/2022 9:01:08 PM,-1.78
10103,4/10/2022 9:01:12 PM,-1.99
10103,4/10/2022 9:01:16 PM,-2.22
10103,4/10/2022 9:01:20 PM,-2.68
10103,4/10/2022 9:01:24 PM,-2.00
10103,4/10/2022 9:01:28 PM,-2.21
10103,4/10/2022 9:01:32 PM,-2.23
10103,4/10/2022 9:01:36 PM,-1.99
10103,4/10/2022 9:01:40 PM,-2.92
10103,4/10/2022 9:01:44 PM,-1.99
10103,4/10/2022 9:01:48 PM,-2.67
10103,4/10/2022 9:01:52 PM,-2.90
10103,4/10/2022 9:01:56 PM,-2.47
10103,4/10/2022 9:02:00 PM,-3.35
10103,4/10/2022 9:02:04 PM,-2.68
10103,4/10/2022 9:02:08 PM,-2.68
10103,4/10/2022 9:02:12 PM,-2.68
10103,4/10/2022 9:02:16 PM,-1.99
10103,4/10/2022 9:02:20 PM,-1.54
10103,4/10/2022 9:02:24 PM,-1.31
10103,4/10/2022 9:02:28 PM,-1.99
10103,4/10/2022 9:02:32 PM,-2.44
10103,4/10/2022 9:02:36 PM,-2.68
10103,4/10/2022 9:02:40 PM,-2.68
10103,4/10/2022 9:02:44 PM,-2.25
10103,4/10/2022 9:02:48 PM,-1.99
10103,4/10/2022 9:02:52 PM,-1.99
10103,4/10/2022 9:02:56 PM,-2.89
10103,4/10/2022 9:03:00 PM,-2.68
10103,4/10/2022 9:03:04 PM,-2.68
10103,4/10/2022 9:03:08 PM,-2.23
10103,4/10/2022 9:03:12 PM,-2.67
10103,4/10/2022 9:03:16 PM,-2.68
10103,4/10/2022 9:03:20 PM,-3.13
10103,4/10/2022 9:03:24 PM,-2.00
10103,4/10/2022 9:03:28 PM,-2.46
10103,4/10/2022 9:03:32 PM,-1.54
10103,4/10/2022 9:03:36 PM,-2.67
10103,4/10/2022 9:03:40 PM,-2.89
10103,4/10/2022 9:03:44 PM,-2.92
10103,4/10/2022 9:03:48 PM,-2.00
10103,4/10/2022 9:03:52 PM,-2.68
10103,4/10/2022 9:03:56 PM,-2.68
10103,4/10/2022 9:04:00 PM,-3.36
10103,4/10/2022 9:04:04 PM,-2.22
10103,4/10/2022 9:04:08 PM,-2.23
10103,4/10/2022 9:04:12 PM,-3.35
10103,4/10/2022 9:04:16 PM,-2.22
10103,4/10/2022 9:04:20 PM,-2.68
10103,4/10/2022 9:04:24 PM,-2.00
10103,4/10/2022 9:04:28 PM,-2.43
10103,4/10/2022 9:04:32 PM,-2.91
10103,4/10/2022 9:04:36 PM,-1.32
10103,4/10/2022 9:04:40 PM,-2.68
10103,4/10/2022 9:04:44 PM,-3.13
10103,4/10/2022 9:04:48 PM,-2.00
10103,4/10/2022 9:04:52 PM,-2.92
10103,4/10/2022 9:04:56 PM,-2.44
10103,4/10/2022 9:05:00 PM,-2.68
10103,4/10/2022 9:05:04 PM,-2.46
10103,4/10/2022 9:05:08 PM,-1.99
10103,4/10/2022 9:05:12 PM,-1.99
10103,4/10/2022 9:05:16 PM,-2.22
10103,4/10/2022 9:05:20 PM,-2.23
10103,4/10/2022 9:05:24 PM,-3.35
10103,4/10/2022 9:05:28 PM,-1.99
10103,4/10/2022 9:05:32 PM,-2.44
10103,4/10/2022 9:05:36 PM,-2.00
10103,4/10/2022 9:05:40 PM,-2.46
10103,4/10/2022 9:05:44 PM,-1.99
10103,4/10/2022 9:05:48 PM,-1.99
10103,4/10/2022 9:05:52 PM,-2.68
10103,4/10/2022 9:05:56 PM,-2.68
10103,4/10/2022 9:06:00 PM,-2.00
10103,4/10/2022 9:06:04 PM,-2.24
10103,4/10/2022 9:06:08 PM,-1.76
10103,4/10/2022 9:06:12 PM,-2.67
10103,4/10/2022 9:06:16 PM,-2.68
10103,4/10/2022 9:06:20 PM,-3.13
10103,4/10/2022 9:06:24 PM,-3.36
10103,4/10/2022 9:06:28 PM,-2.68
10103,4/10/2022 9:06:32 PM,-2.23
10103,4/10/2022 9:06:36 PM,-1.99
10103,4/10/2022 9:06:40 PM,-2.46
10103,4/10/2022 9:06:44 PM,-2.44
10103,4/10/2022 9:06:48 PM,-2.68
10103,4/10/2022 9:06:52 PM,-2.68
10103,4/10/2022 9:06:56 PM,-2.23
10103,4/10/2022 9:07:00 PM,-3.35
10103,4/10/2022 9:07:04 PM,-2.92
10103,4/10/2022 9:07:08 PM,-1.99
10103,4/10/2022 9:07:12 PM,-2.67
10103,4/10/2022 9:07:16 PM,-1.99
10103,4/10/2022 9:07:20 PM,-1.99
10103,4/10/2022 9:07:24 PM,-3.34
10103,4/10/2022 9:07:28 PM,-2.89
10103,4/10/2022 9:07:32 PM,-2.92
10103,4/10/2022 9:07:36 PM,-2.00
10103,4/10/2022 9:07:40 PM,-2.43
10103,4/10/2022 9:07:44 PM,-2.47
10103,4/10/2022 9:07:48 PM,-1.99
10103,4/10/2022 9:07:52 PM,-2.68
10103,4/10/2022 9:07:56 PM,-2.68
10103,4/10/2022 9:08:00 PM,-2.00
10103,4/10/2022 9:08:04 PM,-1.99
10103,4/10/2022 9:08:08 PM,-1.99
10103,4/10/2022 9:08:12 PM,-1.99
10103,4/10/2022 9:08:16 PM,-2.46
10103,4/10/2022 9:08:20 PM,-2.44
10103,4/10/2022 9:08:24 PM,-2.00
10103,4/10/2022 9:08:28 PM,-2.68
10103,4/10/2022 9:08:32 PM,-2.23
10103,4/10/2022 9:08:36 PM,-1.99
10103,4/10/2022 9:08:40 PM,-3.14
10103,4/10/2022 9:08:44 PM,-2.23
10103,4/10/2022 9:08:48 PM,-2.64
10103,4/10/2022 9:08:52 PM,-2.21
10103,4/10/2022 9:08:56 PM,-2.68
10103,4/10/2022 9:09:00 PM,-2.00
10103,4/10/2022 9:09:04 PM,-1.99
10103,4/10/2022 9:09:08 PM,-2.44
10103,4/10/2022 9:09:12 PM,-2.00
10103,4/10/2022 9:09:16 PM,-2.68
10103,4/10/2022 9:09:20 PM,-2.68
10103,4/10/2022 9:09:24 PM,-3.36
10103,4/10/2022 9:09:28 PM,-2.46
10103,4/10/2022 9:09:32 PM,-1.99
10103,4/10/2022 9:09:36 PM,-3.35
10103,4/10/2022 9:09:40 PM,-2.21
10103,4/10/2022 9:09:44 PM,-2.68
10103,4/10/2022 9:09:48 PM,-1.32
10103,4/10/2022 9:09:52 PM,-3.14
10103,4/10/2022 9:09:56 PM,-2.68
10103,4/10/2022 9:10:00 PM,-2.00
10103,4/10/2022 9:10:04 PM,-2.43
10103,4/10/2022 9:10:08 PM,-2.47
10103,4/10/2022 9:10:12 PM,-1.99
10103,4/10/2022 9:10:16 PM,-2.92
10103,4/10/2022 9:10:20 PM,-1.99
10103,4/10/2022 9:10:24 PM,-2.68
10103,4/10/2022 9:10:28 PM,-2.21
10103,4/10/2022 9:10:32 PM,-1.78
10103,4/10/2022 9:10:36 PM,-2.67
10103,4/10/2022 9:10:40 PM,-2.68
10103,4/10/2022 9:10:44 PM,-2.68
10103,4/10/2022 9:10:48 PM,-2.00
10103,4/10/2022 9:10:52 PM,-2.68
10103,4/10/2022 9:10:56 PM,-2.68
10103,4/10/2022 9:11:00 PM,-2.68
10103,4/10/2022 9:11:04 PM,-2.43
10103,4/10/2022 9:11:08 PM,-2.47
10103,4/10/2022 9:11:12 PM,-3.34
10103,4/10/2022 9:11:16 PM,-2.68
10103,4/10/2022 9:11:20 PM,-2.23
10103,4/10/2022 9:11:24 PM,-2.68
10103,4/10/2022 9:11:28 PM,-2.68
10103,4/10/2022 9:11:32 PM,-2.23
10103,4/10/2022 9:11:36 PM,-2.67
10103,4/10/2022 9:11:40 PM,-2.22
10103,4/10/2022 9:11:44 PM,-2.68
10103,4/10/2022 9:11:48 PM,-3.36
10103,4/10/2022 9:11:52 PM,-3.14
10103,4/10/2022 9:11:56 PM,-2.68
10103,4/10/2022 9:12:00 PM,-2.68
10103,4/10/2022 9:12:04 PM,-1.53
10103,4/10/2022 9:12:08 PM,-2.44
10103,4/10/2022 9:12:12 PM,-2.68
10103,4/10/2022 9:12:16 PM,-2.46
10103,4/10/2022 9:12:20 PM,-2.44
10103,4/10/2022 9:12:24 PM,-2.00
10103,4/10/2022 9:12:28 PM,-2.46
10103,4/10/2022 9:12:32 PM,-2.45
10103,4/10/2022 9:12:36 PM,-2.68
10103,4/10/2022 9:12:40 PM,-2.44
10103,4/10/2022 9:12:44 PM,-2.47
10103,4/10/2022 9:12:48 PM,-1.99
10103,4/10/2022 9:12:52 PM,-2.51
10103,4/10/2022 9:12:56 PM,-2.44
10103,4/10/2022 9:13:00 PM,-2.00
10103,4/10/2022 9:13:04 PM,-1.99
10103,4/10/2022 9:13:08 PM,-2.44
10103,4/10/2022 9:13:12 PM,-2.68
10103,4/10/2022 9:13:16 PM,-2.46
10103,4/10/2022 9:13:20 PM,-1.99
10103,4/10/2022 9:13:24 PM,-2.67
10103,4/10/2022 9:13:28 PM,-1.99
10103,4/10/2022 9:13:32 PM,-2.44
10103,4/10/2022 9:13:36 PM,-2.68
10103,4/10/2022 9:13:40 PM,-1.99
10103,4/10/2022 9:13:44 PM,-1.99
10103,4/10/2022 9:13:48 PM,-1.99
10103,4/10/2022 9:13:52 PM,-1.53
10103,4/10/2022 9:13:56 PM,-2.44
10103,4/10/2022 9:14:00 PM,-2.68
10103,4/10/2022 9:14:04 PM,-2.22
10103,4/10/2022 9:14:08 PM,-2.23
10103,4/10/2022 9:14:12 PM,-1.99
10103,4/10/2022 9:14:16 PM,-2.22
10103,4/10/2022 9:14:20 PM,-2.23
10103,4/10/2022 9:14:24 PM,-1.99
10103,4/10/2022 9:14:28 PM,-2.92
10103,4/10/2022 9:14:32 PM,-1.99
10103,4/10/2022 9:14:36 PM,-2.67
10103,4/10/2022 9:14:40 PM,-1.53
10103,4/10/2022 9:14:44 PM,-1.99
10103,4/10/2022 9:14:48 PM,-1.99
10103,4/10/2022 9:14:52 PM,-2.68
10103,4/10/2022 9:14:56 PM,-2.68
10103,4/10/2022 9:15:00 PM,-2.00
10103,4/10/2022 9:15:04 PM,-2.21
10103,4/10/2022 9:15:08 PM,-2.23
10103,4/10/2022 9:15:12 PM,-1.99
10103,4/10/2022 9:15:16 PM,-1.99
10103,4/10/2022 9:15:20 PM,-2.44
10103,4/10/2022 9:15:24 PM,-3.36
10103,4/10/2022 9:15:28 PM,-2.68
10103,4/10/2022 9:15:32 PM,-2.23
10103,4/10/2022 9:15:36 PM,-3.35
10103,4/10/2022 9:15:40 PM,-2.46
10103,4/10/2022 9:15:44 PM,-2.44
10103,4/10/2022 9:15:48 PM,-2.00
10103,4/10/2022 9:15:52 PM,-2.24
10103,4/10/2022 9:15:56 PM,-1.76
10103,4/10/2022 9:16:00 PM,-1.99
10103,4/10/2022 9:16:04 PM,-2.22
10103,4/10/2022 9:16:08 PM,-2.68
10103,4/10/2022 9:16:12 PM,-2.00
10103,4/10/2022 9:16:16 PM,-3.14
10103,4/10/2022 9:16:20 PM,-2.23
10103,4/10/2022 9:16:24 PM,-1.99
10103,4/10/2022 9:16:28 PM,-2.68
10103,4/10/2022 9:16:32 PM,-2.23
10103,4/10/2022 9:16:36 PM,-1.99
10103,4/10/2022 9:16:40 PM,-2.43
10103,4/10/2022 9:16:44 PM,-2.92
10103,4/10/2022 9:16:48 PM,-3.36
10103,4/10/2022 9:16:52 PM,-2.68
10103,4/10/2022 9:16:56 PM,-2.28
10103,4/10/2022 9:17:00 PM,-1.99
10103,4/10/2022 9:17:04 PM,-2.68
10103,4/10/2022 9:17:08 PM,-2.68
10103,4/10/2022 9:17:12 PM,-2.00
10103,4/10/2022 9:17:16 PM,-2.70
10103,4/10/2022 9:17:20 PM,-1.76
10103,4/10/2022 9:17:24 PM,-1.99
10103,4/10/2022 9:17:28 PM,-2.93
10103,4/10/2022 9:17:32 PM,-1.99
10103,4/10/2022 9:17:36 PM,-2.67
10103,4/10/2022 9:17:40 PM,-2.90
10103,4/10/2022 9:17:44 PM,-2.47
10103,4/10/2022 9:17:48 PM,-1.99
10103,4/10/2022 9:17:52 PM,-2.46
10103,4/10/2022 9:17:56 PM,-1.99
10103,4/10/2022 9:18:00 PM,-1.99
10103,4/10/2022 9:18:04 PM,-2.92
10103,4/10/2022 9:18:08 PM,-1.99
10103,4/10/2022 9:18:12 PM,-1.99
10103,4/10/2022 9:18:16 PM,-1.99
10103,4/10/2022 9:18:20 PM,-1.99
10103,4/10/2022 9:18:24 PM,-2.67
10103,4/10/2022 9:18:28 PM,-3.14
10103,4/10/2022 9:18:32 PM,-2.23
10103,4/10/2022 9:18:36 PM,-3.35
10103,4/10/2022 9:18:40 PM,-1.99
10103,4/10/2022 9:18:44 PM,-1.99
10103,4/10/2022 9:18:48 PM,-1.99
10103,4/10/2022 9:18:52 PM,-2.22
10103,4/10/2022 9:18:56 PM,-2.23
10103,4/10/2022 9:19:00 PM,-2.67
10103,4/10/2022 9:19:04 PM,-1.99
10103,4/10/2022 9:19:08 PM,-1.99
10103,4/10/2022 9:19:12 PM,-1.99
10103,4/10/2022 9:19:16 PM,-2.22
10103,4/10/2022 9:19:20 PM,-2.23
10103,4/10/2022 9:19:24 PM,-3.35
10103,4/10/2022 9:19:28 PM,-2.21
10103,4/10/2022 9:19:32 PM,-2.68
10103,4/10/2022 9:19:36 PM,-2.00
10103,4/10/2022 9:19:40 PM,-2.68
10103,4/10/2022 9:19:44 PM,-2.23
10103,4/10/2022 9:19:48 PM,-1.32
10103,4/10/2022 9:19:52 PM,-2.68
10103,4/10/2022 9:19:56 PM,-2.23
10103,4/10/2022 9:20:00 PM,-1.99
10103,4/10/2022 9:20:04 PM,-2.46
10103,4/10/2022 9:20:08 PM,-2.44
10103,4/10/2022 9:20:12 PM,-2.01
10103,4/10/2022 9:20:16 PM,-2.68
10103,4/10/2022 9:20:20 PM,-2.23
10103,4/10/2022 9:20:24 PM,-1.99
10103,4/10/2022 9:20:28 PM,-1.99
10103,4/10/2022 9:20:32 PM,-2.44
10103,4/10/2022 9:20:36 PM,-2.68
10103,4/10/2022 9:20:40 PM,-1.99
10103,4/10/2022 9:20:44 PM,-2.44
10103,4/10/2022 9:20:48 PM,-2.68
10103,4/10/2022 9:20:52 PM,-1.53
10103,4/10/2022 9:20:56 PM,-1.99
10103,4/10/2022 9:21:00 PM,-2.63
10103,4/10/2022 9:21:04 PM,-3.36
10103,4/10/2022 9:21:08 PM,-2.47
10103,4/10/2022 9:21:12 PM,-3.34
10103,4/10/2022 9:21:16 PM,-2.46
10103,4/10/2022 9:21:20 PM,-1.99
10103,4/10/2022 9:21:24 PM,-2.67
10103,4/10/2022 9:21:28 PM,-1.78
10103,4/10/2022 9:21:32 PM,-1.76
10103,4/10/2022 9:21:36 PM,-1.99
10103,4/10/2022 9:21:40 PM,-1.77
10103,4/10/2022 9:21:44 PM,-2.21
10103,4/10/2022 9:21:48 PM,-2.00
10103,4/10/2022 9:21:52 PM,-1.99
10103,4/10/2022 9:21:56 PM,-1.99
10103,4/10/2022 9:22:00 PM,-1.99
10103,4/10/2022 9:22:04 PM,-1.77
10103,4/10/2022 9:22:08 PM,-2.21
10103,4/10/2022 9:22:12 PM,-1.33
10103,4/10/2022 9:22:16 PM,-1.99
10103,4/10/2022 9:22:20 PM,-1.99
10103,4/10/2022 9:22:24 PM,-2.67
10103,4/10/2022 9:22:28 PM,-1.99
10103,4/10/2022 9:22:32 PM,-2.44
10103,4/10/2022 9:22:36 PM,-2.00
10103,4/10/2022 9:22:40 PM,-1.99
10103,4/10/2022 9:22:44 PM,-2.44
10103,4/10/2022 9:22:48 PM,-2.68
10103,4/10/2022 9:22:52 PM,-1.99
10103,4/10/2022 9:22:56 PM,-2.44
10103,4/10/2022 9:23:00 PM,-2.06
10103,4/10/2022 9:23:04 PM,-2.68
10103,4/10/2022 9:23:08 PM,-2.23
10103,4/10/2022 9:23:12 PM,-1.99
10103,4/10/2022 9:23:16 PM,-2.21
10103,4/10/2022 9:23:20 PM,-2.23
10103,4/10/2022 9:23:24 PM,-1.99
10103,4/10/2022 9:23:28 PM,-1.78
10103,4/10/2022 9:23:32 PM,-1.76
10103,4/10/2022 9:23:36 PM,-1.99
10103,4/10/2022 9:23:40 PM,-2.90
10103,4/10/2022 9:23:44 PM,-2.91
10103,4/10/2022 9:23:48 PM,-2.00
10103,4/10/2022 9:23:52 PM,-2.68
10103,4/10/2022 9:23:56 PM,-2.68
10103,4/10/2022 9:24:00 PM,-2.00
10103,4/10/2022 9:24:04 PM,-1.99
10103,4/10/2022 9:24:08 PM,-1.99
10103,4/10/2022 9:24:12 PM,-1.99
10103,4/10/2022 9:24:16 PM,-1.99
10103,4/10/2022 9:24:20 PM,-1.99
10103,4/10/2022 9:24:24 PM,-1.99
10103,4/10/2022 9:24:28 PM,-1.96
10103,4/10/2022 9:24:32 PM,-2.47
10103,4/10/2022 9:24:36 PM,-1.99
10103,4/10/2022 9:24:40 PM,-1.99
10103,4/10/2022 9:24:44 PM,-2.89
10103,4/10/2022 9:24:48 PM,-2.01
10103,4/10/2022 9:24:52 PM,-1.99
10103,4/10/2022 9:24:56 PM,-1.99
10103,4/10/2022 9:25:00 PM,-1.99
10103,4/10/2022 9:25:04 PM,-1.53
10103,4/10/2022 9:25:08 PM,-2.44
10103,4/10/2022 9:25:12 PM,-3.25
10103,4/10/2022 9:25:16 PM,-1.99
10103,4/10/2022 9:25:20 PM,-2.90
10103,4/10/2022 9:25:24 PM,-2.00
10103,4/10/2022 9:25:28 PM,-2.92
10103,4/10/2022 9:25:32 PM,-1.99
10103,4/10/2022 9:25:36 PM,-2.68
10103,4/10/2022 9:25:40 PM,-2.68
10103,4/10/2022 9:25:44 PM,-2.68
10103,4/10/2022 9:25:48 PM,-1.32
10103,4/10/2022 9:25:52 PM,-2.22
10103,4/10/2022 9:25:56 PM,-1.78
10103,4/10/2022 9:26:00 PM,-2.67
10103,4/10/2022 9:26:04 PM,-1.53
10103,4/10/2022 9:26:08 PM,-1.99
10103,4/10/2022 9:26:12 PM,-2.67
10103,4/10/2022 9:26:16 PM,-2.46
10103,4/10/2022 9:26:20 PM,-2.44
10103,4/10/2022 9:26:24 PM,-2.00
10103,4/10/2022 9:26:28 PM,-1.99
10103,4/10/2022 9:26:32 PM,-1.99
10103,4/10/2022 9:26:36 PM,-1.99
10103,4/10/2022 9:26:40 PM,-2.68
10103,4/10/2022 9:26:44 PM,-2.68
10103,4/10/2022 9:26:48 PM,-2.68
10103,4/10/2022 9:26:52 PM,-2.46
10103,4/10/2022 9:26:56 PM,-2.44
10103,4/10/2022 9:27:00 PM,-2.00
10103,4/10/2022 9:27:04 PM,-2.98
10103,4/10/2022 9:27:08 PM,-1.99
10103,4/10/2022 9:27:12 PM,-1.99
10103,4/10/2022 9:27:16 PM,-2.46
10103,4/10/2022 9:27:20 PM,-1.99
10103,4/10/2022 9:27:24 PM,-1.99
10103,4/10/2022 9:27:28 PM,-2.24
10103,4/10/2022 9:27:32 PM,-2.21
10103,4/10/2022 9:27:36 PM,-2.00
10103,4/10/2022 9:27:40 PM,-2.44
10103,4/10/2022 9:27:44 PM,-2.47
10103,4/10/2022 9:27:48 PM,-2.67
10103,4/10/2022 9:27:52 PM,-2.93
10103,4/10/2022 9:27:56 PM,-1.99
10103,4/10/2022 9:28:00 PM,-1.99
10103,4/10/2022 9:28:04 PM,-1.99
10103,4/10/2022 9:28:08 PM,-1.54
10103,4/10/2022 9:28:12 PM,-1.99
10103,4/10/2022 9:28:16 PM,-1.99
10103,4/10/2022 9:28:20 PM,-1.99
10103,4/10/2022 9:28:24 PM,-1.31
10103,4/10/2022 9:28:28 PM,-2.21
10103,4/10/2022 9:28:32 PM,-2.23
10103,4/10/2022 9:28:36 PM,-1.99
10103,4/10/2022 9:28:40 PM,-2.46
10103,4/10/2022 9:28:44 PM,-2.44
10103,4/10/2022 9:28:48 PM,-2.68
10103,4/10/2022 9:28:52 PM,-2.22
10103,4/10/2022 9:28:56 PM,-2.68
10103,4/10/2022 9:29:00 PM,-1.32
10103,4/10/2022 9:29:04 PM,-2.90
10103,4/10/2022 9:29:08 PM,-3.36
10103,4/10/2022 9:29:12 PM,-2.69
10103,4/10/2022 9:29:16 PM,-2.44
10103,4/10/2022 9:29:20 PM,-2.46
10103,4/10/2022 9:29:24 PM,-2.67
10103,4/10/2022 9:29:28 PM,-2.46
10103,4/10/2022 9:29:32 PM,-2.44
10103,4/10/2022 9:29:36 PM,-2.00
10103,4/10/2022 9:29:40 PM,-2.90
10103,4/10/2022 9:29:44 PM,-2.91
10103,4/10/2022 9:29:48 PM,-2.68
10103,4/10/2022 9:29:52 PM,-2.68
10103,4/10/2022 9:29:56 PM,-2.68
10103,4/10/2022 9:30:00 PM,-2.68
10103,4/10/2022 9:30:04 PM,-2.22
10103,4/10/2022 9:30:08 PM,-2.23
10103,4/10/2022 9:30:12 PM,-1.99
10103,4/10/2022 9:30:16 PM,-3.14
10103,4/10/2022 9:30:20 PM,-2.68
10103,4/10/2022 9:30:24 PM,-2.00
10103,4/10/2022 9:30:28 PM,-1.99
10103,4/10/2022 9:30:32 PM,-2.44
10103,4/10/2022 9:30:36 PM,-2.68
10103,4/10/2022 9:30:40 PM,-2.46
10103,4/10/2022 9:30:44 PM,-1.99
10103,4/10/2022 9:30:48 PM,-1.99
10103,4/10/2022 9:30:52 PM,-1.99
10103,4/10/2022 9:30:56 PM,-1.99
10103,4/10/2022 9:31:00 PM,-2.67
10103,4/10/2022 9:31:04 PM,-2.68
10103,4/10/2022 9:31:08 PM,-2.68
10103,4/10/2022 9:31:12 PM,-1.33
10103,4/10/2022 9:31:16 PM,-1.99
10103,4/10/2022 9:31:20 PM,-2.44
10103,4/10/2022 9:31:24 PM,-2.00
10103,4/10/2022 9:31:28 PM,-2.21
10103,4/10/2022 9:31:32 PM,-2.68
10103,4/10/2022 9:31:36 PM,-1.32
10103,4/10/2022 9:31:40 PM,-2.43
10103,4/10/2022 9:31:44 PM,-3.36
10103,4/10/2022 9:31:48 PM,-2.68
10103,4/10/2022 9:31:52 PM,-2.46
10103,4/10/2022 9:31:56 PM,-2.89
10103,4/10/2022 9:32:00 PM,-2.01
10103,4/10/2022 9:32:04 PM,-1.99
10103,4/10/2022 9:32:08 PM,-2.44
10103,4/10/2022 9:32:12 PM,-2.68
10103,4/10/2022 9:32:16 PM,-1.99
10103,4/10/2022 9:32:20 PM,-1.99
10103,4/10/2022 9:32:24 PM,-1.99
10103,4/10/2022 9:32:28 PM,-2.21
10103,4/10/2022 9:32:32 PM,-2.68
10103,4/10/2022 9:32:36 PM,-2.68
10103,4/10/2022 9:32:40 PM,-2.46
10103,4/10/2022 9:32:44 PM,-1.99
10103,4/10/2022 9:32:48 PM,-2.67
10103,4/10/2022 9:32:52 PM,-2.26
10103,4/10/2022 9:32:56 PM,-1.75
10103,4/10/2022 9:33:00 PM,-1.99
10103,4/10/2022 9:33:04 PM,-2.17
10103,4/10/2022 9:33:08 PM,-2.30
10103,4/10/2022 9:33:12 PM,-1.99
10103,4/10/2022 9:33:16 PM,-1.99
10103,4/10/2022 9:33:20 PM,-1.99
10103,4/10/2022 9:33:24 PM,-1.99
10103,4/10/2022 9:33:28 PM,-1.99
10103,4/10/2022 9:33:32 PM,-1.99
10103,4/10/2022 9:33:36 PM,-1.99
10103,4/10/2022 9:33:40 PM,-1.53
10103,4/10/2022 9:33:44 PM,-1.99
10103,4/10/2022 9:33:48 PM,-2.67
10103,4/10/2022 9:33:52 PM,-1.99
10103,4/10/2022 9:33:56 PM,-1.99
10103,4/10/2022 9:34:00 PM,-1.99
10103,4/10/2022 9:34:04 PM,-2.46
10103,4/10/2022 9:34:08 PM,-1.99
10103,4/10/2022 9:34:12 PM,-1.99
10103,4/10/2022 9:34:16 PM,-2.92
10103,4/10/2022 9:34:20 PM,-1.99
10103,4/10/2022 9:34:24 PM,-1.99
10103,4/10/2022 9:34:28 PM,-1.99
10103,4/10/2022 9:34:32 PM,-2.44
10103,4/10/2022 9:34:36 PM,-1.32
10103,4/10/2022 9:34:40 PM,-2.21
10103,4/10/2022 9:34:44 PM,-2.23
10103,4/10/2022 9:34:48 PM,-1.32
10103,4/10/2022 9:34:52 PM,-2.46
10103,4/10/2022 9:34:56 PM,-2.44
10103,4/10/2022 9:35:00 PM,-2.00
10103,4/10/2022 9:35:04 PM,-2.24
10103,4/10/2022 9:35:08 PM,-1.31
10103,4/10/2022 9:35:12 PM,-2.66
10103,4/10/2022 9:35:16 PM,-1.99
10103,4/10/2022 9:35:20 PM,-1.99
10103,4/10/2022 9:35:24 PM,-1.99
10103,4/10/2022 9:35:28 PM,-1.99
10103,4/10/2022 9:35:32 PM,-1.99
10103,4/10/2022 9:35:36 PM,-1.32
10103,4/10/2022 9:35:40 PM,-2.46
10103,4/10/2022 9:35:44 PM,-2.89
10103,4/10/2022 9:35:48 PM,-2.01
10103,4/10/2022 9:35:52 PM,-2.24
10103,4/10/2022 9:35:56 PM,-2.20
10103,4/10/2022 9:36:00 PM,-2.00
10103,4/10/2022 9:36:04 PM,-1.99
10103,4/10/2022 9:36:08 PM,-1.99
10103,4/10/2022 9:36:12 PM,-1.99
10103,4/10/2022 9:36:16 PM,-2.46
10103,4/10/2022 9:36:20 PM,-1.99
10103,4/10/2022 9:36:24 PM,-1.99
10103,4/10/2022 9:36:28 PM,-1.75
10103,4/10/2022 9:36:32 PM,-2.23
10103,4/10/2022 9:36:36 PM,-1.99
10103,4/10/2022 9:36:40 PM,-2.46
10103,4/10/2022 9:36:44 PM,-1.99
10103,4/10/2022 9:36:48 PM,-1.99
10103,4/10/2022 9:36:52 PM,-1.99
10103,4/10/2022 9:36:56 PM,-1.55
10103,4/10/2022 9:37:00 PM,-1.99
10103,4/10/2022 9:37:04 PM,-1.99
10103,4/10/2022 9:37:08 PM,-2.77
10103,4/10/2022 9:37:12 PM,-2.69
10103,4/10/2022 9:37:16 PM,-1.77
10103,4/10/2022 9:37:20 PM,-1.76
10103,4/10/2022 9:37:24 PM,-1.31
10103,4/10/2022 9:37:28 PM,-2.92
10103,4/10/2022 9:37:32 PM,-1.99
10103,4/10/2022 9:37:36 PM,-1.99
10103,4/10/2022 9:37:40 PM,-1.99
10103,4/10/2022 9:37:44 PM,-1.99
10103,4/10/2022 9:37:48 PM,-1.99
10103,4/10/2022 9:37:52 PM,-2.47
10103,4/10/2022 9:37:56 PM,-2.44
10103,4/10/2022 9:38:00 PM,-2.68
10103,4/10/2022 9:38:04 PM,-1.53
10103,4/10/2022 9:38:08 PM,-1.99
10103,4/10/2022 9:38:12 PM,-1.99
10103,4/10/2022 9:38:16 PM,-1.99
10103,4/10/2022 9:38:20 PM,-1.99
10103,4/10/2022 9:38:24 PM,-1.99
10103,4/10/2022 9:38:28 PM,-2.68
10103,4/10/2022 9:38:32 PM,-2.23
10103,4/10/2022 9:38:36 PM,-1.99
10103,4/10/2022 9:38:40 PM,-2.68
10103,4/10/2022 9:38:44 PM,-2.23
10103,4/10/2022 9:38:48 PM,-3.35
10103,4/10/2022 9:38:52 PM,-2.22
10103,4/10/2022 9:38:56 PM,-2.23
10103,4/10/2022 9:39:00 PM,-1.99
10103,4/10/2022 9:39:04 PM,-2.43
10103,4/10/2022 9:39:08 PM,-2.92
10103,4/10/2022 9:39:12 PM,-1.33
10103,4/10/2022 9:39:16 PM,-1.77
10103,4/10/2022 9:39:20 PM,-1.76
10103,4/10/2022 9:39:24 PM,-1.32
10103,4/10/2022 9:39:28 PM,-1.78
10103,4/10/2022 9:39:32 PM,-2.66
10103,4/10/2022 9:39:36 PM,-2.01
10103,4/10/2022 9:39:40 PM,-1.53
10103,4/10/2022 9:39:44 PM,-1.99
10103,4/10/2022 9:39:48 PM,-1.99
10103,4/10/2022 9:39:52 PM,-1.99
10103,4/10/2022 9:39:56 PM,-1.99
10103,4/10/2022 9:40:00 PM,-1.99
10103,4/10/2022 9:40:04 PM,-1.99
10103,4/10/2022 9:40:08 PM,-2.44
10103,4/10/2022 9:40:12 PM,-2.01
10103,4/10/2022 9:40:16 PM,-2.46
10103,4/10/2022 9:40:20 PM,-1.55
10103,4/10/2022 9:40:24 PM,-1.99
10103,4/10/2022 9:40:28 PM,-1.99
10103,4/10/2022 9:40:32 PM,-1.99
10103,4/10/2022 9:40:36 PM,-1.99
10103,4/10/2022 9:40:40 PM,-1.99
10103,4/10/2022 9:40:44 PM,-1.99
10103,4/10/2022 9:40:48 PM,-1.99
10103,4/10/2022 9:40:52 PM,-1.99
10103,4/10/2022 9:40:56 PM,-1.99
10103,4/10/2022 9:41:00 PM,-1.99
10103,4/10/2022 9:41:04 PM,-2.22
10103,4/10/2022 9:41:08 PM,-2.27
10103,4/10/2022 9:41:12 PM,-2.67
10103,4/10/2022 9:41:16 PM,-1.99
10103,4/10/2022 9:41:20 PM,-1.99
10103,4/10/2022 9:41:24 PM,-1.99
10103,4/10/2022 9:41:28 PM,-2.46
10103,4/10/2022 9:41:32 PM,-1.99
10103,4/10/2022 9:41:36 PM,-1.99
10103,4/10/2022 9:41:40 PM,-2.23
10103,4/10/2022 9:41:44 PM,-2.66
10103,4/10/2022 9:41:48 PM,-2.68
10103,4/10/2022 9:41:52 PM,-1.99
10103,4/10/2022 9:41:56 PM,-1.99
10103,4/10/2022 9:42:00 PM,-1.99
10103,4/10/2022 9:42:04 PM,-2.22
10103,4/10/2022 9:42:08 PM,-2.23
10103,4/10/2022 9:42:12 PM,-2.67
10103,4/10/2022 9:42:16 PM,-1.77
10103,4/10/2022 9:42:20 PM,-1.76
10103,4/10/2022 9:42:24 PM,-2.67
10103,4/10/2022 9:42:28 PM,-1.99
10103,4/10/2022 9:42:32 PM,-1.99
10103,4/10/2022 9:42:36 PM,-1.31
10103,4/10/2022 9:42:40 PM,-3.14
10103,4/10/2022 9:42:44 PM,-2.68
10103,4/10/2022 9:42:48 PM,-2.00
10103,4/10/2022 9:42:52 PM,-1.99
10103,4/10/2022 9:42:56 PM,-1.55
10103,4/10/2022 9:43:00 PM,-1.99
10103,4/10/2022 9:43:04 PM,-1.99
10103,4/10/2022 9:43:08 PM,-1.99
10103,4/10/2022 9:43:12 PM,-2.67
10103,4/10/2022 9:43:16 PM,-1.99
10103,4/10/2022 9:43:20 PM,-1.99
10103,4/10/2022 9:43:24 PM,-1.99
10103,4/10/2022 9:43:28 PM,-1.77
10103,4/10/2022 9:43:32 PM,-2.21
10103,4/10/2022 9:43:36 PM,-2.00
10103,4/10/2022 9:43:40 PM,-1.99
10103,4/10/2022 9:43:44 PM,-2.44
10103,4/10/2022 9:43:48 PM,-2.00
10103,4/10/2022 9:43:52 PM,-1.75
10103,4/10/2022 9:43:56 PM,-1.78
10103,4/10/2022 9:44:00 PM,-1.31
10103,4/10/2022 9:44:04 PM,-1.31
10103,4/10/2022 9:44:08 PM,-1.76
10103,4/10/2022 9:44:12 PM,-1.99
10103,4/10/2022 9:44:16 PM,-2.46
10103,4/10/2022 9:44:20 PM,-1.99
10103,4/10/2022 9:44:24 PM,-1.99
10103,4/10/2022 9:44:28 PM,-2.46
10103,4/10/2022 9:44:32 PM,-1.99
10103,4/10/2022 9:44:36 PM,-1.99
10103,4/10/2022 9:44:40 PM,-2.24
10103,4/10/2022 9:44:44 PM,-1.76
10103,4/10/2022 9:44:48 PM,-1.99
10103,4/10/2022 9:44:52 PM,-2.22
10103,4/10/2022 9:44:56 PM,-2.68
10103,4/10/2022 9:45:00 PM,-2.00
10103,4/10/2022 9:45:04 PM,-1.55
10103,4/10/2022 9:45:08 PM,-1.52
10103,4/10/2022 9:45:12 PM,-1.99
10103,4/10/2022 9:45:16 PM,-3.17
10103,4/10/2022 9:45:20 PM,-3.08
10103,4/10/2022 9:45:24 PM,-2.00
10103,4/10/2022 9:45:28 PM,-2.68
10103,4/10/2022 9:45:32 PM,-2.23
10103,4/10/2022 9:45:36 PM,-2.67
10103,4/10/2022 9:45:40 PM,-2.46
10103,4/10/2022 9:45:44 PM,-2.44
10103,4/10/2022 9:45:48 PM,-2.68
10103,4/10/2022 9:45:52 PM,-1.99
10103,4/10/2022 9:45:56 PM,-1.55
10103,4/10/2022 9:46:00 PM,-1.98
10103,4/10/2022 9:46:04 PM,-1.53
10103,4/10/2022 9:46:08 PM,-2.44
10103,4/10/2022 9:46:12 PM,-1.33
10103,4/10/2022 9:46:16 PM,-2.24
10103,4/10/2022 9:46:20 PM,-1.76
10103,4/10/2022 9:46:24 PM,-1.99
10103,4/10/2022 9:46:28 PM,-1.99
10103,4/10/2022 9:46:32 PM,-1.99
10103,4/10/2022 9:46:36 PM,-1.32
10103,4/10/2022 9:46:40 PM,-1.99
10103,4/10/2022 9:46:44 PM,-2.44
10103,4/10/2022 9:46:48 PM,-2.68
10103,4/10/2022 9:46:52 PM,-2.46
10103,4/10/2022 9:46:56 PM,-2.89
10103,4/10/2022 9:47:00 PM,-2.00
10103,4/10/2022 9:47:04 PM,-2.46
10103,4/10/2022 9:47:08 PM,-1.99
10103,4/10/2022 9:47:12 PM,-1.42
10103,4/10/2022 9:47:16 PM,-1.75
10103,4/10/2022 9:47:20 PM,-1.78
10103,4/10/2022 9:47:24 PM,-1.31
10103,4/10/2022 9:47:28 PM,-2.68
10103,4/10/2022 9:47:32 PM,-2.68
10103,4/10/2022 9:47:36 PM,-1.32
10103,4/10/2022 9:47:40 PM,-2.68
10103,4/10/2022 9:47:44 PM,-2.23
10103,4/10/2022 9:47:48 PM,-1.31
10103,4/10/2022 9:47:52 PM,-2.68
10103,4/10/2022 9:47:56 PM,-2.68
10103,4/10/2022 9:48:00 PM,-2.68
10103,4/10/2022 9:48:04 PM,-2.90
10103,4/10/2022 9:48:08 PM,-2.47
10103,4/10/2022 9:48:12 PM,-1.99
10103,4/10/2022 9:48:16 PM,-1.78
10103,4/10/2022 9:48:20 PM,-1.31
10103,4/10/2022 9:48:24 PM,-2.66
10103,4/10/2022 9:48:28 PM,-1.52
10103,4/10/2022 9:48:32 PM,-1.55
10103,4/10/2022 9:48:36 PM,-1.99
10103,4/10/2022 9:48:40 PM,-2.93
10103,4/10/2022 9:48:44 PM,-1.99
10103,4/10/2022 9:48:48 PM,-1.99
10103,4/10/2022 9:48:52 PM,-2.45
10103,4/10/2022 9:48:56 PM,-1.99
10103,4/10/2022 9:49:00 PM,-1.32
10103,4/10/2022 9:49:04 PM,-1.99
10103,4/10/2022 9:49:08 PM,-2.44
10103,4/10/2022 9:49:12 PM,-2.00
10103,4/10/2022 9:49:16 PM,-2.46
10103,4/10/2022 9:49:20 PM,-1.99
10103,4/10/2022 9:49:24 PM,-2.67
10103,4/10/2022 9:49:28 PM,-1.99
10103,4/10/2022 9:49:32 PM,-1.55
10103,4/10/2022 9:49:36 PM,-1.99
10103,4/10/2022 9:49:40 PM,-1.99
10103,4/10/2022 9:49:44 PM,-2.44
10103,4/10/2022 9:49:48 PM,-3.36
10103,4/10/2022 9:49:52 PM,-1.99
10103,4/10/2022 9:49:56 PM,-2.44
10103,4/10/2022 9:50:00 PM,-2.00
10103,4/10/2022 9:50:04 PM,-1.99
10103,4/10/2022 9:50:08 PM,-2.44
10103,4/10/2022 9:50:12 PM,-2.00
10103,4/10/2022 9:50:16 PM,-1.99
10103,4/10/2022 9:50:20 PM,-1.99
10103,4/10/2022 9:50:24 PM,-1.99
10103,4/10/2022 9:50:28 PM,-2.21
10103,4/10/2022 9:50:32 PM,-2.68
10103,4/10/2022 9:50:36 PM,-2.00
10103,4/10/2022 9:50:40 PM,-1.99
10103,4/10/2022 9:50:44 PM,-2.44
10103,4/10/2022 9:50:48 PM,-2.68
10103,4/10/2022 9:50:52 PM,-2.43
10103,4/10/2022 9:50:56 PM,-2.47
10103,4/10/2022 9:51:00 PM,-2.68
10103,4/10/2022 9:51:04 PM,-1.77
10103,4/10/2022 9:51:08 PM,-1.76
10103,4/10/2022 9:51:12 PM,-1.99
10103,4/10/2022 9:51:16 PM,-2.51
10103,4/10/2022 9:51:20 PM,-1.99
10103,4/10/2022 9:51:24 PM,-1.31
10103,4/10/2022 9:51:28 PM,-2.46
10103,4/10/2022 9:51:32 PM,-1.99
10103,4/10/2022 9:51:36 PM,-1.99
10103,4/10/2022 9:51:40 PM,-2.22
10103,4/10/2022 9:51:44 PM,-2.68
10103,4/10/2022 9:51:48 PM,-1.32
10103,4/10/2022 9:51:52 PM,-2.46
10103,4/10/2022 9:51:56 PM,-2.44
10103,4/10/2022 9:52:00 PM,-2.00
10103,4/10/2022 9:52:04 PM,-1.31
10103,4/10/2022 9:52:08 PM,-1.76
10103,4/10/2022 9:52:12 PM,-2.67
10103,4/10/2022 9:52:16 PM,-1.31
10103,4/10/2022 9:52:20 PM,-1.76
10103,4/10/2022 9:52:24 PM,-1.99
10103,4/10/2022 9:52:28 PM,-1.53
10103,4/10/2022 9:52:32 PM,-2.45
10103,4/10/2022 9:52:36 PM,-2.00
10103,4/10/2022 9:52:40 PM,-1.77
10103,4/10/2022 9:52:44 PM,-1.31
10103,4/10/2022 9:52:48 PM,-2.67
10103,4/10/2022 9:52:52 PM,-1.53
10103,4/10/2022 9:52:56 PM,-2.44
10103,4/10/2022 9:53:00 PM,-2.00
10103,4/10/2022 9:53:04 PM,-1.99
10103,4/10/2022 9:53:08 PM,-2.89
10103,4/10/2022 9:53:12 PM,-2.69
10103,4/10/2022 9:53:16 PM,-1.99
10103,4/10/2022 9:53:20 PM,-1.99
10103,4/10/2022 9:53:24 PM,-3.36
10103,4/10/2022 9:53:28 PM,-2.21
10103,4/10/2022 9:53:32 PM,-2.23
10103,4/10/2022 9:53:36 PM,-1.99
10103,4/10/2022 9:53:40 PM,-1.99
10103,4/10/2022 9:53:44 PM,-1.99
10103,4/10/2022 9:53:48 PM,-1.99
10103,4/10/2022 9:53:52 PM,-1.99
10103,4/10/2022 9:53:56 PM,-1.99
10103,4/10/2022 9:54:00 PM,-1.99
10103,4/10/2022 9:54:04 PM,-2.22
10103,4/10/2022 9:54:08 PM,-3.13
10103,4/10/2022 9:54:12 PM,-2.01
10103,4/10/2022 9:54:16 PM,-2.24
10103,4/10/2022 9:54:20 PM,-1.76
10103,4/10/2022 9:54:24 PM,-2.67
10103,4/10/2022 9:54:28 PM,-2.46
10103,4/10/2022 9:54:32 PM,-1.54
10103,4/10/2022 9:54:36 PM,-1.99
10103,4/10/2022 9:54:40 PM,-1.99
10103,4/10/2022 9:54:44 PM,-1.99
10103,4/10/2022 9:54:48 PM,-1.99
10103,4/10/2022 9:54:52 PM,-2.92
10103,4/10/2022 9:54:56 PM,-1.99
10103,4/10/2022 9:55:00 PM,-1.99
10103,4/10/2022 9:55:04 PM,-1.75
10103,4/10/2022 9:55:08 PM,-2.68
10103,4/10/2022 9:55:12 PM,-1.33
10103,4/10/2022 9:55:16 PM,-2.15
10103,4/10/2022 9:55:20 PM,-2.68
10103,4/10/2022 9:55:24 PM,-2.68
10103,4/10/2022 9:55:28 PM,-2.21
10103,4/10/2022 9:55:32 PM,-2.23
10103,4/10/2022 9:55:36 PM,-2.67
10103,4/10/2022 9:55:40 PM,-1.99
10103,4/10/2022 9:55:44 PM,-2.44
10103,4/10/2022 9:55:48 PM,-2.00
10103,4/10/2022 9:55:52 PM,-1.99
10103,4/10/2022 9:55:56 PM,-1.99
10103,4/10/2022 9:56:00 PM,-1.99
10103,4/10/2022 9:56:04 PM,-1.99
10103,4/10/2022 9:56:08 PM,-1.99
10103,4/10/2022 9:56:12 PM,-2.67
10103,4/10/2022 9:56:16 PM,-1.99
10103,4/10/2022 9:56:20 PM,-2.89
10103,4/10/2022 9:56:24 PM,-2.00
10103,4/10/2022 9:56:28 PM,-2.24
10103,4/10/2022 9:56:32 PM,-2.21
10103,4/10/2022 9:56:36 PM,-2.00
10103,4/10/2022 9:56:40 PM,-2.46
10103,4/10/2022 9:56:44 PM,-2.44
10103,4/10/2022 9:56:48 PM,-2.68
10103,4/10/2022 9:56:52 PM,-2.22
10103,4/10/2022 9:56:56 PM,-2.23
10103,4/10/2022 9:57:00 PM,-2.67
10103,4/10/2022 9:57:04 PM,-2.44
10103,4/10/2022 9:57:08 PM,-2.47
10103,4/10/2022 9:57:12 PM,-1.99
10103,4/10/2022 9:57:16 PM,-2.49
10103,4/10/2022 9:57:20 PM,-2.39
10103,4/10/2022 9:57:24 PM,-2.00
10103,4/10/2022 9:57:28 PM,-2.46
10103,4/10/2022 9:57:32 PM,-1.99
10103,4/10/2022 9:57:36 PM,-1.99
10103,4/10/2022 9:57:40 PM,-2.46
10103,4/10/2022 9:57:44 PM,-1.99
10103,4/10/2022 9:57:48 PM,-1.99
10103,4/10/2022 9:57:52 PM,-2.46
10103,4/10/2022 9:57:56 PM,-2.44
10103,4/10/2022 9:58:00 PM,-2.00
10103,4/10/2022 9:58:04 PM,-2.22
10103,4/10/2022 9:58:08 PM,-2.68
10103,4/10/2022 9:58:12 PM,-1.33
10103,4/10/2022 9:58:16 PM,-1.99
10103,4/10/2022 9:58:20 PM,-2.89
10103,4/10/2022 9:58:24 PM,-2.01
10103,4/10/2022 9:58:28 PM,-2.21
10103,4/10/2022 9:58:32 PM,-2.68
10103,4/10/2022 9:58:36 PM,-2.00
10103,4/10/2022 9:58:40 PM,-1.99
10103,4/10/2022 9:58:44 PM,-1.99
10103,4/10/2022 9:58:48 PM,-1.99
10103,4/10/2022 9:58:52 PM,-2.22
10103,4/10/2022 9:58:56 PM,-2.23
10103,4/10/2022 9:59:00 PM,-1.99
10103,4/10/2022 9:59:04 PM,-1.53
10103,4/10/2022 9:59:08 PM,-2.44
10103,4/10/2022 9:59:12 PM,-3.35
10103,4/10/2022 9:59:16 PM,-2.22
10103,4/10/2022 9:59:20 PM,-2.23
10103,4/10/2022 9:59:24 PM,-1.99
10103,4/10/2022 9:59:28 PM,-1.99
10103,4/10/2022 9:59:32 PM,-1.99
10103,4/10/2022 9:59:36 PM,-2.67
10103,4/10/2022 9:59:40 PM,-1.99
10103,4/10/2022 9:59:44 PM,-1.99
10103,4/10/2022 9:59:48 PM,-2.67
10103,4/10/2022 9:59:52 PM,-2.21
10103,4/10/2022 9:59:56 PM,-2.68
10103,4/10/2022 10:00:00 PM,-2.00
10103,4/10/2022 10:00:04 PM,-1.99
10103,4/10/2022 10:00:08 PM,-1.99
10103,4/10/2022 10:00:12 PM,-1.99
10103,4/10/2022 10:00:16 PM,-2.43
10103,4/10/2022 10:00:20 PM,-2.02
10103,4/10/2022 10:00:24 PM,-1.31
10103,4/10/2022 10:00:28 PM,-2.21
10103,4/10/2022 10:00:32 PM,-2.68
10103,4/10/2022 10:00:36 PM,-2.00
10103,4/10/2022 10:00:40 PM,-2.68
10103,4/10/2022 10:00:44 PM,-2.23
10103,4/10/2022 10:00:48 PM,-1.99
10103,4/10/2022 10:00:52 PM,-1.53
10103,4/10/2022 10:00:56 PM,-2.44
10103,4/10/2022 10:01:00 PM,-2.68
10103,4/10/2022 10:01:04 PM,-2.46
10103,4/10/2022 10:01:08 PM,-2.44
10103,4/10/2022 10:01:12 PM,-2.68
10103,4/10/2022 10:01:16 PM,-2.37
10103,4/10/2022 10:01:20 PM,-2.96
10103,4/10/2022 10:01:24 PM,-2.00
10103,4/10/2022 10:01:28 PM,-2.46
10103,4/10/2022 10:01:32 PM,-2.44
10103,4/10/2022 10:01:36 PM,-3.35
10103,4/10/2022 10:01:40 PM,-1.78
10103,4/10/2022 10:01:44 PM,-1.76
10103,4/10/2022 10:01:48 PM,-3.35
10103,4/10/2022 10:01:52 PM,-2.68
10103,4/10/2022 10:01:56 PM,-2.68
10103,4/10/2022 10:02:00 PM,-2.00
10103,4/10/2022 10:02:04 PM,-1.99
10103,4/10/2022 10:02:08 PM,-1.99
10103,4/10/2022 10:02:12 PM,-3.19
10103,4/10/2022 10:02:16 PM,-1.78
10103,4/10/2022 10:02:20 PM,-2.20
10103,4/10/2022 10:02:24 PM,-2.00
10103,4/10/2022 10:02:28 PM,-1.99
10103,4/10/2022 10:02:32 PM,-1.99
10103,4/10/2022 10:02:36 PM,-1.99
10103,4/10/2022 10:02:40 PM,-2.92
10103,4/10/2022 10:02:44 PM,-1.99
10103,4/10/2022 10:02:48 PM,-2.67
10103,4/10/2022 10:02:52 PM,-1.99
10103,4/10/2022 10:02:56 PM,-1.99
10103,4/10/2022 10:03:00 PM,-2.68
10103,4/10/2022 10:03:04 PM,-2.44
10103,4/10/2022 10:03:08 PM,-2.46
10103,4/10/2022 10:03:12 PM,-3.35
10103,4/10/2022 10:03:16 PM,-1.77
10103,4/10/2022 10:03:20 PM,-1.31
10103,4/10/2022 10:03:24 PM,-1.99
10103,4/10/2022 10:03:28 PM,-2.46
10103,4/10/2022 10:03:32 PM,-2.44
10103,4/10/2022 10:03:36 PM,-1.32
10103,4/10/2022 10:03:40 PM,-1.99
10103,4/10/2022 10:03:44 PM,-1.99
10103,4/10/2022 10:03:48 PM,-3.36
10103,4/10/2022 10:03:52 PM,-1.99
10103,4/10/2022 10:03:56 PM,-1.99
10103,4/10/2022 10:04:00 PM,-2.67
10103,4/10/2022 10:04:04 PM,-1.99
10103,4/10/2022 10:04:08 PM,-1.99
10103,4/10/2022 10:04:12 PM,-3.35
10103,4/10/2022 10:04:16 PM,-2.68
10103,4/10/2022 10:04:20 PM,-2.23
10103,4/10/2022 10:04:24 PM,-1.99
10103,4/10/2022 10:04:28 PM,-2.44
10103,4/10/2022 10:04:32 PM,-2.91
10103,4/10/2022 10:04:36 PM,-2.00
10103,4/10/2022 10:04:40 PM,-1.77
10103,4/10/2022 10:04:44 PM,-1.76
10103,4/10/2022 10:04:48 PM,-1.99
10103,4/10/2022 10:04:52 PM,-2.22
10103,4/10/2022 10:04:56 PM,-2.68
10103,4/10/2022 10:05:00 PM,-2.00
10103,4/10/2022 10:05:04 PM,-1.75
10103,4/10/2022 10:05:08 PM,-2.23
10103,4/10/2022 10:05:12 PM,-2.67
10103,4/10/2022 10:05:16 PM,-2.46
10103,4/10/2022 10:05:20 PM,-1.99
10103,4/10/2022 10:05:24 PM,-2.60
10103,4/10/2022 10:05:28 PM,-2.68
10103,4/10/2022 10:05:32 PM,-2.23
10103,4/10/2022 10:05:36 PM,-2.67
10103,4/10/2022 10:05:40 PM,-2.90
10103,4/10/2022 10:05:44 PM,-2.91
10103,4/10/2022 10:05:48 PM,-2.00
10103,4/10/2022 10:05:52 PM,-1.99
10103,4/10/2022 10:05:56 PM,-1.99
10103,4/10/2022 10:06:00 PM,-3.35
10103,4/10/2022 10:06:04 PM,-2.45
10103,4/10/2022 10:06:08 PM,-2.44
10103,4/10/2022 10:06:12 PM,-2.68
10103,4/10/2022 10:06:16 PM,-1.99
10103,4/10/2022 10:06:20 PM,-1.99
10103,4/10/2022 10:06:24 PM,-2.67
10103,4/10/2022 10:06:28 PM,-2.68
10103,4/10/2022 10:06:32 PM,-2.23
10103,4/10/2022 10:06:36 PM,-2.67
10103,4/10/2022 10:06:40 PM,-1.77
10103,4/10/2022 10:06:44 PM,-2.21
10103,4/10/2022 10:06:48 PM,-2.68
10103,4/10/2022 10:06:52 PM,-1.98
10103,4/10/2022 10:06:56 PM,-2.47
10103,4/10/2022 10:07:00 PM,-3.35
10103,4/10/2022 10:07:04 PM,-2.46
10103,4/10/2022 10:07:08 PM,-1.99
10103,4/10/2022 10:07:12 PM,-1.99
10103,4/10/2022 10:07:16 PM,-2.46
10103,4/10/2022 10:07:20 PM,-1.99
10103,4/10/2022 10:07:24 PM,-2.60
10103,4/10/2022 10:07:28 PM,-2.68
10103,4/10/2022 10:07:32 PM,-2.23
10103,4/10/2022 10:07:36 PM,-1.99
10103,4/10/2022 10:07:40 PM,-2.21
10103,4/10/2022 10:07:44 PM,-2.68
10103,4/10/2022 10:07:48 PM,-1.32
10103,4/10/2022 10:07:52 PM,-2.44
10103,4/10/2022 10:07:56 PM,-2.02
10103,4/10/2022 10:08:00 PM,-2.67
10103,4/10/2022 10:08:04 PM,-2.68
10103,4/10/2022 10:08:08 PM,-2.68
10103,4/10/2022 10:08:12 PM,-3.35
10103,4/10/2022 10:08:16 PM,-1.99
10103,4/10/2022 10:08:20 PM,-2.44
10103,4/10/2022 10:08:24 PM,-2.00
10103,4/10/2022 10:08:28 PM,-2.90
10103,4/10/2022 10:08:32 PM,-2.91
10103,4/10/2022 10:08:36 PM,-2.68
10103,4/10/2022 10:08:40 PM,-2.46
10103,4/10/2022 10:08:44 PM,-1.55
10103,4/10/2022 10:08:48 PM,-2.67
10103,4/10/2022 10:08:52 PM,-1.99
10103,4/10/2022 10:08:56 PM,-1.99
10103,4/10/2022 10:09:00 PM,-2.67
10103,4/10/2022 10:09:04 PM,-2.24
10103,4/10/2022 10:09:08 PM,-2.66
10103,4/10/2022 10:09:12 PM,-2.69
10103,4/10/2022 10:09:16 PM,-2.22
10103,4/10/2022 10:09:20 PM,-2.68
10103,4/10/2022 10:09:24 PM,-2.00
10103,4/10/2022 10:09:28 PM,-2.21
10103,4/10/2022 10:09:32 PM,-2.23
10103,4/10/2022 10:09:36 PM,-1.99
10103,4/10/2022 10:09:40 PM,-2.21
10103,4/10/2022 10:09:44 PM,-2.68
10103,4/10/2022 10:09:48 PM,-1.32
10103,4/10/2022 10:09:52 PM,-1.99
10103,4/10/2022 10:09:56 PM,-2.44
10103,4/10/2022 10:10:00 PM,-2.68
10103,4/10/2022 10:10:04 PM,-1.99
10103,4/10/2022 10:10:08 PM,-2.44
10103,4/10/2022 10:10:12 PM,-3.35
10103,4/10/2022 10:10:16 PM,-1.75
10103,4/10/2022 10:10:20 PM,-2.68
10103,4/10/2022 10:10:24 PM,-1.32
10103,4/10/2022 10:10:28 PM,-2.21
10103,4/10/2022 10:10:32 PM,-2.68
10103,4/10/2022 10:10:36 PM,-2.68
10103,4/10/2022 10:10:40 PM,-2.21
10103,4/10/2022 10:10:44 PM,-2.68
10103,4/10/2022 10:10:48 PM,-2.68
10103,4/10/2022 10:10:52 PM,-2.68
10103,4/10/2022 10:10:56 PM,-2.23
10103,4/10/2022 10:11:00 PM,-2.67
10103,4/10/2022 10:11:04 PM,-2.68
10103,4/10/2022 10:11:08 PM,-3.13
10103,4/10/2022 10:11:12 PM,-2.01
10103,4/10/2022 10:11:16 PM,-1.99
10103,4/10/2022 10:11:20 PM,-2.44
10103,4/10/2022 10:11:24 PM,-2.68
10103,4/10/2022 10:11:28 PM,-1.99
10103,4/10/2022 10:11:32 PM,-2.44
10103,4/10/2022 10:11:36 PM,-2.68
10103,4/10/2022 10:11:40 PM,-2.21
10103,4/10/2022 10:11:44 PM,-2.23
10103,4/10/2022 10:11:48 PM,-1.99
10103,4/10/2022 10:11:52 PM,-1.99
10103,4/10/2022 10:11:56 PM,-1.99
10103,4/10/2022 10:12:00 PM,-1.99
10103,4/10/2022 10:12:04 PM,-2.22
10103,4/10/2022 10:12:08 PM,-3.13
10103,4/10/2022 10:12:12 PM,-3.36
10103,4/10/2022 10:12:16 PM,-3.14
10103,4/10/2022 10:12:20 PM,-2.68
10103,4/10/2022 10:12:24 PM,-2.00
10103,4/10/2022 10:12:28 PM,-2.21
10103,4/10/2022 10:12:32 PM,-3.13
10103,4/10/2022 10:12:36 PM,-2.01
10103,4/10/2022 10:12:40 PM,-1.99
10103,4/10/2022 10:12:44 PM,-1.99
10103,4/10/2022 10:12:48 PM,-3.35
10103,4/10/2022 10:12:52 PM,-1.99
10103,4/10/2022 10:12:56 PM,-2.44
10103,4/10/2022 10:13:00 PM,-2.00
10103,4/10/2022 10:13:04 PM,-1.99
10103,4/10/2022 10:13:08 PM,-2.44
10103,4/10/2022 10:13:12 PM,-1.33
10103,4/10/2022 10:13:16 PM,-2.21
10103,4/10/2022 10:13:20 PM,-2.68
10103,4/10/2022 10:13:24 PM,-2.07
10103,4/10/2022 10:13:28 PM,-2.68
10103,4/10/2022 10:13:32 PM,-2.23
10103,4/10/2022 10:13:36 PM,-1.99
10103,4/10/2022 10:13:40 PM,-2.46
10103,4/10/2022 10:13:44 PM,-1.99
10103,4/10/2022 10:13:48 PM,-1.99
10103,4/10/2022 10:13:52 PM,-2.43
10103,4/10/2022 10:13:56 PM,-3.36
10103,4/10/2022 10:14:00 PM,-2.01
10103,4/10/2022 10:14:04 PM,-1.99
10103,4/10/2022 10:14:08 PM,-2.44
10103,4/10/2022 10:14:12 PM,-2.00
10103,4/10/2022 10:14:16 PM,-1.99
10103,4/10/2022 10:14:20 PM,-1.99
10103,4/10/2022 10:14:24 PM,-1.99
10103,4/10/2022 10:14:28 PM,-2.68
10103,4/10/2022 10:14:32 PM,-3.13
10103,4/10/2022 10:14:36 PM,-2.69
10103,4/10/2022 10:14:40 PM,-1.99
10103,4/10/2022 10:14:44 PM,-2.44
10103,4/10/2022 10:14:48 PM,-2.68
10103,4/10/2022 10:14:52 PM,-2.46
10103,4/10/2022 10:14:56 PM,-1.99
10103,4/10/2022 10:15:00 PM,-3.35
10103,4/10/2022 10:15:04 PM,-1.99
10103,4/10/2022 10:15:08 PM,-1.99
10103,4/10/2022 10:15:12 PM,-3.34
10103,4/10/2022 10:15:16 PM,-2.68
10103,4/10/2022 10:15:20 PM,-2.23
10103,4/10/2022 10:15:24 PM,-1.99
10103,4/10/2022 10:15:28 PM,-2.23
10103,4/10/2022 10:15:32 PM,-3.36
10103,4/10/2022 10:15:36 PM,-2.69
10103,4/10/2022 10:15:40 PM,-2.46
10103,4/10/2022 10:15:44 PM,-1.55
10103,4/10/2022 10:15:48 PM,-1.99
10103,4/10/2022 10:15:52 PM,-2.21
10103,4/10/2022 10:15:56 PM,-2.23
10103,4/10/2022 10:16:00 PM,-1.99
10103,4/10/2022 10:16:04 PM,-2.21
10103,4/10/2022 10:16:08 PM,-2.68
10103,4/10/2022 10:16:12 PM,-2.68
10103,4/10/2022 10:16:16 PM,-3.14
10103,4/10/2022 10:16:20 PM,-2.23
10103,4/10/2022 10:16:24 PM,-2.68
10103,4/10/2022 10:16:28 PM,-2.46
10103,4/10/2022 10:16:32 PM,-2.45
10103,4/10/2022 10:16:36 PM,-2.00
10103,4/10/2022 10:16:40 PM,-2.68
10103,4/10/2022 10:16:44 PM,-2.23
10103,4/10/2022 10:16:48 PM,-3.36
10103,4/10/2022 10:16:52 PM,-2.44
10103,4/10/2022 10:16:56 PM,-2.91
10103,4/10/2022 10:17:00 PM,-2.68
10103,4/10/2022 10:17:04 PM,-1.75
10103,4/10/2022 10:17:08 PM,-2.68
10103,4/10/2022 10:17:12 PM,-2.00
10103,4/10/2022 10:17:16 PM,-2.22
10103,4/10/2022 10:17:20 PM,-1.78
10103,4/10/2022 10:17:24 PM,-2.67
10103,4/10/2022 10:17:28 PM,-2.68
10103,4/10/2022 10:17:32 PM,-2.68
10103,4/10/2022 10:17:36 PM,-2.68
10103,4/10/2022 10:17:40 PM,-1.99
10103,4/10/2022 10:17:44 PM,-1.99
10103,4/10/2022 10:17:48 PM,-1.99
10103,4/10/2022 10:17:52 PM,-2.46
10103,4/10/2022 10:17:56 PM,-1.99
10103,4/10/2022 10:18:00 PM,-2.67
10103,4/10/2022 10:18:04 PM,-1.99
10103,4/10/2022 10:18:08 PM,-2.44
10103,4/10/2022 10:18:12 PM,-2.68
10103,4/10/2022 10:18:16 PM,-2.46
10103,4/10/2022 10:18:20 PM,-1.99
10103,4/10/2022 10:18:24 PM,-1.99
10103,4/10/2022 10:18:28 PM,-1.99
10103,4/10/2022 10:18:32 PM,-1.99
10103,4/10/2022 10:18:36 PM,-3.35
10103,4/10/2022 10:18:40 PM,-2.43
10103,4/10/2022 10:18:44 PM,-2.02
10103,4/10/2022 10:18:48 PM,-2.67
10103,4/10/2022 10:18:52 PM,-1.99
10103,4/10/2022 10:18:56 PM,-1.99
10103,4/10/2022 10:19:00 PM,-2.67
10103,4/10/2022 10:19:04 PM,-2.68
10103,4/10/2022 10:19:08 PM,-2.23
10103,4/10/2022 10:19:12 PM,-2.67
10103,4/10/2022 10:19:16 PM,-2.46
10103,4/10/2022 10:19:20 PM,-1.99
10103,4/10/2022 10:19:24 PM,-2.67
10103,4/10/2022 10:19:28 PM,-1.99
10103,4/10/2022 10:19:32 PM,-1.99
10103,4/10/2022 10:19:36 PM,-2.67
10103,4/10/2022 10:19:40 PM,-2.46
10103,4/10/2022 10:19:44 PM,-1.55
10103,4/10/2022 10:19:48 PM,-3.35
10103,4/10/2022 10:19:52 PM,-2.68
10103,4/10/2022 10:19:56 PM,-2.68
10103,4/10/2022 10:20:00 PM,-2.68
10103,4/10/2022 10:20:04 PM,-1.99
10103,4/10/2022 10:20:08 PM,-1.99
10103,4/10/2022 10:20:12 PM,-1.99
10103,4/10/2022 10:20:16 PM,-1.99
10103,4/10/2022 10:20:20 PM,-2.89
10103,4/10/2022 10:20:24 PM,-2.68
10103,4/10/2022 10:20:28 PM,-2.46
10103,4/10/2022 10:20:32 PM,-1.99
10103,4/10/2022 10:20:36 PM,-1.99
10103,4/10/2022 10:20:40 PM,-1.99
10103,4/10/2022 10:20:44 PM,-1.99
10103,4/10/2022 10:20:48 PM,-2.67
10103,4/10/2022 10:20:52 PM,-2.24
10103,4/10/2022 10:20:56 PM,-1.76
10103,4/10/2022 10:21:00 PM,-1.99
10103,4/10/2022 10:21:04 PM,-1.99
10103,4/10/2022 10:21:08 PM,-2.44
10103,4/10/2022 10:21:12 PM,-2.00
10103,4/10/2022 10:21:16 PM,-1.99
10103,4/10/2022 10:21:20 PM,-2.44
10103,4/10/2022 10:21:24 PM,-2.68
10103,4/10/2022 10:21:28 PM,-1.67
10103,4/10/2022 10:21:32 PM,-2.30
10103,4/10/2022 10:21:36 PM,-1.99
10103,4/10/2022 10:21:40 PM,-2.46
10103,4/10/2022 10:21:44 PM,-2.44
10103,4/10/2022 10:21:48 PM,-2.68
10103,4/10/2022 10:21:52 PM,-1.99
10103,4/10/2022 10:21:56 PM,-2.44
10103,4/10/2022 10:22:00 PM,-2.00
10103,4/10/2022 10:22:04 PM,-2.46
10103,4/10/2022 10:22:08 PM,-2.44
10103,4/10/2022 10:22:12 PM,-2.68
10103,4/10/2022 10:22:16 PM,-2.68
10103,4/10/2022 10:22:20 PM,-2.23
10103,4/10/2022 10:22:24 PM,-3.35
10103,4/10/2022 10:22:28 PM,-1.97
10103,4/10/2022 10:22:32 PM,-2.46
10103,4/10/2022 10:22:36 PM,-3.35
10103,4/10/2022 10:22:40 PM,-2.46
10103,4/10/2022 10:22:44 PM,-2.44
10103,4/10/2022 10:22:48 PM,-2.68
10103,4/10/2022 10:22:52 PM,-3.14
10103,4/10/2022 10:22:56 PM,-2.23
10103,4/10/2022 10:23:00 PM,-1.99
10103,4/10/2022 10:23:04 PM,-2.70
10103,4/10/2022 10:23:08 PM,-1.76
10103,4/10/2022 10:23:12 PM,-1.99
10103,4/10/2022 10:23:16 PM,-2.90
10103,4/10/2022 10:23:20 PM,-2.02
10103,4/10/2022 10:23:24 PM,-3.33
10103,4/10/2022 10:23:28 PM,-2.46
10103,4/10/2022 10:23:32 PM,-1.99
10103,4/10/2022 10:23:36 PM,-1.99
10103,4/10/2022 10:23:40 PM,-2.46
10103,4/10/2022 10:23:44 PM,-2.44
10103,4/10/2022 10:23:48 PM,-2.68
10103,4/10/2022 10:23:52 PM,-1.99
10103,4/10/2022 10:23:56 PM,-1.99
10103,4/10/2022 10:24:00 PM,-2.67
10103,4/10/2022 10:24:04 PM,-1.99
10103,4/10/2022 10:24:08 PM,-1.55
10103,4/10/2022 10:24:12 PM,-1.98
10103,4/10/2022 10:24:16 PM,-2.21
10103,4/10/2022 10:24:20 PM,-2.23
10103,4/10/2022 10:24:24 PM,-3.34
10103,4/10/2022 10:24:28 PM,-2.68
10103,4/10/2022 10:24:32 PM,-2.68
10103,4/10/2022 10:24:36 PM,-2.68
10103,4/10/2022 10:24:40 PM,-1.75
10103,4/10/2022 10:24:44 PM,-2.23
10103,4/10/2022 10:24:48 PM,-1.99
10103,4/10/2022 10:24:52 PM,-2.44
10103,4/10/2022 10:24:56 PM,-2.02
10103,4/10/2022 10:25:00 PM,-3.34
10103,4/10/2022 10:25:04 PM,-2.90
10103,4/10/2022 10:25:08 PM,-2.47
10103,4/10/2022 10:25:12 PM,-1.99
10103,4/10/2022 10:25:16 PM,-1.99
10103,4/10/2022 10:25:20 PM,-1.99
10103,4/10/2022 10:25:24 PM,-1.99
10103,4/10/2022 10:25:28 PM,-1.99
10103,4/10/2022 10:25:32 PM,-2.41
10103,4/10/2022 10:25:36 PM,-1.32
10103,4/10/2022 10:25:40 PM,-2.46
10103,4/10/2022 10:25:44 PM,-1.99
10103,4/10/2022 10:25:48 PM,-1.99
10103,4/10/2022 10:25:52 PM,-2.93
10103,4/10/2022 10:25:56 PM,-2.88
10103,4/10/2022 10:26:00 PM,-2.01
10103,4/10/2022 10:26:04 PM,-2.92
10103,4/10/2022 10:26:08 PM,-1.99
10103,4/10/2022 10:26:12 PM,-1.99
10103,4/10/2022 10:26:16 PM,-1.99
10103,4/10/2022 10:26:20 PM,-1.99
10103,4/10/2022 10:26:24 PM,-1.32
10103,4/10/2022 10:26:28 PM,-1.53
10103,4/10/2022 10:26:32 PM,-2.44
10103,4/10/2022 10:26:36 PM,-2.00
10103,4/10/2022 10:26:40 PM,-2.21
10103,4/10/2022 10:26:44 PM,-3.12
10103,4/10/2022 10:26:48 PM,-2.01
10103,4/10/2022 10:26:52 PM,-2.93
10103,4/10/2022 10:26:56 PM,-2.44
10103,4/10/2022 10:27:00 PM,-3.36
10103,4/10/2022 10:27:04 PM,-1.53
10103,4/10/2022 10:27:08 PM,-2.44
10103,4/10/2022 10:27:12 PM,-2.68
10103,4/10/2022 10:27:16 PM,-1.99
10103,4/10/2022 10:27:20 PM,-2.45
10103,4/10/2022 10:27:24 PM,-1.32
10103,4/10/2022 10:27:28 PM,-2.68
10103,4/10/2022 10:27:32 PM,-2.27
10103,4/10/2022 10:27:36 PM,-2.67
10103,4/10/2022 10:27:40 PM,-1.75
10103,4/10/2022 10:27:44 PM,-2.68
10103,4/10/2022 10:27:48 PM,-2.68
10103,4/10/2022 10:27:52 PM,-1.99
10103,4/10/2022 10:27:56 PM,-2.44
10103,4/10/2022 10:28:00 PM,-1.32
10103,4/10/2022 10:28:04 PM,-2.46
10103,4/10/2022 10:28:08 PM,-1.99
10103,4/10/2022 10:28:12 PM,-1.99
10103,4/10/2022 10:28:16 PM,-2.22
10103,4/10/2022 10:28:20 PM,-3.13
10103,4/10/2022 10:28:24 PM,-2.00
10103,4/10/2022 10:28:28 PM,-2.46
10103,4/10/2022 10:28:32 PM,-1.99
10103,4/10/2022 10:28:36 PM,-1.99
10103,4/10/2022 10:28:40 PM,-1.77
10103,4/10/2022 10:28:44 PM,-1.76
10103,4/10/2022 10:28:48 PM,-2.68
10103,4/10/2022 10:28:52 PM,-1.98
10103,4/10/2022 10:28:56 PM,-2.47
10103,4/10/2022 10:29:00 PM,-1.99
10103,4/10/2022 10:29:04 PM,-1.77
10103,4/10/2022 10:29:08 PM,-1.76
10103,4/10/2022 10:29:12 PM,-3.34
10103,4/10/2022 10:29:16 PM,-2.46
10103,4/10/2022 10:29:20 PM,-1.99
10103,4/10/2022 10:29:24 PM,-2.67
10103,4/10/2022 10:29:28 PM,-2.24
10103,4/10/2022 10:29:32 PM,-1.76
10103,4/10/2022 10:29:36 PM,-1.99
10103,4/10/2022 10:29:40 PM,-2.68
10103,4/10/2022 10:29:44 PM,-2.23
10103,4/10/2022 10:29:48 PM,-2.67
10103,4/10/2022 10:29:52 PM,-2.46
10103,4/10/2022 10:29:56 PM,-2.44
10103,4/10/2022 10:30:00 PM,-2.68
10103,4/10/2022 10:30:04 PM,-1.99
10103,4/10/2022 10:30:08 PM,-1.99
10103,4/10/2022 10:30:12 PM,-1.99
10103,4/10/2022 10:30:16 PM,-2.44
10103,4/10/2022 10:30:20 PM,-2.46
10103,4/10/2022 10:30:24 PM,-3.36
10103,4/10/2022 10:30:28 PM,-1.53
10103,4/10/2022 10:30:32 PM,-1.99
10103,4/10/2022 10:30:36 PM,-1.31
10103,4/10/2022 10:30:40 PM,-2.21
10103,4/10/2022 10:30:44 PM,-2.23
10103,4/10/2022 10:30:48 PM,-1.99
10103,4/10/2022 10:30:52 PM,-1.99
10103,4/10/2022 10:30:56 PM,-2.44
10103,4/10/2022 10:31:00 PM,-2.68
10103,4/10/2022 10:31:04 PM,-1.99
10103,4/10/2022 10:31:08 PM,-1.99
10103,4/10/2022 10:31:12 PM,-2.67
10103,4/10/2022 10:31:16 PM,-2.46
10103,4/10/2022 10:31:20 PM,-2.45
10103,4/10/2022 10:31:24 PM,-3.36
10103,4/10/2022 10:31:28 PM,-2.21
10103,4/10/2022 10:31:32 PM,-2.68
10103,4/10/2022 10:31:36 PM,-2.04
10103,4/10/2022 10:31:40 PM,-1.31
10103,4/10/2022 10:31:44 PM,-1.31
10103,4/10/2022 10:31:48 PM,-1.99
10103,4/10/2022 10:31:52 PM,-1.99
10103,4/10/2022 10:31:56 PM,-1.99
10103,4/10/2022 10:32:00 PM,-1.99
10103,4/10/2022 10:32:04 PM,-2.68
10103,4/10/2022 10:32:08 PM,-2.23
10103,4/10/2022 10:32:12 PM,-1.99
10103,4/10/2022 10:32:16 PM,-2.18
10103,4/10/2022 10:32:20 PM,-2.23
10103,4/10/2022 10:32:24 PM,-1.99
10103,4/10/2022 10:32:28 PM,-1.99
10103,4/10/2022 10:32:32 PM,-2.90
10103,4/10/2022 10:32:36 PM,-1.32
10103,4/10/2022 10:32:40 PM,-1.99
10103,4/10/2022 10:32:44 PM,-1.55
10103,4/10/2022 10:32:48 PM,-1.99
10103,4/10/2022 10:32:52 PM,-2.24
10103,4/10/2022 10:32:56 PM,-2.20
10103,4/10/2022 10:33:00 PM,-2.68
10103,4/10/2022 10:33:04 PM,-2.24
10103,4/10/2022 10:33:08 PM,-2.21
10103,4/10/2022 10:33:12 PM,-2.68
10103,4/10/2022 10:33:16 PM,-1.53
10103,4/10/2022 10:33:20 PM,-1.54
10103,4/10/2022 10:33:24 PM,-1.99
10103,4/10/2022 10:33:28 PM,-1.53
10103,4/10/2022 10:33:32 PM,-1.99
10103,4/10/2022 10:33:36 PM,-1.36
10103,4/10/2022 10:33:40 PM,-2.68
10103,4/10/2022 10:33:44 PM,-1.78
10103,4/10/2022 10:33:48 PM,-1.31
10103,4/10/2022 10:33:52 PM,-1.53
10103,4/10/2022 10:33:56 PM,-1.99
10103,4/10/2022 10:34:00 PM,-1.99
10103,4/10/2022 10:34:04 PM,-1.99
10103,4/10/2022 10:34:08 PM,-1.99
10103,4/10/2022 10:34:12 PM,-1.99
10103,4/10/2022 10:34:16 PM,-1.99
10103,4/10/2022 10:34:20 PM,-2.44
10103,4/10/2022 10:34:24 PM,-2.68
10103,4/10/2022 10:34:28 PM,-1.31
10103,4/10/2022 10:34:32 PM,-1.31
10103,4/10/2022 10:34:36 PM,-1.99
10103,4/10/2022 10:34:40 PM,-1.99
10103,4/10/2022 10:34:44 PM,-1.99
10103,4/10/2022 10:34:48 PM,-1.31
10103,4/10/2022 10:34:52 PM,-1.99
10103,4/10/2022 10:34:56 PM,-2.44
10103,4/10/2022 10:35:00 PM,-2.00
10103,4/10/2022 10:35:04 PM,-2.24
10103,4/10/2022 10:35:08 PM,-1.76
10103,4/10/2022 10:35:12 PM,-3.35
10103,4/10/2022 10:35:16 PM,-2.68
10103,4/10/2022 10:35:20 PM,-2.23
10103,4/10/2022 10:35:24 PM,-1.99
10103,4/10/2022 10:35:28 PM,-1.99
10103,4/10/2022 10:35:32 PM,-1.99
10103,4/10/2022 10:35:36 PM,-1.99
10103,4/10/2022 10:35:40 PM,-2.21
10103,4/10/2022 10:35:44 PM,-2.27
10103,4/10/2022 10:35:48 PM,-2.67
10103,4/10/2022 10:35:52 PM,-1.77
10103,4/10/2022 10:35:56 PM,-2.20
10103,4/10/2022 10:36:00 PM,-2.68
10103,4/10/2022 10:36:04 PM,-1.99
10103,4/10/2022 10:36:08 PM,-2.44
10103,4/10/2022 10:36:12 PM,-2.68
10103,4/10/2022 10:36:16 PM,-1.53
10103,4/10/2022 10:36:20 PM,-1.99
10103,4/10/2022 10:36:24 PM,-2.67
10103,4/10/2022 10:36:28 PM,-2.93
10103,4/10/2022 10:36:32 PM,-1.99
10103,4/10/2022 10:36:36 PM,-1.99
10103,4/10/2022 10:36:40 PM,-1.78
10103,4/10/2022 10:36:44 PM,-1.76
10103,4/10/2022 10:36:48 PM,-1.99
10103,4/10/2022 10:36:52 PM,-1.99
10103,4/10/2022 10:36:56 PM,-1.55
10103,4/10/2022 10:37:00 PM,-1.31
10103,4/10/2022 10:37:04 PM,-1.77
10103,4/10/2022 10:37:08 PM,-1.76
10103,4/10/2022 10:37:12 PM,-1.99
10103,4/10/2022 10:37:16 PM,-1.99
10103,4/10/2022 10:37:20 PM,-1.99
10103,4/10/2022 10:37:24 PM,-1.99
10103,4/10/2022 10:37:28 PM,-1.99
10103,4/10/2022 10:37:32 PM,-1.99
10103,4/10/2022 10:37:36 PM,-1.99
10103,4/10/2022 10:37:40 PM,-2.49
10103,4/10/2022 10:37:44 PM,-1.61
10103,4/10/2022 10:37:48 PM,-2.67
10103,4/10/2022 10:37:52 PM,-2.24
10103,4/10/2022 10:37:56 PM,-1.31
10103,4/10/2022 10:38:00 PM,-1.98
10103,4/10/2022 10:38:04 PM,-1.99
10103,4/10/2022 10:38:08 PM,-2.44
10103,4/10/2022 10:38:12 PM,-2.00
10103,4/10/2022 10:38:16 PM,-2.21
10103,4/10/2022 10:38:20 PM,-2.23
10103,4/10/2022 10:38:24 PM,-2.67
10103,4/10/2022 10:38:28 PM,-1.53
10103,4/10/2022 10:38:32 PM,-1.99
10103,4/10/2022 10:38:36 PM,-1.32
10103,4/10/2022 10:38:40 PM,-1.99
10103,4/10/2022 10:38:44 PM,-1.99
10103,4/10/2022 10:38:48 PM,-1.99
10103,4/10/2022 10:38:52 PM,-2.24
10103,4/10/2022 10:38:56 PM,-1.76
10103,4/10/2022 10:39:00 PM,-2.67
10103,4/10/2022 10:39:04 PM,-1.53
10103,4/10/2022 10:39:08 PM,-1.55
10103,4/10/2022 10:39:12 PM,-1.98
10103,4/10/2022 10:39:16 PM,-1.99
10103,4/10/2022 10:39:20 PM,-2.44
10103,4/10/2022 10:39:24 PM,-1.32
10103,4/10/2022 10:39:28 PM,-1.99
10103,4/10/2022 10:39:32 PM,-1.10
10103,4/10/2022 10:39:36 PM,-1.30
10103,4/10/2022 10:39:40 PM,-2.21
10103,4/10/2022 10:39:44 PM,-2.23
10103,4/10/2022 10:39:48 PM,-1.99
10103,4/10/2022 10:39:52 PM,-2.25
10103,4/10/2022 10:39:56 PM,-1.75
10103,4/10/2022 10:40:00 PM,-1.99
10103,4/10/2022 10:40:04 PM,-2.24
10103,4/10/2022 10:40:08 PM,-1.76
10103,4/10/2022 10:40:12 PM,-1.99
10103,4/10/2022 10:40:16 PM,-1.77
10103,4/10/2022 10:40:20 PM,-1.71
10103,4/10/2022 10:40:24 PM,-1.99
10103,4/10/2022 10:40:28 PM,-1.99
10103,4/10/2022 10:40:32 PM,-1.55
10103,4/10/2022 10:40:36 PM,-1.31
10103,4/10/2022 10:40:40 PM,-1.78
10103,4/10/2022 10:40:44 PM,-1.31
10103,4/10/2022 10:40:48 PM,-1.99
10103,4/10/2022 10:40:52 PM,-1.99
10103,4/10/2022 10:40:56 PM,-1.55
10103,4/10/2022 10:41:00 PM,-3.33
10103,4/10/2022 10:41:04 PM,-1.75
10103,4/10/2022 10:41:08 PM,-2.23
10103,4/10/2022 10:41:12 PM,-1.99
10103,4/10/2022 10:41:16 PM,-2.46
10103,4/10/2022 10:41:20 PM,-1.99
10103,4/10/2022 10:41:24 PM,-1.99
10103,4/10/2022 10:41:28 PM,-1.99
10103,4/10/2022 10:41:32 PM,-1.99
10103,4/10/2022 10:41:36 PM,-1.99
10103,4/10/2022 10:41:40 PM,-1.99
10103,4/10/2022 10:41:44 PM,-1.99
10103,4/10/2022 10:41:48 PM,-1.99
10103,4/10/2022 10:41:52 PM,-2.71
10103,4/10/2022 10:41:56 PM,-1.75
10103,4/10/2022 10:42:00 PM,-1.99
10103,4/10/2022 10:42:04 PM,-1.77
10103,4/10/2022 10:42:08 PM,-2.21
10103,4/10/2022 10:42:12 PM,-1.33
10103,4/10/2022 10:42:16 PM,-2.46
10103,4/10/2022 10:42:20 PM,-1.99
10103,4/10/2022 10:42:24 PM,-2.67
10103,4/10/2022 10:42:28 PM,-1.78
10103,4/10/2022 10:42:32 PM,-1.76
10103,4/10/2022 10:42:36 PM,-1.32
10103,4/10/2022 10:42:40 PM,-1.99
10103,4/10/2022 10:42:44 PM,-1.10
10103,4/10/2022 10:42:48 PM,-1.98
10103,4/10/2022 10:42:52 PM,-1.99
10103,4/10/2022 10:42:56 PM,-1.99
10103,4/10/2022 10:43:00 PM,-2.68
10103,4/10/2022 10:43:04 PM,-1.77
10103,4/10/2022 10:43:08 PM,-1.76
10103,4/10/2022 10:43:12 PM,-1.99
10103,4/10/2022 10:43:16 PM,-2.22
10103,4/10/2022 10:43:20 PM,-1.78
10103,4/10/2022 10:43:24 PM,-1.99
10103,4/10/2022 10:43:28 PM,-1.27
10103,4/10/2022 10:43:32 PM,-1.33
10103,4/10/2022 10:43:36 PM,-1.99
10103,4/10/2022 10:43:40 PM,-2.23
10103,4/10/2022 10:43:44 PM,-1.73
10103,4/10/2022 10:43:48 PM,-1.99
10103,4/10/2022 10:43:52 PM,-1.31
10103,4/10/2022 10:43:56 PM,-1.31
10103,4/10/2022 10:44:00 PM,-1.99
10103,4/10/2022 10:44:04 PM,-1.77
10103,4/10/2022 10:44:08 PM,-1.76
10103,4/10/2022 10:44:12 PM,-2.67
10103,4/10/2022 10:44:16 PM,-1.07
10103,4/10/2022 10:44:20 PM,-2.44
10103,4/10/2022 10:44:24 PM,-2.00
10103,4/10/2022 10:44:28 PM,-1.75
10103,4/10/2022 10:44:32 PM,-2.68
10103,4/10/2022 10:44:36 PM,-1.32
10103,4/10/2022 10:44:40 PM,-1.77
10103,4/10/2022 10:44:44 PM,-1.76
10103,4/10/2022 10:44:48 PM,-1.31
10103,4/10/2022 10:44:52 PM,-1.31
10103,4/10/2022 10:44:56 PM,-1.31
10103,4/10/2022 10:45:00 PM,-1.31
10103,4/10/2022 10:45:04 PM,-1.31
10103,4/10/2022 10:45:08 PM,-1.31
10103,4/10/2022 10:45:12 PM,-1.31
10103,4/10/2022 10:45:16 PM,-1.31
10103,4/10/2022 10:45:20 PM,-1.31
10103,4/10/2022 10:45:24 PM,-2.67
10103,4/10/2022 10:45:28 PM,-1.53
10103,4/10/2022 10:45:32 PM,-1.54
10103,4/10/2022 10:45:36 PM,-2.67
10103,4/10/2022 10:45:40 PM,-1.53
10103,4/10/2022 10:45:44 PM,-1.54
10103,4/10/2022 10:45:48 PM,-3.22
10103,4/10/2022 10:45:52 PM,-2.24
10103,4/10/2022 10:45:56 PM,-1.31
10103,4/10/2022 10:46:00 PM,-1.99
10103,4/10/2022 10:46:04 PM,-1.99
10103,4/10/2022 10:46:08 PM,-1.09
10103,4/10/2022 10:46:12 PM,-1.98
10103,4/10/2022 10:46:16 PM,-1.77
10103,4/10/2022 10:46:20 PM,-2.21
10103,4/10/2022 10:46:24 PM,-2.00
10103,4/10/2022 10:46:28 PM,-2.21
10103,4/10/2022 10:46:32 PM,-1.78
10103,4/10/2022 10:46:36 PM,-1.31
10103,4/10/2022 10:46:40 PM,-1.31
10103,4/10/2022 10:46:44 PM,-1.76
10103,4/10/2022 10:46:48 PM,-2.67
10103,4/10/2022 10:46:52 PM,-2.23
10103,4/10/2022 10:46:56 PM,-1.76
10103,4/10/2022 10:47:00 PM,-1.31
10103,4/10/2022 10:47:04 PM,-1.99
10103,4/10/2022 10:47:08 PM,-1.99
10103,4/10/2022 10:47:12 PM,-1.99
10103,4/10/2022 10:47:16 PM,-1.99
10103,4/10/2022 10:47:20 PM,-2.44
10103,4/10/2022 10:47:24 PM,-2.00
10103,4/10/2022 10:47:28 PM,-1.31
10103,4/10/2022 10:47:32 PM,-1.31
10103,4/10/2022 10:47:36 PM,-1.99
10103,4/10/2022 10:47:40 PM,-1.53
10103,4/10/2022 10:47:44 PM,-1.99
10103,4/10/2022 10:47:48 PM,-1.99
10103,4/10/2022 10:47:52 PM,-1.53
10103,4/10/2022 10:47:56 PM,-1.55
10103,4/10/2022 10:48:00 PM,-2.67
10103,4/10/2022 10:48:04 PM,-2.22
10103,4/10/2022 10:48:08 PM,-2.26
10103,4/10/2022 10:48:12 PM,-1.99
10103,4/10/2022 10:48:16 PM,-2.24
10103,4/10/2022 10:48:20 PM,-1.76
10103,4/10/2022 10:48:24 PM,-1.99
10103,4/10/2022 10:48:28 PM,-2.93
10103,4/10/2022 10:48:32 PM,-1.55
10103,4/10/2022 10:48:36 PM,-1.99
10103,4/10/2022 10:48:40 PM,-2.21
10103,4/10/2022 10:48:44 PM,-1.78
10103,4/10/2022 10:48:48 PM,-2.67
10103,4/10/2022 10:48:52 PM,-1.53
10103,4/10/2022 10:48:56 PM,-1.99
10103,4/10/2022 10:49:00 PM,-2.67
10103,4/10/2022 10:49:04 PM,-1.99
10103,4/10/2022 10:49:08 PM,-1.99
10103,4/10/2022 10:49:12 PM,-1.99
10103,4/10/2022 10:49:16 PM,-1.77
10103,4/10/2022 10:49:20 PM,-1.76
10103,4/10/2022 10:49:24 PM,-1.99
10103,4/10/2022 10:49:28 PM,-1.99
10103,4/10/2022 10:49:32 PM,-1.55
10103,4/10/2022 10:49:36 PM,-1.31
10103,4/10/2022 10:49:40 PM,-2.24
10103,4/10/2022 10:49:44 PM,-1.76
10103,4/10/2022 10:49:48 PM,-1.99
10103,4/10/2022 10:49:52 PM,-2.68
10103,4/10/2022 10:49:56 PM,-2.23
10103,4/10/2022 10:50:00 PM,-1.99
10103,4/10/2022 10:50:04 PM,-1.77
10103,4/10/2022 10:50:08 PM,-1.76
10103,4/10/2022 10:50:12 PM,-1.99
10103,4/10/2022 10:50:16 PM,-2.21
10103,4/10/2022 10:50:20 PM,-1.78
10103,4/10/2022 10:50:24 PM,-2.66
10103,4/10/2022 10:50:28 PM,-2.42
10103,4/10/2022 10:50:32 PM,-2.47
10103,4/10/2022 10:50:36 PM,-1.32
10103,4/10/2022 10:50:40 PM,-1.99
10103,4/10/2022 10:50:44 PM,-2.44
10103,4/10/2022 10:50:48 PM,-2.00
10103,4/10/2022 10:50:52 PM,-1.99
10103,4/10/2022 10:50:56 PM,-1.55
10103,4/10/2022 10:51:00 PM,-2.67
10103,4/10/2022 10:51:04 PM,-2.21
10103,4/10/2022 10:51:08 PM,-2.23
10103,4/10/2022 10:51:12 PM,-1.99
10103,4/10/2022 10:51:16 PM,-1.99
10103,4/10/2022 10:51:20 PM,-1.55
10103,4/10/2022 10:51:24 PM,-2.67
10103,4/10/2022 10:51:28 PM,-1.99
10103,4/10/2022 10:51:32 PM,-1.99
10103,4/10/2022 10:51:36 PM,-2.67
10103,4/10/2022 10:51:40 PM,-1.77
10103,4/10/2022 10:51:44 PM,-1.76
10103,4/10/2022 10:51:48 PM,-2.67
10103,4/10/2022 10:51:52 PM,-1.99
10103,4/10/2022 10:51:56 PM,-1.99
10103,4/10/2022 10:52:00 PM,-2.67
10103,4/10/2022 10:52:04 PM,-1.99
10103,4/10/2022 10:52:08 PM,-1.99
10103,4/10/2022 10:52:12 PM,-1.99
10103,4/10/2022 10:52:16 PM,-2.43
10103,4/10/2022 10:52:20 PM,-2.47
10103,4/10/2022 10:52:24 PM,-1.31
10103,4/10/2022 10:52:28 PM,-1.77
10103,4/10/2022 10:52:32 PM,-1.76
10103,4/10/2022 10:52:36 PM,-2.67
10103,4/10/2022 10:52:40 PM,-2.46
10103,4/10/2022 10:52:44 PM,-1.99
10103,4/10/2022 10:52:48 PM,-1.99
10103,4/10/2022 10:52:52 PM,-1.99
10103,4/10/2022 10:52:56 PM,-2.88
10103,4/10/2022 10:53:00 PM,-1.34
10103,4/10/2022 10:53:04 PM,-1.99
10103,4/10/2022 10:53:08 PM,-1.99
10103,4/10/2022 10:53:12 PM,-1.99
10103,4/10/2022 10:53:16 PM,-1.99
10103,4/10/2022 10:53:20 PM,-1.99
10103,4/10/2022 10:53:24 PM,-1.99
10103,4/10/2022 10:53:28 PM,-1.53
10103,4/10/2022 10:53:32 PM,-2.44
10103,4/10/2022 10:53:36 PM,-2.00
10103,4/10/2022 10:53:40 PM,-1.53
10103,4/10/2022 10:53:44 PM,-1.54
10103,4/10/2022 10:53:48 PM,-2.66
10103,4/10/2022 10:53:52 PM,-2.36
10103,4/10/2022 10:53:56 PM,-1.75
10103,4/10/2022 10:54:00 PM,-1.99
10103,4/10/2022 10:54:04 PM,-1.77
10103,4/10/2022 10:54:08 PM,-1.76
10103,4/10/2022 10:54:12 PM,-1.99
10103,4/10/2022 10:54:16 PM,-2.22
10103,4/10/2022 10:54:20 PM,-2.23
10103,4/10/2022 10:54:24 PM,-2.68
10103,4/10/2022 10:54:28 PM,-2.68
10103,4/10/2022 10:54:32 PM,-2.23
10103,4/10/2022 10:54:36 PM,-1.99
10103,4/10/2022 10:54:40 PM,-1.77
10103,4/10/2022 10:54:44 PM,-2.21
10103,4/10/2022 10:54:48 PM,-2.68
10103,4/10/2022 10:54:52 PM,-1.99
10103,4/10/2022 10:54:56 PM,-2.44
10103,4/10/2022 10:55:00 PM,-2.00
10103,4/10/2022 10:55:04 PM,-1.77
10103,4/10/2022 10:55:08 PM,-1.76
10103,4/10/2022 10:55:12 PM,-2.67
10103,4/10/2022 10:55:16 PM,-1.99
10103,4/10/2022 10:55:20 PM,-2.45
10103,4/10/2022 10:55:24 PM,-3.36
10103,4/10/2022 10:55:28 PM,-2.92
10103,4/10/2022 10:55:32 PM,-2.44
10103,4/10/2022 10:55:36 PM,-2.00
10103,4/10/2022 10:55:40 PM,-1.77
10103,4/10/2022 10:55:44 PM,-1.76
10103,4/10/2022 10:55:48 PM,-2.67
10103,4/10/2022 10:55:52 PM,-3.36
10103,4/10/2022 10:55:56 PM,-2.47
10103,4/10/2022 10:56:00 PM,-2.65
10103,4/10/2022 10:56:04 PM,-2.23
10103,4/10/2022 10:56:08 PM,-1.76
10103,4/10/2022 10:56:12 PM,-1.99
10103,4/10/2022 10:56:16 PM,-2.46
10103,4/10/2022 10:56:20 PM,-1.99
10103,4/10/2022 10:56:24 PM,-2.67
10103,4/10/2022 10:56:28 PM,-2.90
10103,4/10/2022 10:56:32 PM,-2.46
10103,4/10/2022 10:56:36 PM,-2.67
10103,4/10/2022 10:56:40 PM,-1.99
10103,4/10/2022 10:56:44 PM,-1.99
10103,4/10/2022 10:56:48 PM,-2.67
10103,4/10/2022 10:56:52 PM,-1.77
10103,4/10/2022 10:56:56 PM,-1.76
10103,4/10/2022 10:57:00 PM,-2.67
10103,4/10/2022 10:57:04 PM,-2.46
10103,4/10/2022 10:57:08 PM,-2.44
10103,4/10/2022 10:57:12 PM,-2.00
10103,4/10/2022 10:57:16 PM,-2.22
10103,4/10/2022 10:57:20 PM,-3.13
10103,4/10/2022 10:57:24 PM,-2.00
10103,4/10/2022 10:57:28 PM,-2.46
10103,4/10/2022 10:57:32 PM,-1.54
10103,4/10/2022 10:57:36 PM,-2.67
10103,4/10/2022 10:57:40 PM,-2.92
10103,4/10/2022 10:57:44 PM,-1.99
10103,4/10/2022 10:57:48 PM,-3.35
10103,4/10/2022 10:57:52 PM,-2.68
10103,4/10/2022 10:57:56 PM,-2.23
10103,4/10/2022 10:58:00 PM,-2.67
10103,4/10/2022 10:58:04 PM,-2.46
10103,4/10/2022 10:58:08 PM,-2.44
10103,4/10/2022 10:58:12 PM,-3.36
10103,4/10/2022 10:58:16 PM,-1.97
10103,4/10/2022 10:58:20 PM,-2.91
10103,4/10/2022 10:58:24 PM,-2.00
10103,4/10/2022 10:58:28 PM,-1.99
10103,4/10/2022 10:58:32 PM,-1.99
10103,4/10/2022 10:58:36 PM,-1.31
10103,4/10/2022 10:58:40 PM,-2.43
10103,4/10/2022 10:58:44 PM,-2.92
10103,4/10/2022 10:58:48 PM,-3.36
10103,4/10/2022 10:58:52 PM,-1.53
10103,4/10/2022 10:58:56 PM,-2.44
10103,4/10/2022 10:59:00 PM,-2.00
10103,4/10/2022 10:59:04 PM,-1.53
10103,4/10/2022 10:59:08 PM,-2.44
10103,4/10/2022 10:59:12 PM,-2.68
10103,4/10/2022 10:59:16 PM,-2.70
10103,4/10/2022 10:59:20 PM,-1.76
10103,4/10/2022 10:59:24 PM,-1.99
10103,4/10/2022 10:59:28 PM,-2.21
10103,4/10/2022 10:59:32 PM,-2.23
10103,4/10/2022 10:59:36 PM,-1.99
10103,4/10/2022 10:59:40 PM,-2.46
10103,4/10/2022 10:59:44 PM,-2.44
10103,4/10/2022 10:59:48 PM,-2.68
10103,4/10/2022 10:59:52 PM,-1.99
10103,4/10/2022 10:59:56 PM,-2.44
10103,4/10/2022 11:00:00 PM,-3.36
10103,4/10/2022 11:00:04 PM,-3.36
10103,4/10/2022 11:00:08 PM,-2.91
10103,4/10/2022 11:00:12 PM,-2.00
10103,4/10/2022 11:00:16 PM,-2.46
10103,4/10/2022 11:00:20 PM,-2.80
10103,4/10/2022 11:00:24 PM,-2.01
10103,4/10/2022 11:00:28 PM,-2.21
10103,4/10/2022 11:00:32 PM,-3.13
10103,4/10/2022 11:00:36 PM,-2.68
10103,4/10/2022 11:00:40 PM,-1.99
10103,4/10/2022 11:00:44 PM,-1.99
10103,4/10/2022 11:00:48 PM,-2.67
10103,4/10/2022 11:00:52 PM,-2.68
10103,4/10/2022 11:00:56 PM,-2.68
10103,4/10/2022 11:01:00 PM,-2.68
10103,4/10/2022 11:01:04 PM,-2.68
10103,4/10/2022 11:01:08 PM,-2.23
10103,4/10/2022 11:01:12 PM,-1.99
10103,4/10/2022 11:01:16 PM,-2.22
10103,4/10/2022 11:01:20 PM,-2.68
10103,4/10/2022 11:01:24 PM,-2.68
10103,4/10/2022 11:01:28 PM,-2.46
10103,4/10/2022 11:01:32 PM,-1.99
10103,4/10/2022 11:01:36 PM,-1.99
10103,4/10/2022 11:01:40 PM,-2.90
10103,4/10/2022 11:01:44 PM,-2.92
10103,4/10/2022 11:01:48 PM,-3.36
10103,4/10/2022 11:01:52 PM,-2.18
10103,4/10/2022 11:01:56 PM,-2.68
10103,4/10/2022 11:02:00 PM,-2.68
10103,4/10/2022 11:02:04 PM,-2.24
10103,4/10/2022 11:02:08 PM,-2.21
10103,4/10/2022 11:02:12 PM,-2.00
10103,4/10/2022 11:02:16 PM,-3.14
10103,4/10/2022 11:02:20 PM,-2.68
10103,4/10/2022 11:02:24 PM,-2.00
10103,4/10/2022 11:02:28 PM,-1.99
10103,4/10/2022 11:02:32 PM,-2.44
10103,4/10/2022 11:02:36 PM,-3.36
10103,4/10/2022 11:02:40 PM,-2.21
10103,4/10/2022 11:02:44 PM,-2.68
10103,4/10/2022 11:02:48 PM,-2.00
10103,4/10/2022 11:02:52 PM,-2.92
10103,4/10/2022 11:02:56 PM,-2.89
10103,4/10/2022 11:03:00 PM,-2.01
10103,4/10/2022 11:03:04 PM,-2.21
10103,4/10/2022 11:03:08 PM,-3.13
10103,4/10/2022 11:03:12 PM,-2.01
10103,4/10/2022 11:03:16 PM,-2.92
10103,4/10/2022 11:03:20 PM,-1.99
10103,4/10/2022 11:03:24 PM,-2.67
10103,4/10/2022 11:03:28 PM,-1.99
10103,4/10/2022 11:03:32 PM,-2.44
10103,4/10/2022 11:03:36 PM,-2.68
10103,4/10/2022 11:03:40 PM,-2.68
10103,4/10/2022 11:03:44 PM,-2.23
10103,4/10/2022 11:03:48 PM,-1.99
10103,4/10/2022 11:03:52 PM,-2.49
10103,4/10/2022 11:03:56 PM,-2.37
10103,4/10/2022 11:04:00 PM,-3.36
10103,4/10/2022 11:04:04 PM,-2.46
10103,4/10/2022 11:04:08 PM,-2.44
10103,4/10/2022 11:04:12 PM,-2.68
10103,4/10/2022 11:04:16 PM,-1.99
10103,4/10/2022 11:04:20 PM,-1.55
10103,4/10/2022 11:04:24 PM,-2.67
10103,4/10/2022 11:04:28 PM,-2.93
10103,4/10/2022 11:04:32 PM,-2.44
10103,4/10/2022 11:04:36 PM,-2.68
10103,4/10/2022 11:04:40 PM,-2.68
10103,4/10/2022 11:04:44 PM,-1.79
10103,4/10/2022 11:04:48 PM,-1.99
10103,4/10/2022 11:04:52 PM,-1.99
10103,4/10/2022 11:04:56 PM,-1.99
10103,4/10/2022 11:05:00 PM,-1.99
10103,4/10/2022 11:05:04 PM,-1.99
10103,4/10/2022 11:05:08 PM,-1.99
10103,4/10/2022 11:05:12 PM,-2.67
10103,4/10/2022 11:05:16 PM,-1.99
10103,4/10/2022 11:05:20 PM,-1.99
10103,4/10/2022 11:05:24 PM,-2.67
10103,4/10/2022 11:05:28 PM,-1.78
10103,4/10/2022 11:05:32 PM,-2.20
10103,4/10/2022 11:05:36 PM,-2.68
10103,4/10/2022 11:05:40 PM,-2.92
10103,4/10/2022 11:05:44 PM,-1.99
10103,4/10/2022 11:05:48 PM,-1.32
10103,4/10/2022 11:05:52 PM,-2.68
10103,4/10/2022 11:05:56 PM,-1.90
10103,4/10/2022 11:06:00 PM,-1.98
10103,4/10/2022 11:06:04 PM,-2.43
10103,4/10/2022 11:06:08 PM,-2.92
10103,4/10/2022 11:06:12 PM,-2.68
10103,4/10/2022 11:06:16 PM,-2.24
10103,4/10/2022 11:06:20 PM,-2.65
10103,4/10/2022 11:06:24 PM,-2.01
10103,4/10/2022 11:06:28 PM,-2.90
10103,4/10/2022 11:06:32 PM,-2.91
10103,4/10/2022 11:06:36 PM,-3.36
10103,4/10/2022 11:06:40 PM,-1.53
10103,4/10/2022 11:06:44 PM,-2.44
10103,4/10/2022 11:06:48 PM,-2.00
10103,4/10/2022 11:06:52 PM,-1.99
10103,4/10/2022 11:06:56 PM,-1.99
10103,4/10/2022 11:07:00 PM,-2.67
10103,4/10/2022 11:07:04 PM,-1.99
10103,4/10/2022 11:07:08 PM,-2.44
10103,4/10/2022 11:07:12 PM,-1.33
10103,4/10/2022 11:07:16 PM,-1.99
10103,4/10/2022 11:07:20 PM,-1.99
10103,4/10/2022 11:07:24 PM,-1.99
10103,4/10/2022 11:07:28 PM,-2.68
10103,4/10/2022 11:07:32 PM,-2.23
10103,4/10/2022 11:07:36 PM,-1.99
10103,4/10/2022 11:07:40 PM,-2.44
10103,4/10/2022 11:07:44 PM,-2.47
10103,4/10/2022 11:07:48 PM,-2.68
10103,4/10/2022 11:07:52 PM,-2.22
10103,4/10/2022 11:07:56 PM,-2.30
10103,4/10/2022 11:08:00 PM,-1.99
10103,4/10/2022 11:08:04 PM,-2.21
10103,4/10/2022 11:08:08 PM,-2.23
10103,4/10/2022 11:08:12 PM,-2.67
10103,4/10/2022 11:08:16 PM,-2.21
10103,4/10/2022 11:08:20 PM,-2.68
10103,4/10/2022 11:08:24 PM,-2.68
10103,4/10/2022 11:08:28 PM,-1.75
10103,4/10/2022 11:08:32 PM,-2.23
10103,4/10/2022 11:08:36 PM,-2.67
10103,4/10/2022 11:08:40 PM,-1.99
10103,4/10/2022 11:08:44 PM,-2.44
10103,4/10/2022 11:08:48 PM,-2.68
10103,4/10/2022 11:08:52 PM,-2.92
10103,4/10/2022 11:08:56 PM,-1.99
10103,4/10/2022 11:09:00 PM,-2.67
10103,4/10/2022 11:09:04 PM,-1.99
10103,4/10/2022 11:09:08 PM,-2.44
10103,4/10/2022 11:09:12 PM,-3.35
10103,4/10/2022 11:09:16 PM,-2.46
10103,4/10/2022 11:09:20 PM,-1.99
10103,4/10/2022 11:09:24 PM,-1.99
10103,4/10/2022 11:09:28 PM,-2.93
10103,4/10/2022 11:09:32 PM,-2.44
10103,4/10/2022 11:09:36 PM,-2.00
10103,4/10/2022 11:09:40 PM,-1.99
10103,4/10/2022 11:09:44 PM,-1.99
10103,4/10/2022 11:09:48 PM,-1.99
10103,4/10/2022 11:09:52 PM,-2.90
10103,4/10/2022 11:09:56 PM,-2.92
10103,4/10/2022 11:10:00 PM,-3.36
10103,4/10/2022 11:10:04 PM,-1.99
10103,4/10/2022 11:10:08 PM,-2.44
10103,4/10/2022 11:10:12 PM,-2.68
10103,4/10/2022 11:10:16 PM,-2.68
10103,4/10/2022 11:10:20 PM,-3.08
10103,4/10/2022 11:10:24 PM,-2.00
10103,4/10/2022 11:10:28 PM,-1.99
10103,4/10/2022 11:10:32 PM,-1.99
10103,4/10/2022 11:10:36 PM,-2.68
10103,4/10/2022 11:10:40 PM,-1.99
10103,4/10/2022 11:10:44 PM,-1.99
10103,4/10/2022 11:10:48 PM,-3.36
10103,4/10/2022 11:10:52 PM,-1.99
10103,4/10/2022 11:10:56 PM,-2.44
10103,4/10/2022 11:11:00 PM,-2.00
10103,4/10/2022 11:11:04 PM,-2.46
10103,4/10/2022 11:11:08 PM,-2.44
10103,4/10/2022 11:11:12 PM,-1.32
10103,4/10/2022 11:11:16 PM,-2.44
10103,4/10/2022 11:11:20 PM,-2.01
10103,4/10/2022 11:11:24 PM,-2.67
10103,4/10/2022 11:11:28 PM,-2.92
10103,4/10/2022 11:11:32 PM,-2.44
10103,4/10/2022 11:11:36 PM,-2.00
10103,4/10/2022 11:11:40 PM,-2.70
10103,4/10/2022 11:11:44 PM,-1.76
10103,4/10/2022 11:11:48 PM,-2.67
10103,4/10/2022 11:11:52 PM,-2.23
10103,4/10/2022 11:11:56 PM,-2.07
10103,4/10/2022 11:12:00 PM,-2.68
10103,4/10/2022 11:12:04 PM,-2.68
10103,4/10/2022 11:12:08 PM,-2.23
10103,4/10/2022 11:12:12 PM,-2.67
10103,4/10/2022 11:12:16 PM,-2.92
10103,4/10/2022 11:12:20 PM,-2.44
10103,4/10/2022 11:12:24 PM,-2.00
10103,4/10/2022 11:12:28 PM,-1.99
10103,4/10/2022 11:12:32 PM,-2.45
10103,4/10/2022 11:12:36 PM,-2.00
10103,4/10/2022 11:12:40 PM,-1.99
10103,4/10/2022 11:12:44 PM,-1.99
10103,4/10/2022 11:12:48 PM,-1.31
10103,4/10/2022 11:12:52 PM,-1.99
10103,4/10/2022 11:12:56 PM,-1.99
10103,4/10/2022 11:13:00 PM,-1.99
10103,4/10/2022 11:13:04 PM,-1.77
10103,4/10/2022 11:13:08 PM,-1.31
10103,4/10/2022 11:13:12 PM,-2.66
10103,4/10/2022 11:13:16 PM,-2.46
10103,4/10/2022 11:13:20 PM,-1.99
10103,4/10/2022 11:13:24 PM,-1.99
10103,4/10/2022 11:13:28 PM,-1.99
10103,4/10/2022 11:13:32 PM,-1.99
10103,4/10/2022 11:13:36 PM,-1.99
10103,4/10/2022 11:13:40 PM,-3.14
10103,4/10/2022 11:13:44 PM,-2.23
10103,4/10/2022 11:13:48 PM,-1.31
10103,4/10/2022 11:13:52 PM,-1.99
10103,4/10/2022 11:13:56 PM,-1.99
10103,4/10/2022 11:14:00 PM,-1.39
10103,4/10/2022 11:14:04 PM,-1.99
10103,4/10/2022 11:14:08 PM,-1.99
10103,4/10/2022 11:14:12 PM,-2.67
10103,4/10/2022 11:14:16 PM,-1.99
10103,4/10/2022 11:14:20 PM,-1.99
10103,4/10/2022 11:14:24 PM,-1.31
10103,4/10/2022 11:14:28 PM,-2.21
10103,4/10/2022 11:14:32 PM,-2.68
10103,4/10/2022 11:14:36 PM,-2.68
10103,4/10/2022 11:14:40 PM,-2.46
10103,4/10/2022 11:14:44 PM,-1.99
10103,4/10/2022 11:14:48 PM,-1.99
10103,4/10/2022 11:14:52 PM,-2.46
10103,4/10/2022 11:14:56 PM,-1.55
10103,4/10/2022 11:15:00 PM,-1.99
10103,4/10/2022 11:15:04 PM,-3.36
10103,4/10/2022 11:15:08 PM,-2.47
10103,4/10/2022 11:15:12 PM,-1.99
10103,4/10/2022 11:15:16 PM,-1.99
10103,4/10/2022 11:15:20 PM,-1.99
10103,4/10/2022 11:15:24 PM,-1.99
10103,4/10/2022 11:15:28 PM,-1.99
10103,4/10/2022 11:15:32 PM,-2.44
10103,4/10/2022 11:15:36 PM,-2.68
10103,4/10/2022 11:15:40 PM,-2.46
10103,4/10/2022 11:15:44 PM,-1.99
10103,4/10/2022 11:15:48 PM,-1.31
10103,4/10/2022 11:15:52 PM,-1.99
10103,4/10/2022 11:15:56 PM,-1.99
10103,4/10/2022 11:16:00 PM,-2.60
10103,4/10/2022 11:16:04 PM,-2.21
10103,4/10/2022 11:16:08 PM,-2.23
10103,4/10/2022 11:16:12 PM,-1.99
10103,4/10/2022 11:16:16 PM,-1.99
10103,4/10/2022 11:16:20 PM,-1.99
10103,4/10/2022 11:16:24 PM,-3.35
10103,4/10/2022 11:16:28 PM,-2.21
10103,4/10/2022 11:16:32 PM,-2.23
10103,4/10/2022 11:16:36 PM,-2.67
10103,4/10/2022 11:16:40 PM,-2.68
10103,4/10/2022 11:16:44 PM,-2.23
10103,4/10/2022 11:16:48 PM,-1.99
10103,4/10/2022 11:16:52 PM,-1.53
10103,4/10/2022 11:16:56 PM,-2.89
10103,4/10/2022 11:17:00 PM,-3.36
10103,4/10/2022 11:17:04 PM,-1.53
10103,4/10/2022 11:17:08 PM,-1.99
10103,4/10/2022 11:17:12 PM,-2.67
10103,4/10/2022 11:17:16 PM,-2.44
10103,4/10/2022 11:17:20 PM,-2.01
10103,4/10/2022 11:17:24 PM,-1.99
10103,4/10/2022 11:17:28 PM,-2.46
10103,4/10/2022 11:17:32 PM,-1.99
10103,4/10/2022 11:17:36 PM,-1.99
10103,4/10/2022 11:17:40 PM,-1.99
10103,4/10/2022 11:17:44 PM,-1.99
10103,4/10/2022 11:17:48 PM,-1.99
10103,4/10/2022 11:17:52 PM,-2.21
10103,4/10/2022 11:17:56 PM,-2.23
10103,4/10/2022 11:18:00 PM,-1.99
10103,4/10/2022 11:18:04 PM,-2.21
10103,4/10/2022 11:18:08 PM,-2.68
10103,4/10/2022 11:18:12 PM,-2.00
10103,4/10/2022 11:18:16 PM,-2.43
10103,4/10/2022 11:18:20 PM,-2.47
10103,4/10/2022 11:18:24 PM,-2.67
10103,4/10/2022 11:18:28 PM,-1.99
10103,4/10/2022 11:18:32 PM,-2.44
10103,4/10/2022 11:18:36 PM,-2.00
10103,4/10/2022 11:18:40 PM,-2.21
10103,4/10/2022 11:18:44 PM,-1.79
10103,4/10/2022 11:18:48 PM,-1.99
10103,4/10/2022 11:18:52 PM,-2.22
10103,4/10/2022 11:18:56 PM,-2.23
10103,4/10/2022 11:19:00 PM,-1.99
10103,4/10/2022 11:19:04 PM,-1.99
10103,4/10/2022 11:19:08 PM,-2.44
10103,4/10/2022 11:19:12 PM,-2.00
10103,4/10/2022 11:19:16 PM,-2.46
10103,4/10/2022 11:19:20 PM,-1.99
10103,4/10/2022 11:19:24 PM,-1.99
10103,4/10/2022 11:19:28 PM,-2.25
10103,4/10/2022 11:19:32 PM,-1.31
10103,4/10/2022 11:19:36 PM,-1.99
10103,4/10/2022 11:19:40 PM,-1.53
10103,4/10/2022 11:19:44 PM,-1.99
10103,4/10/2022 11:19:48 PM,-1.99
10103,4/10/2022 11:19:52 PM,-1.99
10103,4/10/2022 11:19:56 PM,-2.44
10103,4/10/2022 11:20:00 PM,-2.00
10103,4/10/2022 11:20:04 PM,-1.99
10103,4/10/2022 11:20:08 PM,-1.99
10103,4/10/2022 11:20:12 PM,-1.32
10103,4/10/2022 11:20:16 PM,-1.99
10103,4/10/2022 11:20:20 PM,-1.99
10103,4/10/2022 11:20:24 PM,-1.99
10103,4/10/2022 11:20:28 PM,-1.99
10103,4/10/2022 11:20:32 PM,-1.99
10103,4/10/2022 11:20:36 PM,-1.99
10103,4/10/2022 11:20:40 PM,-2.22
10103,4/10/2022 11:20:44 PM,-2.68
10103,4/10/2022 11:20:48 PM,-1.32
10103,4/10/2022 11:20:52 PM,-1.77
10103,4/10/2022 11:20:56 PM,-2.66
10103,4/10/2022 11:21:00 PM,-2.68
10103,4/10/2022 11:21:04 PM,-2.46
10103,4/10/2022 11:21:08 PM,-1.99
10103,4/10/2022 11:21:12 PM,-1.99
10103,4/10/2022 11:21:16 PM,-1.77
10103,4/10/2022 11:21:20 PM,-1.76
10103,4/10/2022 11:21:24 PM,-2.68
10103,4/10/2022 11:21:28 PM,-1.77
10103,4/10/2022 11:21:32 PM,-2.21
10103,4/10/2022 11:21:36 PM,-2.00
10103,4/10/2022 11:21:40 PM,-1.52
10103,4/10/2022 11:21:44 PM,-2.44
10103,4/10/2022 11:21:48 PM,-2.00
10103,4/10/2022 11:21:52 PM,-1.99
10103,4/10/2022 11:21:56 PM,-1.99
10103,4/10/2022 11:22:00 PM,-1.99
10103,4/10/2022 11:22:04 PM,-1.99
10103,4/10/2022 11:22:08 PM,-1.99
10103,4/10/2022 11:22:12 PM,-1.99
10103,4/10/2022 11:22:16 PM,-2.46
10103,4/10/2022 11:22:20 PM,-1.99
10103,4/10/2022 11:22:24 PM,-1.99
10103,4/10/2022 11:22:28 PM,-1.99
10103,4/10/2022 11:22:32 PM,-1.54
10103,4/10/2022 11:22:36 PM,-1.99
10103,4/10/2022 11:22:40 PM,-1.31
10103,4/10/2022 11:22:44 PM,-1.76
10103,4/10/2022 11:22:48 PM,-1.31
10103,4/10/2022 11:22:52 PM,-2.46
10103,4/10/2022 11:22:56 PM,-1.99
10103,4/10/2022 11:23:00 PM,-1.99
10103,4/10/2022 11:23:04 PM,-2.22
10103,4/10/2022 11:23:08 PM,-2.23
10103,4/10/2022 11:23:12 PM,-1.32
10103,4/10/2022 11:23:16 PM,-2.46
10103,4/10/2022 11:23:20 PM,-2.90
10103,4/10/2022 11:23:24 PM,-2.00
10103,4/10/2022 11:23:28 PM,-1.99
10103,4/10/2022 11:23:32 PM,-2.44
10103,4/10/2022 11:23:36 PM,-2.00
10103,4/10/2022 11:23:40 PM,-2.22
10103,4/10/2022 11:23:44 PM,-1.78
10103,4/10/2022 11:23:48 PM,-1.99
10103,4/10/2022 11:23:52 PM,-1.99
10103,4/10/2022 11:23:56 PM,-1.55
10103,4/10/2022 11:24:00 PM,-2.65
10103,4/10/2022 11:24:04 PM,-1.77
10103,4/10/2022 11:24:08 PM,-1.31
10103,4/10/2022 11:24:12 PM,-2.66
10103,4/10/2022 11:24:16 PM,-1.77
10103,4/10/2022 11:24:20 PM,-1.76
10103,4/10/2022 11:24:24 PM,-2.67
10103,4/10/2022 11:24:28 PM,-1.99
10103,4/10/2022 11:24:32 PM,-1.54
10103,4/10/2022 11:24:36 PM,-1.99
10103,4/10/2022 11:24:40 PM,-1.31
10103,4/10/2022 11:24:44 PM,-1.76
10103,4/10/2022 11:24:48 PM,-1.99
10103,4/10/2022 11:24:52 PM,-1.99
10103,4/10/2022 11:24:56 PM,-2.44
10103,4/10/2022 11:25:00 PM,-2.00
10103,4/10/2022 11:25:04 PM,-2.22
10103,4/10/2022 11:25:08 PM,-2.23
10103,4/10/2022 11:25:12 PM,-1.99
10103,4/10/2022 11:25:16 PM,-1.99
10103,4/10/2022 11:25:20 PM,-1.54
10103,4/10/2022 11:25:24 PM,-2.67
10103,4/10/2022 11:25:28 PM,-1.99
10103,4/10/2022 11:25:32 PM,-1.99
10103,4/10/2022 11:25:36 PM,-1.99
10103,4/10/2022 11:25:40 PM,-2.21
10103,4/10/2022 11:25:44 PM,-2.68
10103,4/10/2022 11:25:48 PM,-2.00
10103,4/10/2022 11:25:52 PM,-1.99
10103,4/10/2022 11:25:56 PM,-1.99
10103,4/10/2022 11:26:00 PM,-1.99
10103,4/10/2022 11:26:04 PM,-1.31
10103,4/10/2022 11:26:08 PM,-1.71
10103,4/10/2022 11:26:12 PM,-3.35
10103,4/10/2022 11:26:16 PM,-1.99
10103,4/10/2022 11:26:20 PM,-1.99
10103,4/10/2022 11:26:24 PM,-2.67
10103,4/10/2022 11:26:28 PM,-2.21
10103,4/10/2022 11:26:32 PM,-1.78
10103,4/10/2022 11:26:36 PM,-1.31
10103,4/10/2022 11:26:40 PM,-2.16
10103,4/10/2022 11:26:44 PM,-2.29
10103,4/10/2022 11:26:48 PM,-1.99
10103,4/10/2022 11:26:52 PM,-2.22
10103,4/10/2022 11:26:56 PM,-1.79
10103,4/10/2022 11:27:00 PM,-2.67
10103,4/10/2022 11:27:04 PM,-1.99
10103,4/10/2022 11:27:08 PM,-1.99
10103,4/10/2022 11:27:12 PM,-2.67
10103,4/10/2022 11:27:16 PM,-2.68
10103,4/10/2022 11:27:20 PM,-2.68
10103,4/10/2022 11:27:24 PM,-2.68
10103,4/10/2022 11:27:28 PM,-1.99
10103,4/10/2022 11:27:32 PM,-2.44
10103,4/10/2022 11:27:36 PM,-3.36
10103,4/10/2022 11:27:40 PM,-1.99
10103,4/10/2022 11:27:44 PM,-1.99
10103,4/10/2022 11:27:48 PM,-1.99
10103,4/10/2022 11:27:52 PM,-1.99
10103,4/10/2022 11:27:56 PM,-1.99
10103,4/10/2022 11:28:00 PM,-1.99
10103,4/10/2022 11:28:04 PM,-2.68
10103,4/10/2022 11:28:08 PM,-2.68
10103,4/10/2022 11:28:12 PM,-1.33
10103,4/10/2022 11:28:16 PM,-2.21
10103,4/10/2022 11:28:20 PM,-1.79
10103,4/10/2022 11:28:24 PM,-3.35
10103,4/10/2022 11:28:28 PM,-2.93
10103,4/10/2022 11:28:32 PM,-1.99
10103,4/10/2022 11:28:36 PM,-2.63
10103,4/10/2022 11:28:40 PM,-2.46
10103,4/10/2022 11:28:44 PM,-2.44
10103,4/10/2022 11:28:48 PM,-2.00
10103,4/10/2022 11:28:52 PM,-1.99
10103,4/10/2022 11:28:56 PM,-1.55
10103,4/10/2022 11:29:00 PM,-1.98
10103,4/10/2022 11:29:04 PM,-1.78
10103,4/10/2022 11:29:08 PM,-2.20
10103,4/10/2022 11:29:12 PM,-2.68
10103,4/10/2022 11:29:16 PM,-1.77
10103,4/10/2022 11:29:20 PM,-2.21
10103,4/10/2022 11:29:24 PM,-2.00
10103,4/10/2022 11:29:28 PM,-1.53
10103,4/10/2022 11:29:32 PM,-1.99
10103,4/10/2022 11:29:36 PM,-2.67
10103,4/10/2022 11:29:40 PM,-2.43
10103,4/10/2022 11:29:44 PM,-2.92
10103,4/10/2022 11:29:48 PM,-2.00
10103,4/10/2022 11:29:52 PM,-2.46
10103,4/10/2022 11:29:56 PM,-1.99
10103,4/10/2022 11:30:00 PM,-2.67
10103,4/10/2022 11:30:04 PM,-2.44
10103,4/10/2022 11:30:08 PM,-3.36
10103,4/10/2022 11:30:12 PM,-2.01
10103,4/10/2022 11:30:16 PM,-2.90
10103,4/10/2022 11:30:20 PM,-2.47
10103,4/10/2022 11:30:24 PM,-2.61
10103,4/10/2022 11:30:28 PM,-1.99
10103,4/10/2022 11:30:32 PM,-2.89
10103,4/10/2022 11:30:36 PM,-2.01
10103,4/10/2022 11:30:40 PM,-2.21
10103,4/10/2022 11:30:44 PM,-2.68
10103,4/10/2022 11:30:48 PM,-2.00
10103,4/10/2022 11:30:52 PM,-1.99
10103,4/10/2022 11:30:56 PM,-2.44
10103,4/10/2022 11:31:00 PM,-2.00
10103,4/10/2022 11:31:04 PM,-2.90
10103,4/10/2022 11:31:08 PM,-2.47
10103,4/10/2022 11:31:12 PM,-1.99
10103,4/10/2022 11:31:16 PM,-1.99
10103,4/10/2022 11:31:20 PM,-2.89
10103,4/10/2022 11:31:24 PM,-2.69
10103,4/10/2022 11:31:28 PM,-2.68
10103,4/10/2022 11:31:32 PM,-2.23
10103,4/10/2022 11:31:36 PM,-2.67
10103,4/10/2022 11:31:40 PM,-1.99
10103,4/10/2022 11:31:44 PM,-2.41
10103,4/10/2022 11:31:48 PM,-2.68
10103,4/10/2022 11:31:52 PM,-2.21
10103,4/10/2022 11:31:56 PM,-2.68
10103,4/10/2022 11:32:00 PM,-2.68
10103,4/10/2022 11:32:04 PM,-2.46
10103,4/10/2022 11:32:08 PM,-1.55
10103,4/10/2022 11:32:12 PM,-3.33
10103,4/10/2022 11:32:16 PM,-2.46
10103,4/10/2022 11:32:20 PM,-2.89
10103,4/10/2022 11:32:24 PM,-2.09
10103,4/10/2022 11:32:28 PM,-2.68
10103,4/10/2022 11:32:32 PM,-2.23
10103,4/10/2022 11:32:36 PM,-1.99
10103,4/10/2022 11:32:40 PM,-2.68
10103,4/10/2022 11:32:44 PM,-2.23
10103,4/10/2022 11:32:48 PM,-2.67
10103,4/10/2022 11:32:52 PM,-2.44
10103,4/10/2022 11:32:56 PM,-2.48
10103,4/10/2022 11:33:00 PM,-1.99
10103,4/10/2022 11:33:04 PM,-2.21
10103,4/10/2022 11:33:08 PM,-2.23
10103,4/10/2022 11:33:12 PM,-1.99
10103,4/10/2022 11:33:16 PM,-2.90
10103,4/10/2022 11:33:20 PM,-2.47
10103,4/10/2022 11:33:24 PM,-3.35
10103,4/10/2022 11:33:28 PM,-2.46
10103,4/10/2022 11:33:32 PM,-1.99
10103,4/10/2022 11:33:36 PM,-3.35
10103,4/10/2022 11:33:40 PM,-2.68
10103,4/10/2022 11:33:44 PM,-2.68
10103,4/10/2022 11:33:48 PM,-3.36
10103,4/10/2022 11:33:52 PM,-1.99
10103,4/10/2022 11:33:56 PM,-1.99
10103,4/10/2022 11:34:00 PM,-2.67
10103,4/10/2022 11:34:04 PM,-1.99
10103,4/10/2022 11:34:08 PM,-2.45
10103,4/10/2022 11:34:12 PM,-2.68
10103,4/10/2022 11:34:16 PM,-2.22
10103,4/10/2022 11:34:20 PM,-2.23
10103,4/10/2022 11:34:24 PM,-2.68
10103,4/10/2022 11:34:28 PM,-3.36
10103,4/10/2022 11:34:32 PM,-2.91
10103,4/10/2022 11:34:36 PM,-2.00
10103,4/10/2022 11:34:40 PM,-2.68
10103,4/10/2022 11:34:44 PM,-2.23
10103,4/10/2022 11:34:48 PM,-2.67
10103,4/10/2022 11:34:52 PM,-1.99
10103,4/10/2022 11:34:56 PM,-2.44
10103,4/10/2022 11:35:00 PM,-2.68
10103,4/10/2022 11:35:04 PM,-1.99
10103,4/10/2022 11:35:08 PM,-2.44
10103,4/10/2022 11:35:12 PM,-2.68
10103,4/10/2022 11:35:16 PM,-2.46
10103,4/10/2022 11:35:20 PM,-1.99
10103,4/10/2022 11:35:24 PM,-3.36
10103,4/10/2022 11:35:28 PM,-2.21
10103,4/10/2022 11:35:32 PM,-2.23
10103,4/10/2022 11:35:36 PM,-1.99
10103,4/10/2022 11:35:40 PM,-1.99
10103,4/10/2022 11:35:44 PM,-2.44
10103,4/10/2022 11:35:48 PM,-2.68
10103,4/10/2022 11:35:52 PM,-2.46
10103,4/10/2022 11:35:56 PM,-1.99
10103,4/10/2022 11:36:00 PM,-1.99
10103,4/10/2022 11:36:04 PM,-2.90
10103,4/10/2022 11:36:08 PM,-2.92
10103,4/10/2022 11:36:12 PM,-2.10
10103,4/10/2022 11:36:16 PM,-2.44
10103,4/10/2022 11:36:20 PM,-2.46
10103,4/10/2022 11:36:24 PM,-2.67
10103,4/10/2022 11:36:28 PM,-2.68
10103,4/10/2022 11:36:32 PM,-2.23
10103,4/10/2022 11:36:36 PM,-2.67
10103,4/10/2022 11:36:40 PM,-2.21
10103,4/10/2022 11:36:44 PM,-2.23
10103,4/10/2022 11:36:48 PM,-1.99
10103,4/10/2022 11:36:52 PM,-2.17
10103,4/10/2022 11:36:56 PM,-3.13
10103,4/10/2022 11:37:00 PM,-2.68
10103,4/10/2022 11:37:04 PM,-2.46
10103,4/10/2022 11:37:08 PM,-1.99
10103,4/10/2022 11:37:12 PM,-1.99
10103,4/10/2022 11:37:16 PM,-2.46
10103,4/10/2022 11:37:20 PM,-2.44
10103,4/10/2022 11:37:24 PM,-2.68
10103,4/10/2022 11:37:28 PM,-2.21
10103,4/10/2022 11:37:32 PM,-2.68
10103,4/10/2022 11:37:36 PM,-2.68
10103,4/10/2022 11:37:40 PM,-2.68
10103,4/10/2022 11:37:44 PM,-2.68
10103,4/10/2022 11:37:48 PM,-3.36
10103,4/10/2022 11:37:52 PM,-2.68
10103,4/10/2022 11:37:56 PM,-2.23
10103,4/10/2022 11:38:00 PM,-1.99
10103,4/10/2022 11:38:04 PM,-2.46
10103,4/10/2022 11:38:08 PM,-1.99
10103,4/10/2022 11:38:12 PM,-1.99
10103,4/10/2022 11:38:16 PM,-2.90
10103,4/10/2022 11:38:20 PM,-2.46
10103,4/10/2022 11:38:24 PM,-2.67
10103,4/10/2022 11:38:28 PM,-3.14
10103,4/10/2022 11:38:32 PM,-3.13
10103,4/10/2022 11:38:36 PM,-2.68
10103,4/10/2022 11:38:40 PM,-3.36
10103,4/10/2022 11:38:44 PM,-2.02
10103,4/10/2022 11:38:48 PM,-3.35
10103,4/10/2022 11:38:52 PM,-1.99
10103,4/10/2022 11:38:56 PM,-2.44
10103,4/10/2022 11:39:00 PM,-2.00
10103,4/10/2022 11:39:04 PM,-2.68
10103,4/10/2022 11:39:08 PM,-2.68
10103,4/10/2022 11:39:12 PM,-2.68
10103,4/10/2022 11:39:16 PM,-3.14
10103,4/10/2022 11:39:20 PM,-2.23
10103,4/10/2022 11:39:24 PM,-1.99
10103,4/10/2022 11:39:28 PM,-2.68
10103,4/10/2022 11:39:32 PM,-2.68
10103,4/10/2022 11:39:36 PM,-2.68
10103,4/10/2022 11:39:40 PM,-2.68
10103,4/10/2022 11:39:44 PM,-2.68
10103,4/10/2022 11:39:48 PM,-2.00
10103,4/10/2022 11:39:52 PM,-2.68
10103,4/10/2022 11:39:56 PM,-2.23
10103,4/10/2022 11:40:00 PM,-1.99
10103,4/10/2022 11:40:04 PM,-1.99
10103,4/10/2022 11:40:08 PM,-2.44
10103,4/10/2022 11:40:12 PM,-2.00
10103,4/10/2022 11:40:16 PM,-2.21
10103,4/10/2022 11:40:20 PM,-2.68
10103,4/10/2022 11:40:24 PM,-2.68
10103,4/10/2022 11:40:28 PM,-2.68
10103,4/10/2022 11:40:32 PM,-2.23
10103,4/10/2022 11:40:36 PM,-2.67
10103,4/10/2022 11:40:40 PM,-1.99
10103,4/10/2022 11:40:44 PM,-2.89
10103,4/10/2022 11:40:48 PM,-2.01
10103,4/10/2022 11:40:52 PM,-2.44
10103,4/10/2022 11:40:56 PM,-2.92
10103,4/10/2022 11:41:00 PM,-2.00
10103,4/10/2022 11:41:04 PM,-2.46
10103,4/10/2022 11:41:08 PM,-1.99
10103,4/10/2022 11:41:12 PM,-1.99
10103,4/10/2022 11:41:16 PM,-1.99
10103,4/10/2022 11:41:20 PM,-1.99
10103,4/10/2022 11:41:24 PM,-1.99
10103,4/10/2022 11:41:28 PM,-3.15
10103,4/10/2022 11:41:32 PM,-3.13
10103,4/10/2022 11:41:36 PM,-2.01
10103,4/10/2022 11:41:40 PM,-1.99
10103,4/10/2022 11:41:44 PM,-1.99
10103,4/10/2022 11:41:48 PM,-2.67
10103,4/10/2022 11:41:52 PM,-1.99
10103,4/10/2022 11:41:56 PM,-1.99
10103,4/10/2022 11:42:00 PM,-3.34
10103,4/10/2022 11:42:04 PM,-2.21
10103,4/10/2022 11:42:08 PM,-2.23
10103,4/10/2022 11:42:12 PM,-1.99
10103,4/10/2022 11:42:16 PM,-2.21
10103,4/10/2022 11:42:20 PM,-1.78
10103,4/10/2022 11:42:24 PM,-2.67
10103,4/10/2022 11:42:28 PM,-2.68
10103,4/10/2022 11:42:32 PM,-2.23
10103,4/10/2022 11:42:36 PM,-1.99
10103,4/10/2022 11:42:40 PM,-2.46
10103,4/10/2022 11:42:44 PM,-2.44
10103,4/10/2022 11:42:48 PM,-3.36
10103,4/10/2022 11:42:52 PM,-1.99
10103,4/10/2022 11:42:56 PM,-2.44
10103,4/10/2022 11:43:00 PM,-3.36
10103,4/10/2022 11:43:04 PM,-2.46
10103,4/10/2022 11:43:08 PM,-1.55
10103,4/10/2022 11:43:12 PM,-3.33
10103,4/10/2022 11:43:16 PM,-2.21
10103,4/10/2022 11:43:20 PM,-1.78
10103,4/10/2022 11:43:24 PM,-1.99
10103,4/10/2022 11:43:28 PM,-2.21
10103,4/10/2022 11:43:32 PM,-2.68
10103,4/10/2022 11:43:36 PM,-2.00
10103,4/10/2022 11:43:40 PM,-2.46
10103,4/10/2022 11:43:44 PM,-2.89
10103,4/10/2022 11:43:48 PM,-2.69
10103,4/10/2022 11:43:52 PM,-3.14
10103,4/10/2022 11:43:56 PM,-2.23
10103,4/10/2022 11:44:00 PM,-1.99
10103,4/10/2022 11:44:04 PM,-2.25
10103,4/10/2022 11:44:08 PM,-2.21
10103,4/10/2022 11:44:12 PM,-2.68
10103,4/10/2022 11:44:16 PM,-1.99
10103,4/10/2022 11:44:20 PM,-2.44
10103,4/10/2022 11:44:24 PM,-2.68
10103,4/10/2022 11:44:28 PM,-1.99
10103,4/10/2022 11:44:32 PM,-2.44
10103,4/10/2022 11:44:36 PM,-2.00
10103,4/10/2022 11:44:40 PM,-2.90
10103,4/10/2022 11:44:44 PM,-2.47
10103,4/10/2022 11:44:48 PM,-2.68
10103,4/10/2022 11:44:52 PM,-2.46
10103,4/10/2022 11:44:56 PM,-1.99
10103,4/10/2022 11:45:00 PM,-1.99
10103,4/10/2022 11:45:04 PM,-2.43
10103,4/10/2022 11:45:08 PM,-2.47
10103,4/10/2022 11:45:12 PM,-2.67
10103,4/10/2022 11:45:16 PM,-2.21
10103,4/10/2022 11:45:20 PM,-2.68
10103,4/10/2022 11:45:24 PM,-2.68
10103,4/10/2022 11:45:28 PM,-2.21
10103,4/10/2022 11:45:32 PM,-2.68
10103,4/10/2022 11:45:36 PM,-3.36
10103,4/10/2022 11:45:40 PM,-2.46
10103,4/10/2022 11:45:44 PM,-1.99
10103,4/10/2022 11:45:48 PM,-1.32
10103,4/10/2022 11:45:52 PM,-2.46
10103,4/10/2022 11:45:56 PM,-2.44
10103,4/10/2022 11:46:00 PM,-2.00
10103,4/10/2022 11:46:04 PM,-2.22
10103,4/10/2022 11:46:08 PM,-2.68
10103,4/10/2022 11:46:12 PM,-2.00
10103,4/10/2022 11:46:16 PM,-2.32
10103,4/10/2022 11:46:20 PM,-2.47
10103,4/10/2022 11:46:24 PM,-2.68
10103,4/10/2022 11:46:28 PM,-1.77
10103,4/10/2022 11:46:32 PM,-2.66
10103,4/10/2022 11:46:36 PM,-2.00
10103,4/10/2022 11:46:40 PM,-2.46
10103,4/10/2022 11:46:44 PM,-1.54
10103,4/10/2022 11:46:48 PM,-1.99
10103,4/10/2022 11:46:52 PM,-1.99
10103,4/10/2022 11:46:56 PM,-1.99
10103,4/10/2022 11:47:00 PM,-2.67
10103,4/10/2022 11:47:04 PM,-2.68
10103,4/10/2022 11:47:08 PM,-3.13
10103,4/10/2022 11:47:12 PM,-2.69
10103,4/10/2022 11:47:16 PM,-1.77
10103,4/10/2022 11:47:20 PM,-1.76
10103,4/10/2022 11:47:24 PM,-1.99
10103,4/10/2022 11:47:28 PM,-1.99
10103,4/10/2022 11:47:32 PM,-1.99
10103,4/10/2022 11:47:36 PM,-1.31
10103,4/10/2022 11:47:40 PM,-2.46
10103,4/10/2022 11:47:44 PM,-1.99
10103,4/10/2022 11:47:48 PM,-1.99
10103,4/10/2022 11:47:52 PM,-3.14
10103,4/10/2022 11:47:56 PM,-1.78
10103,4/10/2022 11:48:00 PM,-3.35
10103,4/10/2022 11:48:04 PM,-3.36
10103,4/10/2022 11:48:08 PM,-2.46
10103,4/10/2022 11:48:12 PM,-2.67
10103,4/10/2022 11:48:16 PM,-2.68
10103,4/10/2022 11:48:20 PM,-2.29
10103,4/10/2022 11:48:24 PM,-1.99
10103,4/10/2022 11:48:28 PM,-1.99
10103,4/10/2022 11:48:32 PM,-2.90
10103,4/10/2022 11:48:36 PM,-2.68
10103,4/10/2022 11:48:40 PM,-1.99
10103,4/10/2022 11:48:44 PM,-2.89
10103,4/10/2022 11:48:48 PM,-1.32
10103,4/10/2022 11:48:52 PM,-1.99
10103,4/10/2022 11:48:56 PM,-1.99
10103,4/10/2022 11:49:00 PM,-1.99
10103,4/10/2022 11:49:04 PM,-1.53
10103,4/10/2022 11:49:08 PM,-2.44
10103,4/10/2022 11:49:12 PM,-2.68
10103,4/10/2022 11:49:16 PM,-2.46
10103,4/10/2022 11:49:20 PM,-1.99
10103,4/10/2022 11:49:24 PM,-2.67
10103,4/10/2022 11:49:28 PM,-1.99
10103,4/10/2022 11:49:32 PM,-1.99
10103,4/10/2022 11:49:36 PM,-1.99
10103,4/10/2022 11:49:40 PM,-2.46
10103,4/10/2022 11:49:44 PM,-1.54
10103,4/10/2022 11:49:48 PM,-1.99
10103,4/10/2022 11:49:52 PM,-2.92
10103,4/10/2022 11:49:56 PM,-1.99
10103,4/10/2022 11:50:00 PM,-2.67
10103,4/10/2022 11:50:04 PM,-1.99
10103,4/10/2022 11:50:08 PM,-2.44
10103,4/10/2022 11:50:12 PM,-3.36
10103,4/10/2022 11:50:16 PM,-2.46
10103,4/10/2022 11:50:20 PM,-1.99
10103,4/10/2022 11:50:24 PM,-1.99
10103,4/10/2022 11:50:28 PM,-1.99
10103,4/10/2022 11:50:32 PM,-2.90
10103,4/10/2022 11:50:36 PM,-2.68
10103,4/10/2022 11:50:40 PM,-2.43
10103,4/10/2022 11:50:44 PM,-2.92
10103,4/10/2022 11:50:48 PM,-2.00
10103,4/10/2022 11:50:52 PM,-1.75
10103,4/10/2022 11:50:56 PM,-2.68
10103,4/10/2022 11:51:00 PM,-2.00
10103,4/10/2022 11:51:04 PM,-2.21
10103,4/10/2022 11:51:08 PM,-2.68
10103,4/10/2022 11:51:12 PM,-2.00
10103,4/10/2022 11:51:16 PM,-1.99
10103,4/10/2022 11:51:20 PM,-1.99
10103,4/10/2022 11:51:24 PM,-3.35
10103,4/10/2022 11:51:28 PM,-2.46
10103,4/10/2022 11:51:32 PM,-1.99
10103,4/10/2022 11:51:36 PM,-1.99
10103,4/10/2022 11:51:40 PM,-1.99
10103,4/10/2022 11:51:44 PM,-1.99
10103,4/10/2022 11:51:48 PM,-1.99
10103,4/10/2022 11:51:52 PM,-2.46
10103,4/10/2022 11:51:56 PM,-1.99
10103,4/10/2022 11:52:00 PM,-1.99
10103,4/10/2022 11:52:04 PM,-1.53
10103,4/10/2022 11:52:08 PM,-1.99
10103,4/10/2022 11:52:12 PM,-1.99
10103,4/10/2022 11:52:16 PM,-2.50
10103,4/10/2022 11:52:20 PM,-1.99
10103,4/10/2022 11:52:24 PM,-1.99
10103,4/10/2022 11:52:28 PM,-2.46
10103,4/10/2022 11:52:32 PM,-1.99
10103,4/10/2022 11:52:36 PM,-1.99
10103,4/10/2022 11:52:40 PM,-2.46
10103,4/10/2022 11:52:44 PM,-1.99
10103,4/10/2022 11:52:48 PM,-1.31
10103,4/10/2022 11:52:52 PM,-1.53
10103,4/10/2022 11:52:56 PM,-1.99
10103,4/10/2022 11:53:00 PM,-2.67
10103,4/10/2022 11:53:04 PM,-2.46
10103,4/10/2022 11:53:08 PM,-1.99
10103,4/10/2022 11:53:12 PM,-1.32
10103,4/10/2022 11:53:16 PM,-1.99
10103,4/10/2022 11:53:20 PM,-2.44
10103,4/10/2022 11:53:24 PM,-2.00
10103,4/10/2022 11:53:28 PM,-2.21
10103,4/10/2022 11:53:32 PM,-2.23
10103,4/10/2022 11:53:36 PM,-1.99
10103,4/10/2022 11:53:40 PM,-2.21
10103,4/10/2022 11:53:44 PM,-2.23
10103,4/10/2022 11:53:48 PM,-1.99
10103,4/10/2022 11:53:52 PM,-2.21
10103,4/10/2022 11:53:56 PM,-2.68
10103,4/10/2022 11:54:00 PM,-2.00
10103,4/10/2022 11:54:04 PM,-1.99
10103,4/10/2022 11:54:08 PM,-1.54
10103,4/10/2022 11:54:12 PM,-1.31
10103,4/10/2022 11:54:16 PM,-2.21
10103,4/10/2022 11:54:20 PM,-2.23
10103,4/10/2022 11:54:24 PM,-2.67
10103,4/10/2022 11:54:28 PM,-1.99
10103,4/10/2022 11:54:32 PM,-1.99
10103,4/10/2022 11:54:36 PM,-1.99
10103,4/10/2022 11:54:40 PM,-1.99
10103,4/10/2022 11:54:44 PM,-2.44
10103,4/10/2022 11:54:48 PM,-2.00
10103,4/10/2022 11:54:52 PM,-2.21
10103,4/10/2022 11:54:56 PM,-2.24
10103,4/10/2022 11:55:00 PM,-1.99
10103,4/10/2022 11:55:04 PM,-1.99
10103,4/10/2022 11:55:08 PM,-1.99
10103,4/10/2022 11:55:12 PM,-1.99
10103,4/10/2022 11:55:16 PM,-1.99
10103,4/10/2022 11:55:20 PM,-1.54
10103,4/10/2022 11:55:24 PM,-1.99
10103,4/10/2022 11:55:28 PM,-1.53
10103,4/10/2022 11:55:32 PM,-1.99
10103,4/10/2022 11:55:36 PM,-2.67
10103,4/10/2022 11:55:40 PM,-1.99
10103,4/10/2022 11:55:44 PM,-2.44
10103,4/10/2022 11:55:48 PM,-1.32
10103,4/10/2022 11:55:52 PM,-1.77
10103,4/10/2022 11:55:56 PM,-1.75
10103,4/10/2022 11:56:00 PM,-2.67
10103,4/10/2022 11:56:04 PM,-1.75
10103,4/10/2022 11:56:08 PM,-2.68
10103,4/10/2022 11:56:12 PM,-2.00
10103,4/10/2022 11:56:16 PM,-1.99
10103,4/10/2022 11:56:20 PM,-1.99
10103,4/10/2022 11:56:24 PM,-1.99
10103,4/10/2022 11:56:28 PM,-1.53
10103,4/10/2022 11:56:32 PM,-1.99
10103,4/10/2022 11:56:36 PM,-1.32
10103,4/10/2022 11:56:40 PM,-1.78
10103,4/10/2022 11:56:44 PM,-1.76
10103,4/10/2022 11:56:48 PM,-1.99
10103,4/10/2022 11:56:52 PM,-1.99
10103,4/10/2022 11:56:56 PM,-1.55
10103,4/10/2022 11:57:00 PM,-1.99
10103,4/10/2022 11:57:04 PM,-1.53
10103,4/10/2022 11:57:08 PM,-1.55
10103,4/10/2022 11:57:12 PM,-1.98
10103,4/10/2022 11:57:16 PM,-2.68
10103,4/10/2022 11:57:20 PM,-2.23
10103,4/10/2022 11:57:24 PM,-2.67
10103,4/10/2022 11:57:28 PM,-1.78
10103,4/10/2022 11:57:32 PM,-1.75
10103,4/10/2022 11:57:36 PM,-2.67
10103,4/10/2022 11:57:40 PM,-1.53
10103,4/10/2022 11:57:44 PM,-1.55
10103,4/10/2022 11:57:48 PM,-1.99
10103,4/10/2022 11:57:52 PM,-1.53
10103,4/10/2022 11:57:56 PM,-2.44
10103,4/10/2022 11:58:00 PM,-1.32
10103,4/10/2022 11:58:04 PM,-1.75
10103,4/10/2022 11:58:08 PM,-1.78
10103,4/10/2022 11:58:12 PM,-1.98
10103,4/10/2022 11:58:16 PM,-1.99
10103,4/10/2022 11:58:20 PM,-1.99
10103,4/10/2022 11:58:24 PM,-1.99
10103,4/10/2022 11:58:28 PM,-1.78
10103,4/10/2022 11:58:32 PM,-1.76
10103,4/10/2022 11:58:36 PM,-1.99
10103,4/10/2022 11:58:40 PM,-1.99
10103,4/10/2022 11:58:44 PM,-1.99
10103,4/10/2022 11:58:48 PM,-1.32
10103,4/10/2022 11:58:52 PM,-2.46
10103,4/10/2022 11:58:56 PM,-1.99
10103,4/10/2022 11:59:00 PM,-1.99
